0 190.5 422 243.6 122.4
1 671.5 126 85.2 38.4
2 876.5 129 80.4 36
3 782.5 136 85.2 44.4
4 232 166 62.4 52.8
5 819.5 113 63.6 31.2
6 57 325 136.8 88.8
7 181 186 74.4 60
8 57 326 136.8 90
9 163 251 96 57.6
10 163 251 96 57.6
11 790 130 40.8 38.4
12 959.5 145 58.8 38.4
13 950 140 81.6 44.4
14 707.5 113 80.4 26.4
15 508.5 150 106.8 44.4
16 396.5 205 162 74.4
17 378.5 212 188.4 93.6
18 155 297 165.6 112.8
19 765 129 76.8 31.2
20 726 138 103.2 44.4
21 619.5 154 128.4 52.8
22 626 152 48 33.6
23 158 156 48 32.4
24 890 126 48 25.2
25 180.5 188 68.4 50.4
26 204.5 214 106.8 44.4
27 572 138 67.2 38.4
28 865 126 76.8 34.8
29 639.5 110 42 36
30 627.5 129 37.2 33.6
31 451.5 156 133.2 82.8
32 535 175 494.4 160.8
33 162.5 154 51.6 33.6
34 535 175 494.4 160.8
35 281.5 214 154.8 112.8
36 -21.5 350 -51.6 79.2
37 50.5 761 121.2 177.6
38 70 767 168 202.8
39 43 602 103.2 141.6
40 819.5 145 39.6 33.6
41 1094.5 671 217.2 201.6
42 681 359 158.4 146.4
43 686 340 180 134.4
44 951 584 259.2 219.6
45 1050.5 653 262.8 216
46 919.5 129 80.4 36
47 248.5 133 58.8 32.4
48 1264.5 632 75.6 116.4
49 1260 633 86.4 118.8
50 1200 588 208.8 122.4
51 1172 475 206.4 122.4
52 1160 463 192 108
53 1101 567 266.4 163.2
54 816.5 97 56.4 30
55 1012 316 88.8 75.6
56 1012 316 88.8 75.6
57 248.5 272 222 97.2
58 259.5 145 99.6 50.4
59 1069.5 186 54 36
60 1243 736 120 130.8
61 1210 675 266.4 162
62 80 975 192 246
63 1115.5 203 56.4 33.6
64 80.5 961 193.2 189.6
65 760 844 463.2 228
66 149 786 357.6 218.4
67 239 848 228 252
68 818.5 114 42 32.4
69 632 743 506.4 302.4
70 835 699 451.2 248.4
71 192 147 62.4 38.4
72 471.5 844 469.2 318
73 930 777 439.2 241.2
74 1226 814 168 210
75 1234 812 144 80.4
76 12 498 28.8 108
77 75 507 180 112.8
78 75 507 180 112.8
79 194 383 115.2 62.4
80 364.5 551 195.6 150
81 364.5 551 195.6 150
82 510.5 475 154.8 127.2
83 510.5 475 154.8 127.2
84 595.5 307 85.2 69.6
85 904 212 28.8 42
86 904 212 28.8 42
87 162.5 305 231.6 153.6
88 107 580 256.8 261.6
89 210 666 247.2 220.8
90 672 519 741.6 480
91 672 519 741.6 480
92 1087.5 779 142.8 199.2
93 208.5 146 51.6 28.8
94 278 175 100.8 55.2
95 270.5 438 118.8 108
96 447.5 270 99.6 52.8
97 447.5 270 99.6 52.8
98 688.5 272 58.8 61.2
99 688.5 272 58.8 61.2
100 842.5 226 37.2 39.6
101 834.5 224 27.6 32.4
102 854.5 221 37.2 34.8
103 991.5 212 66 58.8
104 978 271 168 105.6
105 109 422 208.8 97.2
106 1052 228 67.2 55.2
107 1098 205 52.8 33.6
108 1231 763 156 190.8
109 173.5 526 284.4 158.4
110 -12.5 319 -30 64.8
111 301 299 441.6 273.6
112 -14.5 349 -34.8 80.4
113 163 221 103.2 69.6
114 827.5 133 66 36
115 262.5 209 106.8 51.6
116 -14 354 -33.6 64.8
117 996 249 96 122.4
118 854.5 110 51.6 27.6
119 62.5 274 78 72
120 -14.5 318 -34.8 51.6
121 750 263 184.8 105.6
122 -12 353 -28.8 55.2
123 799.5 152 58.8 39.6
124 1035 177 62.4 40.8
125 1026.5 189 75.6 57.6
126 1099.5 186 102 76.8
127 252 625 192 226.8
128 888.5 213 214.8 90
129 1051.5 362 147.6 105.6
130 1051.5 362 147.6 105.6
131 1070 196 88.8 55.2
132 -11.5 350 -27.6 72
133 785 108 86.4 30
134 871.5 145 68.4 32.4
135 381 267 156 55.2
136 767 260 261.6 121.2
137 872 209 151.2 68.4
138 918 276 144 80.4
139 279.5 143 66 44.4
140 867 108 64.8 24
141 -19.5 342 -46.8 61.2
142 -12 356 -28.8 88.8
143 -15 338 -36 55.2
144 256.5 341 166.8 82.8
145 -14.5 358 -34.8 63.6
146 1274.5 538 51.6 86.4
147 178.5 906 428.4 262.8
148 -24.5 357 -58.8 57.6
149 110.5 159 133.2 52.8
150 110.5 159 133.2 52.8
151 -12.5 310 -30 102
152 681 92 48 27.6
153 677.5 92 44.4 26.4
154 1275.5 516 49.2 112.8
155 -14 333 -33.6 49.2
156 -18 323 -43.2 75.6
157 908.5 146 54 39.6
158 -16.5 336 -39.6 54
