8 5 2 1
8 10 2 2
8 73 2 1
8 103 2 1
8 143 2 1
8 171 2 1
8 170 2 1
8 190 2 1
8 211 2 1
8 267 2 1
8 289 2 2
8 319 2 1
8 340 2 1
8 380 2 1
8 414 2 1
8 458 2 1
8 504 2 1
8 530 2 1
8 572 2 1
8 610 2 1
8 632 2 1
8 853 4 1
8 784 2 1
8 812 2 2
8 1881 2 1
8 1225 4 1
8 1330 2 1
8 1337 2 1
8 1779 2 1
8 1922 2 1
8 1836 2 1
8 1862 2 2
8 1950 2 1
8 2002 2 1
8 2021 2 1
8 1955 2 1
8 2047 2 1
8 2010 2 1
8 2067 2 1
8 2036 2 1
8 2106 2 1
8 2128 2 1
8 2072 2 1
8 2132 2 1
8 2187 2 1
8 2221 2 1
8 2259 2 1
8 2224 2 1
8 2289 2 1
8 2310 2 1
8 2287 2 1
8 2358 2 1
8 2375 2 1
8 2410 2 1
8 2381 2 1
8 2370 2 2
8 2459 2 1
8 2415 2 1
8 2480 2 1
8 2500 2 1
8 2450 2 1
8 2496 2 1
8 2546 2 1
8 2570 2 1
8 2583 2 1
8 3430 2 1
8 2588 2 2
8 2601 2 2
8 2595 2 1
8 3280 4 1
8 3394 4 1
8 3481 2 1
8 3578 2 1
8 3606 2 1
8 3525 2 2
8 3556 2 2
8 3644 2 1
8 3573 2 2
8 3628 2 1
8 3707 2 1
8 3841 2 1
8 3829 2 1
8 3843 2 1
8 3931 2 1
8 3884 2 2
8 3904 2 2
8 3970 2 1
8 3935 2 1
8 3997 2 1
8 4005 2 1
8 3967 2 1
8 4106 2 1
8 4117 2 1
8 4094 2 2
8 4101 2 1
8 4170 2 1
8 4186 2 1
8 4176 2 1
8 4222 2 1
8 4218 2 1
8 4226 2 1
8 4409 2 1
8 4435 2 1
8 4499 2 1
8 4456 2 1
8 4461 2 1
8 4460 2 1
8 4462 2 1
8 4528 2 1
8 4566 2 1
8 4777 4 1
8 4557 2 1
8 4574 2 1
8 4590 2 1
8 4700 2 2
8 4704 2 1
8 4972 2 1
8 4943 4 1
8 4995 2 2
8 5311 4 1
8 5302 2 1
8 5467 2 1
8 5573 2 1
8 5514 2 1
8 5598 2 1
8 5635 2 1
8 5588 2 1
8 5639 2 1
8 5738 2 1
8 5693 2 1
8 5792 2 1
8 5768 2 1
8 5842 2 1
8 5767 2 1
8 5857 2 1
8 5904 2 1
8 5882 2 1
8 5975 2 1
8 6010 2 1
8 6062 2 1
8 6047 2 2
8 6088 2 1
8 6144 2 1
8 6178 2 1
8 6254 2 1
8 6221 2 1
8 6217 2 2
8 6277 2 1
8 6265 2 1
8 6403 2 1
8 6359 2 1
8 6430 2 1
8 7422 2 1
8 7493 2 1
8 6763 2 2
8 6764 2 1
8 6779 2 1
8 7393 2 1
8 7505 2 1
8 7530 2 1
8 7476 2 1
8 7583 2 1
8 7621 2 1
8 7652 2 1
8 7710 2 1
8 7693 2 1
8 7782 2 1
8 7743 2 1
8 7774 2 1
8 7776 2 2
8 7887 2 1
8 7919 2 1
8 7945 2 1
8 7897 2 1
8 7996 2 1
8 7936 2 1
8 8013 2 1
8 7979 2 1
8 8037 2 1
8 8017 2 1
8 8016 2 1
8 8063 2 1
8 8106 2 1
8 8130 2 1
8 8201 2 1
8 8232 2 1
8 8204 2 1
8 8255 2 1
8 8235 2 1
8 8278 2 1
8 8305 2 1
8 8327 2 2
8 8500 2 1
8 8589 2 2
8 8643 2 1
8 8691 2 1
8 8746 4 1
8 8787 4 1
8 8831 4 1
8 8923 4 1
8 8913 2 1
8 9026 4 1
8 9028 2 1
8 9193 4 1
8 9409 2 1
8 9420 2 1
8 9430 2 2
8 9517 2 1
8 9532 2 1
8 9482 2 1
8 9574 2 1
8 9600 2 1
8 9622 2 1
8 9553 2 1
8 9636 2 1
8 9744 2 1
8 9675 2 2
8 9689 2 2
8 9703 2 2
8 9722 2 1
8 9811 2 1
8 9785 2 1
8 9798 2 1
8 9841 2 1
8 9921 2 1
8 9937 2 1
8 9964 2 1
8 9970 2 1
8 9942 2 1
8 10103 2 1
8 10032 2 1
8 10076 2 1
8 10129 2 1
8 10079 2 1
8 10180 2 1
8 10206 2 1
8 10182 2 1
8 10308 2 1
8 10281 2 1
8 10352 2 1
8 10309 2 2
8 10353 2 1
8 10470 2 1
8 10761 2 1
8 10910 2 1
8 10840 2 2
8 10872 2 2
8 10911 2 1
8 11310 2 1
8 11382 2 2
8 11355 2 2
8 11429 2 1
8 11503 2 1
8 11444 2 2
8 11543 2 1
8 11562 2 1
8 11607 2 1
8 11589 2 1
8 11669 2 1
8 11614 2 1
8 11612 2 1
8 11618 2 1
8 11695 2 1
8 11641 2 1
8 11638 2 1
8 11791 2 1
8 11782 2 1
8 11792 2 1
8 11816 2 1
8 11852 2 1
8 11894 2 1
8 11927 2 1
8 12017 2 1
8 12006 2 1
8 12005 2 1
8 12138 2 1
8 12092 2 1
8 12175 2 1
8 12138 2 1
8 12205 2 1
8 12219 2 1
8 12175 2 1
8 12265 2 1
8 12220 2 1
8 12270 2 1
8 12315 2 1
8 12627 4 1
8 13350 2 1
8 13384 2 1
8 13377 2 2
8 13401 2 1
8 13406 2 1
8 13429 2 2
8 13454 2 1
8 13491 2 1
8 13528 2 2
8 13618 2 1
8 13590 2 1
8 13633 2 1
8 13658 2 1
8 13704 2 1
8 13813 2 1
8 13860 2 1
8 13801 2 1
8 13883 2 1
8 13985 2 1
8 13934 2 1
8 13934 2 1
8 14012 2 1
8 14066 2 1
8 14110 2 1
8 14140 2 1
8 14097 2 1
8 14162 2 1
8 14168 2 1
8 14160 2 1
8 14398 2 1
8 14188 2 1
8 14508 4 1
8 14768 4 1
8 15266 2 2
8 15273 2 1
8 15295 2 2
8 15320 2 1
8 15333 2 1
8 15327 2 1
8 15374 2 1
8 15427 2 1
8 15400 2 1
8 15486 2 1
8 15466 2 2
8 15600 2 1
8 15573 2 2
8 15603 2 1
8 15622 2 1
8 15682 2 1
8 15772 2 1
8 15773 2 1
8 15828 2 1
8 15863 2 1
8 15886 2 2
8 15908 2 1
8 15944 2 1
8 15996 2 1
8 15942 2 1
8 15981 2 1
8 15984 2 1
8 15983 2 1
8 16010 2 1
8 16026 2 1
8 16030 2 1
8 16054 2 1
8 16122 2 1
8 16111 2 1
8 16167 2 1
8 16140 2 1
8 16192 2 1
8 16170 2 1
8 16225 2 2
8 16222 2 2
8 16226 2 1
8 16234 2 1
8 16382 2 1
8 17279 2 1
8 16947 2 1
8 16937 2 1
8 17113 4 1
8 17202 2 1
8 17230 2 1
8 17259 2 2
8 17282 2 1
8 17402 2 1
8 17349 2 2
8 17347 2 1
8 17450 2 1
8 17473 2 1
8 17431 2 1
8 17470 2 1
8 17503 2 1
8 17552 2 1
8 17555 2 1
8 17722 2 1
8 17660 2 1
8 17685 2 2
8 17762 2 1
8 17780 2 1
8 17783 2 1
8 17852 2 1
8 17830 2 1
8 17910 2 1
8 17932 2 1
8 17930 2 2
8 17951 2 1
8 18048 2 1
8 18004 2 1
8 18097 2 1
8 18051 2 1
8 18076 2 1
8 18075 2 1
8 18147 2 1
8 18116 2 1
8 18136 2 1
8 18135 2 1
8 18149 2 1
8 18419 4 1
8 18371 2 1
8 18465 4 1
8 18414 2 1
8 18461 2 1
8 18730 4 1
8 19201 2 1
8 19122 2 1
8 19106 2 1
8 19150 2 1
8 19140 2 1
8 19182 2 1
8 19271 2 1
8 19235 2 1
8 19313 2 1
8 19382 2 1
8 19364 2 1
8 19341 2 1
8 19413 2 1
8 19362 2 1
8 19380 2 1
8 19445 2 1
8 19464 2 1
8 19417 2 1
8 19449 2 1
8 19462 2 1
8 19528 2 1
8 19490 2 2
8 19568 2 1
8 19532 2 1
8 19581 2 1
8 19632 2 2
8 19642 2 2
8 19719 2 1
8 19671 2 1
8 19742 2 1
8 19774 2 1
8 19745 2 1
8 19744 2 1
8 19777 2 1
8 19776 2 1
8 19817 2 1
8 19860 2 1
8 19866 2 1
8 19846 2 1
8 19844 2 1
8 19861 2 1
8 19902 2 1
8 20033 2 1
8 20038 2 2
8 20039 2 1
8 20111 2 1
8 20147 2 1
8 20126 2 1
8 20141 2 1
8 20319 2 1
8 20349 2 2
8 20492 2 2
8 20578 4 1
8 20546 2 1
8 20580 2 1
8 20861 4 1
8 20931 4 1
8 20863 2 1
8 21229 2 1
8 21151 2 1
8 21247 2 1
8 21190 2 1
8 21198 2 1
8 21287 2 1
8 21306 2 1
8 21331 2 1
8 21285 2 1
8 21372 2 2
8 21333 2 1
8 21477 2 1
8 21518 2 1
8 21496 2 1
8 21506 2 1
8 21582 2 1
8 21525 2 1
8 21562 2 1
8 21628 2 1
8 21658 2 1
8 21719 2 1
8 21689 2 1
8 21749 2 1
8 21776 2 1
8 21722 2 1
8 21825 2 1
8 21779 2 1
8 21854 2 1
8 21829 2 1
8 21890 2 1
8 21910 2 1
8 21893 2 1
8 21892 2 1
8 21917 2 2
8 21958 2 1
8 21977 2 1
8 21939 2 1
8 21961 2 1
8 21960 2 1
8 22032 2 1
8 22091 2 1
8 22063 2 1
8 22094 2 1
8 23023 2 1
8 22254 2 1
8 22272 2 1
8 22312 2 1
8 22540 2 1
8 22892 4 1
8 23137 2 1
8 23061 2 1
8 23080 2 1
8 23160 2 1
8 23248 2 1
8 23217 2 2
8 23241 2 2
8 23342 2 2
8 23397 2 1
8 23445 2 1
8 23386 2 1
8 23458 2 1
8 23463 2 1
8 23533 2 1
8 23572 2 1
8 23603 2 1
8 23773 2 1
8 23727 2 2
8 23822 2 1
8 23794 2 1
8 23857 2 1
8 23861 2 1
8 23913 2 1
8 23885 2 1
8 23941 2 1
8 23914 2 1
8 23970 2 1
8 23943 2 1
8 24030 2 1
8 24053 2 1
8 24246 2 1
8 24209 2 2
8 24271 2 1
8 25024 2 1
8 24310 2 1
8 24379 4 1
8 24690 2 1
8 24775 2 1
8 24958 2 1
8 24962 2 1
8 25084 2 1
8 25004 2 1
8 25115 2 1
8 25027 2 1
8 25049 2 1
8 25135 2 1
8 25161 2 1
8 25191 2 1
8 25137 2 2
8 25138 2 1
8 25218 2 1
8 25164 2 1
8 25246 2 1
8 25190 2 1
8 25271 2 1
8 25305 2 1
8 25360 2 1
8 25276 2 1
8 25366 2 1
8 25323 2 1
8 25333 2 1
8 25440 2 1
8 25442 2 1
8 25386 2 2
8 25417 2 1
8 25477 2 1
8 25497 2 1
8 25561 2 1
8 25532 2 2
8 25585 2 1
8 25564 2 1
8 25619 2 1
8 25588 2 1
8 25587 2 1
8 25621 2 2
8 25620 2 1
8 25632 2 2
8 25710 2 1
8 25727 2 1
8 25687 2 2
8 25691 2 1
8 25750 2 1
8 25717 2 1
8 25731 2 1
8 25733 2 1
8 25808 2 1
8 25753 2 1
8 25787 2 1
8 25810 2 1
8 25809 2 1
8 25877 2 1
8 25841 2 2
8 25896 2 1
8 25945 2 1
8 25890 2 1
8 25970 2 1
8 26918 2 1
8 25954 2 1
8 26929 2 1
8 26158 2 2
8 26231 2 1
8 26229 2 1
8 26273 2 1
8 26278 2 1
8 26360 4 1
8 26306 2 2
8 26465 4 1
8 26472 2 1
8 26629 4 1
8 26926 2 2
8 26952 2 1
