0 58 1558 1
1 8 48 1
2 11 17 1
3 8 59 1
4 35 372 1
5 8 70 1
6 8 4 1
7 25 258 1
9 10 10 1
6 8 9 2
9 10 34 1
3 8 65 1
2 8 100 1
3 11 43 1
5 10 97 1
12 41 455 1
12 13 52 1
2 14 89 1
6 8 72 1
9 10 84 1
3 17 114 1
2 10 155 1
3 11 82 1
9 8 102 1
2 19 122 1
9 10 120 1
15 8 142 1
16 10 126 1
2 19 141 1
18 8 135 1
18 8 134 2
1 8 166 1
9 10 154 1
20 8 186 1
2 8 207 1
9 10 153 1
5 8 227 1
6 8 170 1
12 43 479 1
9 10 176 1
6 8 169 1
2 19 192 1
2 8 247 1
6 8 189 1
9 10 197 1
2 8 266 1
6 8 210 1
21 8 234 1
9 10 213 1
20 8 251 1
2 8 294 1
21 22 219 1
18 8 229 2
9 10 235 1
1 8 271 1
2 24 238 1
7 23 236 1
7 23 255 1
3 11 249 1
9 10 256 1
2 26 308 1
20 8 288 1
7 23 279 1
7 26 258 1
7 25 372 1
2 24 269 1
6 8 266 1
9 10 277 1
5 19 282 1
2 28 290 1
21 27 283 1
7 23 283 1
20 8 323 1
7 23 307 1
6 8 288 2
9 10 308 1
3 19 302 1
1 8 340 1
2 28 314 2
2 28 323 1
7 23 319 1
6 8 318 1
9 10 329 1
5 8 373 1
3 19 331 2
3 19 335 1
1 29 343 1
9 10 363 1
3 17 370 2
6 8 339 1
21 30 343 1
31 35 368 2
2 28 365 1
32 34 361 1
33 23 361 1
2 28 368 1
32 26 370 1
6 36 375 1
9 10 374 1
5 8 434 1
3 8 412 1
9 8 379 1
4 61 937 1
7 25 473 1
9 10 401 1
2 24 406 1
2 8 475 1
12 44 537 1
33 23 421 1
6 8 413 1
9 10 420 1
2 8 484 1
37 38 427 1
20 8 457 1
33 23 425 1
37 63 1572 1
9 10 446 1
33 23 448 1
2 34 466 1
3 40 450 1
39 59 1535 1
9 10 460 1
6 8 457 1
33 23 465 1
1 8 499 1
9 10 474 1
2 14 497 1
42 41 501 2
2 8 527 1
7 8 694 1
33 23 490 1
42 43 484 1
9 10 492 1
6 8 503 1
9 10 509 1
33 23 504 1
2 11 520 1
32 8 540 1
2 8 580 1
9 10 518 1
3 8 557 1
33 23 524 1
2 8 572 1
6 8 529 1
9 10 546 1
33 23 557 1
45 41 546 1
2 10 602 1
9 10 563 1
2 8 627 1
6 8 571 1
9 10 598 1
33 23 600 1
9 8 609 1
2 10 1773 1
46 19 683 1
9 10 619 1
47 59 972 1
33 23 610 1
6 8 631 1
9 10 645 1
3 11 641 1
2 28 645 1
20 34 866 1
9 10 676 1
7 25 663 1
33 8 852 1
48 49 672 1
50 8 775 1
51 34 733 1
46 54 762 1
48 49 701 1
50 35 783 1
48 49 709 1
20 34 716 2
51 52 798 1
45 53 717 2
9 10 731 1
32 34 770 1
46 24 824 1
2 28 746 1
9 10 741 1
9 10 752 1
51 52 755 1
2 28 766 1
51 59 833 1
18 8 766 2
6 8 783 1
9 10 777 1
2 28 1658 1
55 56 777 1
57 8 811 2
20 34 794 2
51 58 874 1
47 58 800 1
47 58 812 1
9 10 807 1
4 58 831 1
46 8 1880 1
5 54 850 1
4 58 836 1
20 34 847 2
9 10 863 1
20 34 963 1
47 63 1002 1
32 58 970 1
20 34 889 1
9 10 882 1
9 10 914 1
9 10 939 1
47 63 1054 1
45 41 930 1
60 61 942 1
9 10 952 1
9 10 957 1
32 58 1047 1
20 34 975 2
9 10 977 1
20 34 1503 1
62 65 1029 1
9 10 986 1
62 64 1010 1
9 10 1008 1
9 10 1029 1
9 10 1031 1
9 10 1040 1
9 10 1050 1
62 65 1115 1
9 10 1070 1
66 38 1066 1
9 10 1089 1
20 34 1081 2
66 67 1093 1
9 10 1095 1
5 68 1109 1
20 34 1118 2
69 70 1130 1
20 34 1126 2
45 41 1140 1
9 10 1155 1
33 8 1224 1
32 58 1240 1
9 10 1165 1
9 10 1180 1
4 61 1246 1
9 10 1186 1
9 10 1195 1
9 10 1233 1
9 10 1263 1
60 61 1245 1
20 34 1265 2
9 10 1306 1
71 8 1327 1
20 34 1275 2
62 70 1356 1
37 38 1329 1
6 8 1329 1
9 10 1344 1
6 8 1336 1
69 72 1336 2
9 10 1367 1
73 70 1364 2
9 10 1384 1
20 34 1383 2
74 75 1383 1
9 10 1396 1
20 34 1393 2
9 10 1405 1
9 10 1416 1
20 34 1413 2
9 10 1423 1
9 10 1449 1
76 58 1595 1
9 10 1488 1
20 34 1459 2
39 59 1560 1
33 23 1476 1
77 78 1476 1
33 23 1572 1
0 79 1486 1
9 10 1544 1
37 63 1605 1
20 34 1518 1
39 59 1597 1
80 81 1510 1
20 34 1523 2
82 83 1517 1
20 34 1637 1
20 34 1544 2
37 63 1629 1
39 59 1630 1
9 10 1551 1
20 34 1567 2
39 59 1653 1
37 63 1657 1
9 10 1574 1
20 34 1576 2
9 10 1590 1
37 63 1679 1
9 10 1617 1
20 34 1593 1
20 34 1605 1
39 59 1701 1
20 34 1623 1
37 63 1705 1
9 10 1638 1
20 34 1704 1
39 59 1721 1
9 10 1658 1
77 84 1676 1
37 63 1748 1
2 28 1675 1
9 10 1710 1
20 34 1675 1
2 28 1728 1
39 59 1758 1
37 63 1771 1
20 34 1697 2
85 86 1701 1
20 34 1735 2
71 35 1841 1
39 59 1784 1
37 63 1800 1
9 10 1730 1
20 34 1717 2
1 22 1751 1
2 8 1853 1
9 10 1733 1
39 59 1805 1
37 63 1818 1
1 34 1768 2
9 10 1768 1
21 35 1802 1
39 59 1827 1
3 19 1763 1
37 63 1839 1
1 14 1787 1
9 8 1778 1
32 34 1772 1
2 28 1793 1
21 22 1776 1
9 10 1798 1
31 17 1783 2
39 59 1849 1
37 63 1865 1
1 34 1824 1
16 87 1810 1
31 17 1804 1
9 87 1825 1
5 11 1809 1
39 59 1870 1
37 63 1885 1
32 35 1809 1
2 8 1913 1
57 10 1820 1
46 8 1921 1
9 10 1835 1
39 59 1893 1
6 8 1835 1
16 35 1839 1
37 63 1912 1
16 8 1859 2
1 8 1898 1
4 58 1850 1
4 58 2250 1
6 8 1861 2
39 59 1923 1
2 8 1948 1
46 8 1949 1
37 63 1936 1
9 10 1882 1
46 87 1968 1
39 59 1950 1
37 63 1963 1
9 10 1906 1
37 63 1986 1
9 10 1932 1
46 8 2001 1
2 28 1927 1
3 8 1986 1
9 10 1935 1
46 8 2020 1
6 8 1954 1
37 63 2022 1
39 88 1953 2
9 10 1962 1
77 59 2005 1
2 8 2041 1
18 8 1973 2
21 34 1969 1
37 63 2046 1
46 8 2046 1
15 8 2009 1
9 10 1988 1
39 59 2040 1
2 8 2064 1
46 8 2066 1
66 63 2075 1
39 59 2067 1
39 88 2008 1
2 8 2085 1
9 10 2027 1
2 28 2019 1
37 63 2086 1
5 68 2029 1
6 8 2035 1
46 8 2105 1
18 8 2040 1
9 10 2050 1
39 59 2107 1
21 8 2092 1
37 63 2105 1
2 10 2119 1
46 8 2127 1
6 8 2071 1
9 10 2072 1
39 59 2126 1
9 10 2088 1
46 10 2163 1
39 59 2149 1
18 10 2118 1
39 59 2164 1
6 8 2131 1
9 10 2146 1
46 8 2186 1
39 88 2140 1
77 59 2182 1
18 8 2158 1
46 8 2220 1
39 59 2213 1
9 10 2178 1
46 87 2268 2
2 24 2176 1
2 28 2186 1
9 10 2212 1
5 14 2209 1
46 8 2258 1
37 72 2230 2
89 88 2210 1
20 34 2218 1
9 10 2246 1
6 8 2223 1
21 34 2232 1
71 58 2255 1
46 8 2288 1
21 22 2235 1
31 34 2239 1
90 91 2246 2
90 63 2313 2
2 28 2259 1
46 8 2309 1
33 23 2255 1
9 10 2253 1
66 67 2258 2
37 63 2345 1
69 70 2283 1
39 59 2317 1
32 8 2334 1
2 17 2331 1
47 58 2438 1
4 58 2575 1
45 41 2280 1
39 59 2330 1
71 93 2768 1
7 25 2318 1
6 8 2286 1
9 10 2287 1
45 41 2291 1
46 8 2357 1
9 10 2300 1
2 34 2345 1
9 10 2317 1
9 10 2319 1
46 8 2374 1
7 25 2341 1
62 92 2366 1
9 10 2339 1
2 17 2389 1
37 63 2395 1
62 64 2344 1
7 25 2368 1
9 10 2348 1
46 8 2409 1
2 28 2349 1
9 10 2362 1
15 8 2380 1
37 63 2418 1
5 8 2441 1
2 87 2447 1
6 8 2369 2
74 75 2377 1
47 58 2464 1
7 25 2398 1
9 10 2395 1
2 14 2416 1
46 8 2458 1
9 8 2414 1
7 25 2423 1
2 34 2453 1
9 10 2419 1
9 10 2424 1
46 8 2479 1
32 8 2475 1
7 25 2441 1
20 14 2429 1
9 10 2440 1
9 10 2441 1
2 68 2449 1
57 87 2445 1
46 8 2499 1
47 58 2450 1
7 25 2506 1
6 8 2449 1
47 58 2452 1
9 10 2460 1
15 8 2495 1
47 58 2473 1
20 8 2520 1
47 58 2494 1
18 8 2476 1
2 10 2536 1
9 10 2477 1
47 58 2484 1
46 8 2545 1
47 58 2556 1
9 10 2505 1
2 8 2566 1
47 58 2524 1
7 25 2552 1
46 8 2569 1
9 10 2532 1
47 58 2542 1
5 14 2548 1
46 8 2582 1
18 8 2546 1
9 10 2552 1
47 58 2574 1
2 40 2556 1
37 63 3145 1
1 34 2555 1
7 25 2576 1
18 87 2576 1
1 58 2645 1
47 63 2751 1
32 34 2573 1
1 34 2568 1
32 34 2575 2
46 8 3429 1
2 28 2573 1
32 17 2582 1
4 59 2982 1
31 35 2591 1
7 8 2897 1
6 8 2587 2
57 10 2595 1
9 8 2600 2
47 58 2619 1
6 8 2594 1
9 10 2623 1
46 11 3389 1
9 10 2629 1
9 10 2713 1
47 58 2631 1
47 58 2635 1
47 63 2786 1
46 13 2720 1
33 23 2854 1
9 10 2716 1
9 10 2725 1
46 13 2726 2
46 13 2738 2
9 10 2733 1
2 13 2757 1
9 10 2743 1
46 13 2751 2
51 63 2857 1
71 93 2777 1
9 10 2771 1
4 93 2781 1
48 49 2774 1
2 28 2778 2
50 8 2864 1
2 28 2845 2
9 10 2843 1
4 58 2794 1
4 17 2877 1
47 58 2800 1
46 13 2809 2
46 13 2828 2
46 13 2884 2
94 35 2842 1
0 95 2842 1
2 28 2852 2
9 10 2861 1
33 23 2856 1
7 8 2939 1
16 44 2916 1
4 35 2892 1
96 97 2884 1
46 13 2886 1
9 10 2904 1
94 35 2901 1
51 63 3037 1
16 17 2913 1
45 41 2922 1
9 10 2939 1
9 10 2943 1
9 10 2950 1
48 49 2959 1
9 10 2969 1
50 8 3053 1
9 10 2989 1
9 10 3011 1
9 10 3030 1
20 19 3045 1
9 10 3053 1
39 59 3170 1
0 95 3051 1
0 95 3063 1
9 10 3073 1
39 88 3067 1
37 63 3173 1
2 28 3084 1
90 84 3088 1
98 99 3095 1
32 101 3105 1
9 10 3115 1
100 102 3108 1
37 63 3205 1
39 59 3201 1
20 19 3124 1
80 88 3128 1
9 10 3172 1
80 81 3129 1
33 8 3279 1
39 59 3219 1
37 63 3241 1
37 63 3264 1
37 38 3179 1
77 59 3254 1
9 10 3198 1
9 10 3207 1
37 63 3282 1
9 10 3226 1
39 59 3300 1
9 10 3252 1
37 63 3325 1
39 59 3339 1
9 10 3296 1
37 63 3344 1
33 8 3393 1
39 88 3312 1
37 63 3376 1
9 10 3326 1
77 59 3379 1
39 103 3377 1
9 10 3349 1
37 63 3414 2
89 88 3343 1
80 83 3351 1
39 59 3413 1
9 10 3367 1
21 8 3421 1
39 59 3431 1
3 11 3372 2
3 11 3374 2
37 104 3432 1
3 34 3498 2
2 28 3389 2
37 38 3388 1
3 11 3391 1
80 81 3391 1
9 10 3404 1
82 83 3407 2
20 19 3404 1
20 8 3475 1
42 104 3429 2
39 59 3476 1
76 59 3495 1
37 63 3493 1
9 10 3436 1
3 11 3430 2
39 88 3437 1
0 105 3437 1
3 11 3444 2
9 10 3447 1
0 87 3579 1
106 104 3445 1
107 63 3444 1
9 10 3454 1
37 63 3522 1
9 10 3463 1
2 28 3458 1
39 59 3518 1
20 34 3466 2
6 8 3480 1
15 34 3473 2
46 8 3577 1
9 10 3479 1
21 34 3479 2
31 17 3517 1
9 10 3507 1
32 27 3485 2
31 34 3503 2
39 59 3553 1
16 17 3501 1
18 87 3511 1
39 59 3581 1
46 8 3605 1
62 92 3552 1
18 87 3516 2
37 63 3575 1
2 28 3528 1
3 8 3600 1
6 8 3524 2
62 64 3527 1
5 68 3532 1
5 11 3543 1
6 8 3555 2
33 25 3692 1
39 88 3556 1
39 59 3605 1
46 8 3643 1
60 108 3561 1
2 28 3569 1
1 10 3615 1
37 63 3656 2
9 10 3571 1
6 8 3572 2
9 10 3583 1
46 34 3639 1
9 10 3597 1
20 8 3659 1
46 28 3605 1
0 79 3632 1
39 59 3656 1
18 8 3613 1
33 23 3653 1
9 10 3609 2
2 28 3616 1
0 79 3612 1
9 8 3627 1
39 59 3670 1
37 63 3679 1
3 8 3679 1
9 10 3624 1
46 8 3706 1
0 95 3849 1
21 34 3632 1
18 8 3638 1
32 17 3651 2
9 10 3640 1
16 8 3674 1
5 28 3649 2
5 8 3725 2
37 63 3716 1
33 23 3685 1
1 14 3668 1
9 10 3673 1
37 63 3736 1
39 88 3680 1
109 59 3723 1
2 8 3769 1
7 25 3712 1
18 87 3710 1
33 23 3702 1
9 10 3713 1
2 19 3745 1
46 24 3799 2
7 25 3790 1
33 23 3771 1
0 79 3734 1
9 10 3737 1
39 59 3794 1
20 19 3746 1
20 34 3753 1
9 10 3758 1
1 34 3756 1
46 8 3840 1
39 59 3815 1
6 110 3774 1
9 10 3768 1
21 34 3772 1
9 10 3772 1
33 23 3787 1
9 10 3780 1
32 17 3790 1
57 35 3791 2
2 8 3876 1
18 8 3818 2
71 87 3875 1
12 111 3880 2
16 8 3821 1
33 23 3862 1
6 8 3828 1
2 28 3820 2
9 10 3827 1
39 59 3877 1
6 8 3842 1
9 10 3862 1
0 95 4168 1
21 34 3851 1
46 8 3930 1
2 29 3890 1
1 58 3962 1
33 23 3866 1
2 8 3957 1
6 8 3883 2
20 14 3880 1
18 87 3880 1
1 29 3887 1
51 63 4025 1
6 8 3903 2
7 25 4029 1
33 23 3926 1
46 8 3969 1
31 8 3934 1
9 10 3916 1
39 59 3981 1
109 88 3923 1
90 111 3934 1
9 10 3943 1
46 8 3996 1
33 23 4029 1
46 8 4004 1
6 8 3966 1
9 10 3967 1
2 8 4044 2
9 10 3984 1
0 79 3977 1
2 28 3983 1
12 14 4026 2
3 34 4001 2
9 10 4010 1
3 19 4010 1
3 34 4013 2
1 17 4043 2
5 8 4087 1
51 63 4117 1
9 10 4028 1
0 79 4022 1
16 17 4028 2
1 34 4032 1
2 27 4074 1
9 10 4035 2
16 87 4043 2
33 25 4042 1
46 8 4105 1
57 111 4044 2
18 8 4050 2
7 25 4047 1
57 111 4047 2
18 112 4068 2
7 25 4073 1
33 23 4200 1
2 8 4137 1
9 10 4072 1
32 30 4069 1
46 11 4094 1
7 10 4549 1
0 79 4080 1
31 8 4116 1
6 8 4093 2
3 8 4141 1
6 8 4100 1
2 34 4129 1
46 8 4169 1
9 10 4115 1
9 10 4124 1
46 8 4185 1
1 30 4134 1
0 79 4129 1
21 30 4132 1
18 8 4135 2
2 87 4206 1
9 10 4145 1
15 8 4175 1
37 63 4192 1
0 58 5165 1
46 8 4221 1
9 10 4171 1
2 8 4251 1
9 10 4185 1
9 10 4199 1
33 23 4251 1
9 8 4217 1
46 87 4254 1
12 44 4410 1
6 8 4225 1
2 40 4224 2
3 8 4267 2
2 8 4296 1
9 10 4236 1
37 63 4280 1
18 8 4259 1
16 8 4275 1
33 23 4260 1
0 79 4264 1
46 68 4278 1
2 8 4340 1
9 10 4282 1
33 23 4273 1
3 14 4286 1
94 35 4279 1
33 23 4287 1
20 8 4322 1
5 58 4388 1
33 23 4311 1
9 10 4310 1
7 25 4297 1
33 23 4327 1
9 10 4327 1
2 68 4328 1
33 23 4348 1
3 19 4335 1
9 10 4340 1
2 8 4412 1
21 8 4370 1
33 23 4361 1
9 10 4352 1
7 25 4354 1
46 8 4408 1
9 10 4361 1
2 24 4437 1
9 10 4396 1
0 79 4379 1
33 23 4383 1
46 8 4434 1
71 58 4612 1
33 23 4392 1
9 10 4398 1
33 23 4403 1
2 8 4461 1
9 10 4423 1
7 25 4419 1
2 11 4428 1
7 23 4430 1
7 25 4429 1
2 8 4488 1
3 19 4431 1
3 19 4435 1
7 23 4442 1
9 10 4443 1
20 19 4434 1
46 8 4498 1
32 34 4444 1
31 34 4449 1
31 17 4448 1
16 17 4453 1
32 35 4455 1
7 25 4461 1
57 35 4457 1
6 8 4455 1
9 8 4460 1
6 8 4459 1
9 10 4461 1
6 8 4461 1
21 22 4467 1
9 10 4476 1
46 8 4527 1
7 25 4479 1
2 30 5384 1
7 25 4499 1
9 10 4517 1
7 25 4507 1
33 23 4513 1
7 23 4528 1
46 17 5422 1
0 79 4522 1
7 25 4544 1
18 8 4529 1
9 10 4536 1
33 23 4531 1
7 25 4536 1
2 28 4576 1
7 25 4555 1
9 8 4565 1
33 8 4776 1
6 8 4556 1
71 41 4893 1
113 8 4579 1
46 24 4584 1
6 8 4573 1
2 28 5401 1
3 19 4592 1
4 58 4589 1
48 49 4583 1
51 58 4673 1
6 8 4589 1
50 8 4667 1
2 28 4591 1
9 10 4597 1
4 58 4603 1
3 19 4609 1
9 10 4603 1
4 58 4686 1
9 10 4647 1
20 19 4680 1
46 13 4621 1
4 58 4625 1
33 23 4658 1
46 11 5447 1
50 8 4705 1
7 25 4635 1
4 58 4706 1
48 49 4651 1
50 8 4738 1
48 49 4659 1
7 8 4821 1
9 10 4670 1
9 10 4678 1
20 19 4816 1
4 61 4863 1
6 8 4699 2
37 63 5118 1
6 8 4703 1
9 10 4716 1
7 25 4708 1
3 11 4721 1
9 10 4735 1
47 63 4894 1
9 10 4742 1
113 10 4749 1
39 59 5138 1
32 58 4861 1
9 10 4783 1
20 19 4859 1
51 8 4971 1
9 10 4846 1
60 108 4863 1
33 8 4942 1
60 108 4868 1
20 19 4873 1
32 14 4882 1
48 49 4892 1
20 19 4941 1
60 108 4894 1
50 8 5008 1
74 108 4901 1
9 10 4908 1
32 34 5026 1
76 105 5065 1
20 19 4965 1
62 64 4956 1
50 8 5043 1
62 92 5045 1
20 19 4983 1
20 19 5021 1
6 8 4994 2
9 10 5014 1
20 19 5041 1
9 10 5044 1
20 19 5095 1
37 63 5150 1
9 10 5055 1
39 59 5163 1
9 10 5061 1
0 58 5199 1
9 10 5066 1
76 105 5105 1
39 59 5184 1
37 63 5199 1
0 58 5249 1
20 19 5112 1
32 34 5107 1
9 10 5115 1
76 59 5203 1
76 78 5123 1
20 19 5206 1
77 58 5282 1
9 10 5156 1
76 58 5325 1
37 63 5244 1
39 59 5229 1
80 81 5165 1
9 10 5177 1
77 105 5170 1
21 34 5198 1
37 63 5265 1
76 78 5194 1
39 59 5256 1
77 58 5359 1
21 34 5222 1
37 63 5294 1
20 19 5235 1
39 59 5293 1
21 34 5230 1
21 34 5253 1
31 34 5245 1
20 19 5277 1
37 63 5325 1
9 10 5246 1
33 8 5310 1
66 38 5252 2
9 10 5260 1
21 34 5255 1
39 59 5324 1
80 81 5262 2
9 10 5270 1
82 83 5262 1
21 34 5293 1
9 10 5284 1
9 10 5277 1
37 63 5350 1
20 19 5295 1
39 88 5285 1
77 59 5342 1
32 22 5310 1
20 19 5316 1
6 8 5301 1
9 10 5309 1
39 59 5366 1
37 63 5390 1
9 10 5323 1
20 19 5330 1
21 22 5326 1
9 10 5331 1
39 59 5390 1
20 19 5352 1
9 10 5346 1
37 63 5416 1
20 8 5475 1
9 10 5370 1
9 10 5375 1
39 59 5435 1
9 10 5391 1
3 11 5393 1
37 63 5465 1
5 34 5478 1
20 14 5406 1
62 92 5453 1
9 10 5410 1
32 27 5466 1
16 8 5445 1
2 28 5428 1
62 64 5429 1
1 8 5499 1
9 10 5428 1
18 8 5450 1
2 8 5541 1
3 8 5512 1
39 84 5461 1
46 28 5471 1
37 63 5519 2
82 83 5459 2
74 75 5467 1
6 8 5466 1
9 10 5480 1
2 68 5503 1
39 59 5534 1
114 40 5479 1
94 35 5478 1
46 8 5572 1
37 63 5551 1
3 8 5564 1
9 10 5493 1
115 8 5520 1
18 87 5505 1
39 59 5566 1
6 8 5513 1
37 63 5578 1
2 28 5537 1
9 10 5528 1
3 8 5593 1
46 8 5597 1
39 59 5587 1
9 10 5536 1
9 10 5546 1
3 8 5622 1
39 59 5613 1
2 14 5594 1
46 8 5634 1
9 10 5575 1
21 34 5574 1
39 59 5637 1
6 8 5587 1
20 34 5596 1
6 116 5601 1
2 8 5672 1
46 28 5614 1
9 10 5606 1
32 8 5650 1
39 88 5619 2
114 40 5619 1
77 59 5673 1
46 40 5644 1
9 10 5622 1
32 8 5689 1
6 8 5638 1
32 58 5724 1
3 10 5693 1
37 91 5662 2
2 8 5719 1
9 10 5657 1
82 91 5661 2
46 8 5737 1
39 59 5725 1
90 63 5713 2
90 104 5670 2
117 104 5673 2
2 68 5692 1
18 8 5699 1
39 59 5751 1
6 8 5692 1
2 8 5766 1
46 87 5756 1
3 8 5751 1
9 10 5704 1
21 34 5709 1
32 34 5726 1
46 8 5791 1
2 8 5795 1
37 88 5734 1
66 72 5745 2
80 81 5736 2
46 10 5811 1
9 10 5753 1
90 63 5795 2
6 8 5767 1
46 8 5841 1
6 8 5766 1
9 10 5766 1
9 10 5776 1
2 8 5846 1
46 8 5856 1
9 10 5794 1
9 10 5796 1
94 35 5802 1
113 10 5808 1
18 8 5819 1
18 87 5808 2
2 8 5877 1
46 68 5827 1
62 61 5858 1
9 10 5826 1
5 14 5835 1
62 64 5833 1
20 14 5833 1
1 14 5838 1
46 8 5903 1
118 58 5950 1
9 10 5853 1
31 8 5881 1
9 10 5864 1
46 28 5876 1
9 10 5868 1
118 58 5999 1
3 8 5927 1
9 10 5890 1
37 63 5937 1
18 10 5915 1
2 8 5966 1
71 58 6241 1
46 8 5974 1
9 10 5927 1
2 8 5998 1
9 10 5942 1
9 10 5945 1
46 8 6009 1
9 10 5955 1
2 8 6024 1
9 10 5963 1
9 10 5971 1
46 35 6025 1
9 10 5987 1
5 68 5993 1
2 27 6033 1
46 8 6061 1
32 14 6002 1
1 10 6037 1
9 10 6010 1
9 10 6028 1
16 8 6036 1
2 8 6082 1
46 11 6044 1
115 26 6029 1
15 34 6038 1
9 8 6046 2
3 8 6083 1
9 10 6050 1
46 87 6099 1
2 8 6111 1
18 8 6064 1
9 10 6071 1
3 11 6063 1
2 8 6136 1
6 8 6087 1
9 10 6094 1
46 8 6143 1
18 8 6106 1
9 10 6112 1
9 10 6123 1
46 8 6177 1
9 87 6170 1
12 61 6259 1
46 68 6174 1
39 43 6986 1
9 10 6177 1
3 11 6179 1
3 10 6210 1
9 10 6200 1
2 10 6244 1
118 68 6202 1
62 92 6299 1
46 8 6253 1
118 11 6213 2
57 8 6220 1
6 8 6216 2
9 10 6241 1
32 35 6249 2
5 27 6239 1
118 58 6320 1
46 8 6276 1
21 27 6228 1
31 17 6240 1
32 34 6236 1
62 64 6251 1
31 8 6264 1
37 63 7049 1
4 35 6243 1
119 87 6248 1
9 87 6253 1
18 120 6268 1
4 61 6810 1
60 108 6258 1
2 8 6323 1
60 108 6265 1
9 10 6283 1
12 61 6396 1
2 8 6352 1
9 10 6310 1
74 75 6309 1
21 34 6304 1
2 8 6359 1
12 61 6431 1
9 10 6320 1
9 10 6340 1
46 8 6402 1
9 10 6363 1
6 8 6358 1
2 26 6417 1
9 10 6391 1
12 8 6430 1
46 41 6480 1
5 8 6450 1
60 108 6394 1
60 108 6402 1
9 10 6418 1
2 8 6479 1
9 10 6437 1
6 8 6429 1
60 108 6437 1
2 27 7331 1
9 10 6466 1
9 10 6514 1
12 92 8233 1
60 108 6486 1
9 10 6601 1
51 58 6661 1
48 49 6533 1
50 8 6615 1
46 8 7421 1
2 8 7440 1
51 58 6732 1
18 8 6628 1
46 19 7377 1
9 10 6623 1
9 10 6740 1
33 25 6678 1
33 23 6649 1
118 68 6832 1
7 25 6732 1
46 8 7492 1
62 108 6889 1
7 25 6709 1
7 25 6723 1
3 11 6719 1
80 81 6718 1
21 22 6722 1
62 64 6727 1
113 8 6768 1
21 34 6739 1
80 81 6765 1
21 22 6749 1
9 10 6743 1
71 61 6864 1
6 8 6762 2
6 8 6763 1
6 8 6778 1
9 10 6788 1
80 81 6807 1
9 10 6811 1
60 108 6810 1
80 81 6820 1
60 108 6815 1
9 10 6817 1
48 49 6909 1
80 81 6836 1
5 68 6842 1
9 10 6862 1
5 68 6867 1
80 81 6859 1
60 108 6871 1
80 81 6861 1
5 68 6877 1
9 10 6888 1
48 49 6878 1
80 81 6907 1
50 8 6952 1
48 49 6885 1
74 75 6899 1
5 68 6900 1
9 10 6909 1
5 68 6926 1
80 81 6909 1
9 10 6918 1
80 81 6913 1
80 81 6930 1
9 10 6931 1
5 68 6936 1
89 81 6942 2
5 68 6953 1
9 10 6956 1
5 68 7002 1
9 10 6958 1
37 63 7084 1
39 59 7077 1
121 59 7047 1
9 10 6996 1
9 10 7011 1
5 68 7017 1
39 59 7096 1
32 34 7025 1
5 68 7095 1
9 10 7033 1
37 63 7109 1
32 34 7036 1
9 10 7035 1
39 59 7122 1
32 34 7048 1
9 10 7067 1
32 34 7051 1
37 91 7088 1
32 34 7081 1
9 10 7079 1
42 63 7143 1
9 10 7093 1
5 68 7133 1
37 63 7193 1
39 59 7195 1
9 10 7126 1
37 63 7224 1
5 68 7153 1
39 59 7220 1
32 34 7144 1
9 10 7163 1
32 34 7151 1
32 34 7153 1
37 63 7247 1
5 68 7182 1
9 10 7181 1
32 34 7177 1
9 10 7190 1
90 43 7187 1
5 68 7249 1
37 63 7270 1
39 59 7270 1
9 10 7203 1
37 63 7288 1
9 10 7224 1
32 34 7223 1
39 59 7300 1
9 10 7238 1
9 10 7250 1
37 63 7322 1
33 25 7315 1
32 34 7252 1
39 59 7321 1
5 68 7251 1
9 10 7281 1
5 68 7268 1
5 68 7270 1
32 34 7273 1
37 63 7351 1
39 59 7351 1
7 25 7291 1
9 10 7298 1
5 68 7335 1
39 59 7367 1
9 10 7318 1
21 34 7316 1
113 8 7349 1
37 63 7383 1
39 59 7385 1
21 8 7393 1
90 91 7336 2
37 63 7403 1
5 68 7345 1
5 11 7370 1
9 10 7349 1
9 10 7358 1
39 59 7418 1
37 63 7424 1
9 10 7373 1
39 59 7432 1
32 34 7372 1
3 8 7464 1
20 8 7451 1
33 25 7491 1
9 10 7402 1
37 63 7451 1
6 8 7392 1
46 8 7504 1
21 34 7402 1
3 11 7412 1
39 59 7469 1
9 10 7422 1
20 8 7476 1
21 34 7425 1
21 22 7433 1
39 59 7488 1
37 63 7494 1
46 8 7529 1
3 8 7524 1
39 88 7464 1
37 63 7526 1
77 59 7512 1
118 8 7559 1
9 10 7474 1
6 8 7475 1
46 8 7582 1
37 63 7554 1
2 28 7494 1
119 8 7484 1
9 10 7486 1
7 25 7565 1
114 40 7501 1
9 10 7506 1
46 24 7520 1
39 88 7519 1
20 8 7563 1
20 34 7516 1
2 8 7596 1
77 59 7566 1
37 63 7591 1
118 28 7523 1
39 59 7595 1
9 10 7545 1
46 8 7620 1
39 59 7611 1
37 63 7619 1
1 8 7607 1
7 25 7655 1
46 8 7651 1
33 23 7587 1
9 10 7579 1
2 24 7577 2
37 63 7647 1
39 59 7633 1
9 10 7585 1
47 58 7649 1
9 10 7593 1
33 25 7653 1
46 40 7609 1
117 103 7594 1
2 28 7604 2
3 34 7642 2
9 10 7609 1
37 63 7673 1
114 11 7614 2
46 19 7644 1
6 122 7626 1
20 19 7620 2
20 34 7667 2
39 59 7673 1
20 22 7635 2
37 63 7693 1
31 34 7636 1
18 8 7643 1
46 8 7709 1
16 17 7647 1
20 8 7690 1
37 63 7701 1
39 59 7705 1
32 17 7664 2
5 8 7732 1
33 25 8294 1
2 27 7715 1
94 58 8285 1
46 40 7700 1
7 25 7746 1
62 92 7723 1
39 63 7743 1
6 8 7692 1
37 63 7739 1
2 34 7746 1
62 64 7697 1
3 8 7749 1
107 63 7710 1
3 19 7708 1
18 8 7712 1
46 8 7781 1
1 29 7713 1
39 59 7761 1
21 8 7761 1
2 8 7815 1
9 10 7730 1
39 59 7779 1
46 19 7756 1
60 61 7735 1
21 34 7735 1
6 8 7742 1
37 63 7798 1
7 25 7796 1
2 24 7753 1
16 17 7754 1
9 10 7760 1
46 40 7777 1
115 87 7766 2
2 29 7795 1
57 8 7773 1
20 8 7798 1
39 59 7807 1
37 63 7820 1
6 8 7775 2
3 19 7782 1
9 10 7775 1
9 10 7787 1
46 19 7806 1
39 59 7832 1
20 8 7830 1
2 24 7790 1
32 8 7844 1
118 35 7852 1
37 63 7850 1
7 25 7862 1
46 11 7823 1
32 34 7809 1
20 8 7853 1
21 34 7812 1
9 10 7817 1
115 35 7815 1
9 10 7815 1
21 34 7824 1
118 11 7828 1
3 8 7890 1
46 8 7886 1
9 10 7823 1
119 8 7824 1
20 19 7828 1
20 87 7868 1
32 34 7831 1
32 27 7831 1
2 8 7922 1
31 34 7846 1
46 8 7918 1
9 10 7857 1
16 35 7853 1
115 35 7859 1
18 8 7876 2
118 10 7928 1
7 25 8289 1
46 8 7944 1
9 10 7873 1
21 34 7879 1
6 8 7896 1
2 26 7961 1
9 10 7903 1
46 11 7926 1
118 58 8022 1
9 10 7922 1
3 19 7930 1
46 8 7995 1
20 8 7972 1
118 68 7939 1
6 8 7935 1
9 10 7944 1
5 14 7951 1
9 10 7961 1
46 8 8012 1
2 24 7958 1
2 8 8021 1
6 8 7978 1
46 8 8036 1
9 10 7983 1
16 8 7998 1
2 26 8050 1
9 10 8002 1
46 19 8025 1
12 41 8260 1
6 8 8016 1
9 10 8011 1
6 8 8015 1
119 8 8026 1
20 8 8064 1
2 8 8093 1
21 34 8045 1
46 28 8052 1
9 10 8051 1
32 34 8047 1
113 26 8049 1
114 8 8100 1
6 8 8062 1
9 10 8081 1
2 8 8123 1
21 34 8071 1
46 28 8086 1
9 10 8077 1
9 10 8093 1
3 8 8130 1
6 8 8105 1
9 10 8102 1
9 10 8120 1
9 10 8117 1
46 40 8130 1
9 10 8126 1
3 123 8127 1
6 8 8129 1
3 22 8144 1
9 10 8139 1
21 8 8173 1
39 59 9019 1
46 8 8200 1
9 10 8158 1
46 8 8231 1
6 8 8203 1
62 92 8329 1
46 8 8254 1
2 34 8284 2
46 28 8235 1
6 8 8234 1
2 28 8248 1
3 8 8274 1
118 28 8257 2
9 10 8250 1
3 11 8250 1
1 14 8254 1
46 35 8294 1
32 22 8269 2
32 30 8282 2
60 108 8268 1
6 8 8277 1
47 58 8273 1
21 30 8278 2
32 27 8273 2
46 68 8281 1
46 28 8283 2
15 34 8277 2
62 64 8291 1
1 87 8301 2
32 34 8284 2
16 17 8289 1
47 58 8299 1
115 8 8304 2
5 27 8313 1
46 28 8293 1
94 58 8294 1
118 19 8307 1
31 35 8304 2
114 8 8330 1
7 23 8304 1
47 58 8304 1
18 8 8306 1
6 8 8304 1
115 8 8327 2
47 58 8316 1
94 58 8330 1
33 23 8313 1
1 30 8318 2
7 25 8336 1
62 64 8414 1
15 10 8337 2
7 23 8336 1
47 58 8328 1
2 8 8395 1
6 8 8326 2
21 22 8320 1
15 17 8336 2
18 8 8337 1
94 35 8328 1
47 58 8337 1
9 10 8332 1
74 75 8346 1
47 58 8353 1
33 23 8474 1
119 8 8347 1
16 17 8347 1
46 28 8351 1
2 8 8391 1
115 35 8351 1
94 59 8571 1
12 92 8465 1
18 87 8368 2
9 10 8356 1
7 26 8465 1
3 8 8415 1
2 8 9358 1
47 58 8389 1
47 58 8400 1
2 14 8476 1
37 63 9009 1
46 14 9294 1
74 75 8424 1
3 19 8456 1
47 63 8599 1
46 68 9279 1
9 8 8499 1
20 14 8476 1
7 26 8605 1
118 34 8494 1
50 8 8554 1
33 23 8505 1
32 14 8504 1
1 14 8511 1
46 28 8694 1
50 8 8595 1
62 92 8656 2
33 23 8521 1
33 23 8553 1
118 28 8533 1
32 58 8613 1
33 23 8566 1
33 23 8605 1
6 8 8588 2
9 10 8613 1
7 8 8709 1
9 8 8642 1
7 26 8661 1
76 58 9069 1
9 10 8653 1
62 92 8771 1
9 10 8657 1
9 8 8690 1
51 58 8738 1
33 23 8674 1
2 24 9286 1
33 23 8683 1
9 10 8686 1
33 8 8745 1
2 28 8700 1
51 58 8770 1
33 8 8786 1
119 8 8717 1
9 10 8724 1
118 28 8718 1
62 64 8730 1
51 63 8815 1
62 64 8739 1
9 10 8752 1
33 8 8830 1
2 28 8767 1
62 61 8850 1
46 13 8773 2
119 8 8777 2
2 28 8777 2
51 58 8859 1
9 10 8785 1
46 13 8784 2
74 75 8780 1
46 13 8796 2
2 28 8794 2
62 108 8919 1
9 10 8838 1
9 10 8891 1
33 8 8922 1
60 61 8860 1
2 28 8888 1
2 28 8919 1
46 13 8912 2
9 10 8927 1
6 8 8912 1
46 13 8927 2
33 8 9025 1
60 108 8926 1
9 10 8966 1
46 13 8949 2
46 13 8964 2
2 28 8976 1
90 111 8965 1
46 13 8966 2
39 86 9039 2
37 63 9071 1
9 10 8974 1
46 13 9004 2
39 78 8988 2
9 10 9002 1
109 88 8996 2
90 111 8998 1
109 59 9074 2
90 111 9000 1
37 63 9095 1
39 59 9102 1
2 28 9026 2
6 8 9027 1
46 13 9030 2
9 10 9039 1
2 28 9035 2
90 111 9032 1
46 13 9051 2
117 125 9054 1
39 59 9125 1
37 91 9083 1
9 10 9055 1
124 125 9059 1
46 13 9074 2
39 88 9081 1
37 63 9161 1
77 59 9146 1
90 63 9122 1
9 10 9099 1
46 13 9090 2
46 13 9134 2
9 10 9114 1
33 8 9192 1
37 63 9186 1
2 28 9116 2
9 10 9116 1
39 59 9189 1
9 10 9136 1
9 10 9145 1
46 13 9147 2
39 88 9211 1
46 13 9149 2
37 63 9238 1
2 28 9156 2
9 10 9166 1
46 13 9174 2
39 59 9243 1
46 13 9203 2
2 28 9179 2
37 38 9269 1
9 10 9187 1
9 10 9193 1
71 58 9467 1
32 34 9197 1
32 34 9207 1
39 59 9281 1
46 13 9212 2
46 13 9227 2
9 10 9235 1
37 63 9308 1
39 81 9266 2
46 13 9265 2
9 10 9252 1
71 25 9339 1
9 10 9279 1
80 126 9337 2
20 34 9350 1
5 8 9402 1
20 19 9279 1
85 104 9285 2
66 63 9359 1
5 68 9283 1
39 59 9356 1
117 103 9288 2
117 103 9292 1
9 10 9307 1
1 14 9299 1
118 28 9301 1
37 63 9373 1
1 14 9307 1
118 68 9342 1
2 68 9358 1
3 11 9308 1
46 13 9319 2
9 10 9326 1
9 10 9321 1
3 19 9321 1
39 59 9385 1
46 24 9332 2
21 27 9324 1
37 63 9403 1
32 8 9374 1
9 10 9336 1
9 10 9338 1
32 34 9333 1
47 58 9463 1
2 24 9346 1
9 10 9340 1
7 25 9358 1
57 10 9358 1
5 68 9351 1
37 63 9433 1
18 8 9362 2
2 28 9370 2
114 11 9363 1
46 24 9361 1
18 8 9367 1
1 29 9362 1
7 25 9469 1
3 8 9434 1
32 26 9404 1
2 34 9401 1
9 10 9392 1
9 10 9374 1
3 19 9396 1
118 68 9388 1
32 34 9378 1
9 10 9383 1
39 128 9429 2
5 68 9397 2
20 8 9452 1
37 38 9424 2
46 35 9468 1
6 8 9408 1
5 34 9421 2
9 10 9402 1
9 8 9419 1
89 127 9403 1
1 34 9405 2
1 30 9423 2
9 10 9416 1
2 11 9449 1
21 17 9452 2
20 34 9437 2
6 8 9429 2
46 8 9516 1
9 10 9437 1
1 14 9431 2
90 63 9500 2
15 34 9436 1
117 103 9439 2
31 34 9442 2
9 10 9468 1
31 17 9458 2
9 10 9453 1
2 28 9467 1
32 34 9454 2
16 34 9466 1
46 8 9531 1
3 34 9504 1
37 63 9530 1
15 17 9476 2
94 10 9476 2
9 10 9464 1
16 17 9473 1
47 58 9474 1
57 8 9481 1
33 23 9493 1
47 58 9653 1
39 59 9538 1
57 35 9483 2
18 8 9489 2
5 8 9544 1
2 19 9518 1
46 8 9573 1
57 87 9494 2
66 63 9560 1
33 23 9495 1
39 59 9553 1
20 34 9496 1
4 58 9656 1
7 25 9659 1
9 10 9515 1
16 8 9545 1
9 10 9519 1
16 8 9533 1
39 59 9573 1
46 8 9599 1
37 63 9587 1
9 10 9530 1
113 10 9534 1
21 8 9579 1
18 8 9549 2
39 59 9598 1
46 8 9621 1
9 10 9559 1
6 8 9552 1
2 28 9568 1
7 25 9569 1
46 24 9590 2
46 24 9568 1
9 10 9585 1
37 63 9635 1
9 10 9574 1
2 8 9629 1
39 59 9636 1
46 11 9608 1
90 91 9594 1
9 10 9599 1
118 68 9604 2
3 27 9631 2
9 10 9606 1
20 30 9620 2
18 87 9612 1
20 8 9658 1
20 34 9616 2
9 10 9622 1
21 22 9626 1
2 34 9697 1
39 59 9676 1
37 63 9686 1
18 8 9634 2
9 10 9648 1
1 14 9637 1
15 34 9636 2
6 8 9635 1
9 10 9646 1
31 35 9654 2
15 87 9675 2
118 28 9650 1
46 35 9710 1
18 10 9658 1
9 10 9657 1
115 35 9659 2
47 58 9657 1
3 19 9662 1
2 14 9694 1
18 8 9672 2
47 63 10542 1
46 8 9743 1
119 8 9678 1
7 25 9673 1
6 8 9674 2
9 8 9688 2
62 61 9719 1
4 61 10496 1
39 59 9731 1
2 34 9754 1
3 11 9689 1
62 64 9695 1
9 8 9702 2
7 25 9714 1
9 10 9707 1
16 8 9727 1
46 87 9774 1
1 10 9754 1
9 10 9705 1
57 8 9721 1
39 59 9758 1
16 10 9729 1
7 25 9749 1
50 61 9721 1
119 8 9735 1
2 58 9842 1
5 34 9790 1
46 8 9810 1
9 10 9750 1
9 10 9745 1
9 87 9759 1
7 35 9805 1
12 92 10162 1
18 8 9764 2
119 8 9771 1
9 10 9770 1
1 29 9774 1
16 10 9782 1
46 87 9831 1
37 63 9821 1
18 8 9781 1
9 10 9777 1
6 8 9784 1
31 34 9782 1
9 8 9797 1
32 34 9787 1
3 11 9785 1
16 26 9800 1
9 10 9797 1
9 10 9795 1
3 8 9857 1
46 40 9810 1
66 38 9801 1
115 8 9824 1
16 17 9803 1
66 72 9842 1
109 63 9857 1
66 67 9808 1
7 25 9851 1
113 10 9809 1
2 34 9862 1
20 8 9863 1
9 87 9823 1
46 17 9869 1
113 26 9822 1
7 25 9822 1
18 87 9825 1
18 8 9836 1
6 8 9840 1
9 10 9845 1
118 34 9892 1
46 19 9858 1
7 8 9896 1
18 8 9858 1
2 10 9915 1
9 10 9862 1
9 10 9875 1
20 8 9903 1
16 8 9884 1
9 10 9871 1
115 35 9875 1
46 14 9901 1
18 8 9888 1
7 25 9885 1
7 25 9909 1
9 10 9892 1
9 10 9890 1
18 87 9894 1
2 14 9923 1
15 58 9944 1
20 8 9939 1
9 10 9909 1
46 19 9918 1
9 10 9904 1
9 10 9907 1
57 8 9920 1
9 10 9911 1
7 25 10086 1
3 11 9916 1
9 10 9928 1
9 10 9920 1
20 87 9956 1
1 14 9931 1
46 19 9945 1
6 8 9936 1
9 8 9963 1
15 8 9969 1
6 8 9941 1
2 8 10006 1
12 41 10194 1
20 8 9987 1
9 10 9950 1
7 25 9960 1
46 87 10014 1
9 10 9964 1
9 10 9975 1
9 10 9973 1
2 8 10047 1
9 10 9992 1
9 10 9993 1
7 25 9996 1
1 10 10023 1
9 10 10009 1
2 14 10027 1
9 10 10007 1
18 8 10018 1
7 25 10025 1
46 8 10102 1
9 8 10031 1
20 10 10066 1
9 10 10038 1
3 11 10035 1
9 10 10040 1
20 8 10075 1
46 22 10072 1
9 10 10062 1
3 11 10118 1
7 25 10066 1
9 8 10075 1
21 8 10099 1
46 8 10128 1
6 8 10078 1
9 10 10086 1
7 25 10283 1
2 34 10127 1
2 8 10145 1
9 10 10106 1
2 8 10177 1
37 63 10994 1
18 8 10123 2
9 10 10137 1
46 8 10179 1
16 8 10152 1
2 8 10202 1
18 8 10144 1
9 10 10143 1
62 92 10242 1
46 8 10205 1
9 10 10154 1
9 10 10162 1
7 25 10155 1
9 10 10163 1
2 8 10229 1
9 10 10165 1
7 25 10173 1
9 10 10191 1
6 8 10181 1
46 58 10291 1
7 25 10184 1
7 25 10194 1
60 108 10198 1
3 8 10239 1
60 108 10201 1
9 10 10219 1
18 87 10229 1
2 10 10288 1
9 10 10283 1
1 34 10247 1
74 108 10253 1
1 22 10250 1
46 8 10307 1
118 14 10271 1
21 27 10254 1
31 34 10263 1
31 17 10265 1
16 35 10269 1
115 35 10269 1
9 10 10272 1
46 11 10293 1
2 35 10322 1
1 58 10352 1
6 8 10280 1
7 10 10432 1
18 8 10294 1
3 8 10337 1
9 10 10298 1
46 8 10351 1
9 10 10325 1
6 8 10308 2
7 25 10314 1
7 25 10330 1
9 10 10326 1
9 10 10344 1
46 34 10557 1
6 8 10352 1
9 10 10354 1
9 10 10355 1
9 10 10399 1
9 10 10364 1
7 25 10371 1
7 25 10379 1
46 19 10616 1
9 10 10442 1
9 10 10422 1
2 28 10424 1
46 24 10423 2
33 23 10422 1
7 25 10427 1
2 28 10430 2
2 68 10479 2
9 8 10469 1
7 8 10505 1
118 28 10450 1
118 28 10463 1
9 10 10466 1
118 68 10465 1
9 10 10478 1
60 108 10501 1
1 14 10496 2
9 10 10496 1
12 61 12109 1
1 34 10615 2
46 13 10515 1
2 8 11373 1
20 34 10538 2
39 59 10989 1
39 88 10539 1
20 17 11301 2
1 34 10571 1
51 63 10616 1
118 28 10616 1
51 52 10615 1
51 58 10697 1
1 34 10626 2
1 34 10633 2
118 28 10629 1
118 28 10659 1
1 34 10648 1
1 34 10653 2
89 127 10655 1
1 34 10676 2
51 52 10656 1
89 127 10676 1
51 52 10662 1
50 91 10688 1
3 19 10676 1
129 130 10741 1
1 34 10742 1
3 19 10689 1
32 58 10858 1
51 58 10760 1
89 127 10721 1
90 91 10691 1
42 8 10755 1
1 34 10704 2
3 19 10701 2
1 34 10721 2
3 19 10719 1
50 8 10799 1
89 127 10729 1
3 19 10736 1
47 59 10903 1
89 127 10789 1
48 49 10749 1
1 34 10781 1
9 10 10769 1
50 8 10850 1
6 8 10760 1
3 19 10778 1
9 10 10771 1
118 28 10779 1
1 34 10796 1
119 8 10805 1
9 10 10806 1
50 44 10813 1
1 34 10813 2
89 127 10826 1
90 8 10882 1
3 19 10818 1
118 28 10826 1
9 10 10820 1
3 19 10822 1
1 34 10822 2
51 8 10909 1
1 34 10833 2
1 34 10844 2
6 8 10839 2
1 34 10893 1
3 19 10847 1
89 127 10853 1
32 58 10974 1
9 10 10858 1
6 8 10871 2
3 19 10886 1
9 10 10885 1
62 92 10939 1
47 58 11320 1
37 38 10906 1
1 34 11021 1
9 10 10933 1
6 8 10910 1
62 64 10916 1
37 38 10918 1
1 29 10909 2
3 19 10924 1
1 29 10918 2
1 58 11046 1
37 63 11079 2
3 19 10933 1
9 10 10935 1
39 59 11022 1
3 19 10944 1
74 75 10946 1
3 19 10959 1
9 10 10987 1
89 127 10953 1
3 19 10981 1
1 29 10994 2
37 63 11107 1
39 59 11074 1
1 29 11009 2
9 10 11029 1
3 19 11006 2
1 34 11014 2
39 59 11093 1
124 59 11039 1
3 19 11042 2
9 10 11038 1
9 10 11054 1
66 63 11143 1
3 19 11062 2
1 34 11051 2
39 59 11124 1
9 10 11126 1
1 34 11066 1
3 19 11068 2
107 63 11068 1
37 38 11076 1
37 127 11094 1
1 34 11080 1
80 127 11087 1
37 104 11152 2
3 19 11087 2
1 34 11091 1
3 19 11098 1
1 34 11101 1
90 91 11097 2
3 19 11101 1
42 91 11127 2
3 19 11105 2
90 111 11106 1
90 91 11123 2
90 102 11124 1
1 34 11126 1
3 19 11114 1
3 19 11132 2
37 63 11212 1
39 59 11188 1
9 10 11148 1
3 19 11134 1
1 34 11167 1
3 19 11150 2
39 59 11212 1
106 104 11156 2
9 10 11182 1
3 19 11152 2
106 63 11182 1
1 34 11158 2
3 19 11162 1
37 63 11252 1
107 63 11171 1
1 8 11305 1
3 19 11169 1
3 19 11184 2
1 34 11179 2
89 91 11194 2
9 10 11193 1
3 19 11201 1
39 59 11259 1
37 63 11275 1
1 29 11198 2
42 126 11237 1
9 10 11239 1
3 19 11212 1
39 59 11275 1
37 63 11292 1
1 34 11224 2
1 29 11248 2
39 59 11300 1
9 10 11292 1
21 34 11294 1
20 19 11251 2
20 34 11255 2
37 63 11321 1
39 59 11319 1
20 30 11274 2
32 30 11281 2
37 63 11346 1
39 126 11345 1
21 17 11325 2
3 11 11299 1
2 34 11366 1
46 11 11346 1
66 63 11367 1
31 35 11309 2
6 8 11309 1
9 10 11304 1
76 79 11493 1
16 8 11333 1
31 17 11311 2
20 8 11404 1
94 8 11381 2
42 91 11316 2
37 63 11398 1
47 58 11331 1
9 8 11354 2
47 58 11336 1
37 63 11413 1
46 24 11349 1
39 91 11345 1
80 81 11341 1
119 8 11342 1
0 95 11342 1
109 59 11386 1
47 58 11999 1
2 19 11388 1
118 28 11360 1
20 8 11422 1
1 14 11383 1
37 81 11376 1
77 59 11417 1
21 27 11371 1
46 28 11396 1
90 111 11372 1
90 63 11445 1
3 8 11449 1
15 8 11428 1
37 63 11468 1
39 88 11396 1
2 26 11480 1
20 8 11467 1
77 59 11443 1
114 19 11407 1
71 61 12672 1
20 8 11473 1
2 28 11426 1
3 19 11416 1
46 8 11502 1
39 59 11472 1
2 8 11515 1
39 59 11489 1
3 19 11444 1
9 10 11447 1
0 79 11442 1
6 8 11443 2
20 34 11444 1
46 19 11475 1
20 8 11524 1
39 59 11517 1
118 27 11508 1
18 10 11464 1
9 10 11479 1
20 34 11477 1
46 8 11542 1
21 34 11480 1
1 34 11479 1
37 63 11577 2
32 8 11545 1
2 27 11538 1
89 127 11497 2
1 14 11493 1
0 79 11495 1
9 10 11502 1
46 11 11519 1
21 27 11506 1
0 105 11689 1
15 8 11561 1
9 10 11523 1
20 8 11570 1
37 63 11597 1
46 8 11606 1
118 34 11580 1
15 8 11588 1
2 8 11634 1
39 59 11612 1
37 63 11632 1
46 11 11586 1
118 28 11675 1
9 10 11570 1
46 8 11668 1
9 10 11587 1
31 8 11613 1
20 35 11625 1
9 10 11597 1
39 59 11644 1
118 54 11640 1
6 8 11611 1
21 34 11610 1
66 63 11667 1
76 78 11619 1
2 26 11677 1
9 10 11616 1
6 8 11617 1
46 8 11694 1
57 8 11640 1
37 63 11683 1
76 78 11632 1
18 10 11632 1
51 63 11870 1
9 10 11652 1
6 8 11637 1
46 40 11659 1
62 92 11689 1
2 14 11669 1
32 30 11651 1
3 19 11664 1
62 64 11667 1
21 58 11735 1
12 41 12135 1
9 10 11678 1
1 34 11687 1
20 8 11714 1
39 103 11710 1
2 8 11741 1
46 19 11697 1
76 78 11678 1
90 111 11679 1
37 38 11679 1
37 63 11742 2
89 127 11686 1
2 8 11758 1
0 58 12887 1
9 10 11694 1
74 75 11702 1
9 10 11699 1
39 88 11701 1
94 35 11697 1
20 8 11750 1
39 59 11753 1
115 8 11719 1
117 125 11712 1
46 8 11790 1
9 10 11728 1
37 81 11730 2
82 43 11731 2
3 8 11779 1
21 34 11739 1
46 11 11754 1
20 34 11736 1
90 104 11756 2
117 103 11746 1
90 125 11764 2
90 126 11772 1
3 8 11798 1
46 19 11776 1
131 59 11760 1
3 8 11808 1
106 126 11763 1
9 10 11767 1
76 78 11769 1
107 63 11770 1
106 63 11783 1
107 63 11767 1
20 8 11812 1
6 8 11781 1
76 78 11780 1
2 8 11837 1
76 78 11793 1
6 8 11791 1
46 28 11800 1
62 70 11837 1
3 11 11806 1
6 8 11815 1
2 8 11864 1
3 8 11848 1
9 10 11830 1
76 78 11817 1
46 28 11824 1
3 8 11873 1
76 78 11847 1
46 28 11846 1
73 70 11844 1
6 8 11851 1
9 10 11859 1
118 30 11891 1
3 8 11889 1
2 58 11968 1
76 78 11871 1
9 10 11877 1
6 8 11893 1
39 59 11931 1
9 10 11898 1
2 8 11959 1
15 8 11926 1
9 10 11915 1
46 28 11910 1
76 78 11918 1
12 41 12171 1
3 8 11955 1
76 78 11927 1
9 10 11946 1
2 8 11989 1
37 63 12003 1
76 78 11949 1
46 8 12016 1
82 83 11954 1
9 10 11963 1
3 8 12002 1
9 10 11977 1
76 78 12119 1
46 28 11991 1
9 10 11994 1
114 19 11998 1
47 59 12521 1
2 10 12047 1
3 19 12002 1
20 8 12034 1
6 8 12005 1
9 10 12004 1
6 8 12004 1
2 40 12011 1
9 10 12026 1
3 8 12057 1
2 8 12080 1
1 34 12023 1
32 34 12029 1
6 132 12037 1
9 10 12046 1
114 8 12087 1
46 24 12067 1
2 28 12072 1
9 10 12065 1
114 8 12116 1
9 10 12071 1
46 8 12137 1
6 8 12091 1
9 10 12107 1
118 27 12146 1
37 88 12642 1
115 8 12121 1
60 108 12117 1
46 8 12174 1
9 10 12127 1
114 40 12123 1
76 78 12419 1
3 8 12166 1
45 61 12143 1
6 8 12137 1
60 61 12140 1
42 43 12142 1
60 108 12146 1
9 10 12155 1
32 58 12208 1
46 8 12204 1
118 8 12220 1
9 10 12162 1
118 68 12171 1
46 8 12218 1
9 10 12177 1
6 8 12174 1
60 108 12179 1
32 58 12275 1
9 10 12195 1
9 10 12205 1
57 10 12211 1
46 8 12264 1
118 133 12231 1
9 10 12222 1
6 8 12219 1
9 10 12252 1
32 58 12318 1
118 29 12290 1
2 40 12258 1
3 8 12290 1
18 8 12268 1
6 8 12269 1
2 8 12315 1
9 10 12279 1
46 11 12294 1
118 68 12294 1
9 10 12299 1
3 8 12327 1
5 34 12432 1
32 58 12383 1
12 13 12314 1
9 10 12306 1
46 34 13414 1
6 8 12314 1
9 10 12316 1
9 10 12327 1
118 8 13262 1
9 10 12356 1
2 19 12414 1
9 10 12369 1
9 10 12402 1
46 123 12425 1
47 63 12547 1
118 14 12447 1
33 8 12626 1
12 134 12461 1
9 10 12404 1
39 88 12417 1
39 59 12851 1
9 10 12435 1
5 68 12430 1
3 8 13270 1
32 58 12439 1
3 19 12437 1
5 133 12443 1
32 58 12448 1
46 134 13418 1
76 78 12449 1
32 58 12570 1
9 10 12466 1
76 78 12642 1
3 133 12526 1
9 10 12492 1
2 134 12487 1
114 68 12602 1
85 86 12498 2
9 10 12507 1
85 86 12505 1
117 104 12507 1
114 40 12510 1
9 10 12514 1
9 10 12552 1
46 28 12580 1
62 64 12536 1
66 72 12556 2
3 133 12548 1
3 133 12958 1
69 72 12561 2
9 10 12569 1
69 70 12581 2
9 10 12590 1
114 68 12578 1
3 19 12614 1
114 68 12626 1
2 28 12627 1
5 68 12621 1
62 64 12622 1
51 58 12704 1
9 10 12650 1
62 67 12671 2
89 127 12646 1
48 49 12642 1
3 19 12654 1
89 88 12648 1
50 8 12732 1
114 68 12662 1
76 78 12672 1
89 63 12877 1
3 19 12677 1
9 10 12669 1
114 68 12665 1
60 108 12673 1
114 68 12703 1
60 108 12679 1
9 10 12688 1
5 68 12687 1
3 19 12721 1
66 67 12699 2
9 10 12709 1
114 68 12722 1
5 68 12720 1
114 68 12799 1
5 68 12733 1
3 19 12731 1
76 78 12774 1
9 10 12741 1
3 19 12735 1
5 68 12763 1
109 127 12738 1
0 79 12746 1
3 19 12752 1
3 19 12760 1
73 92 12768 2
9 10 12808 1
3 19 12800 1
5 68 12780 1
39 88 12792 1
39 59 12882 1
37 63 12897 1
76 58 12941 1
5 68 12801 1
9 10 12816 1
39 59 12908 1
9 10 12830 1
71 58 13481 1
37 38 12832 1
37 63 12932 1
9 10 12833 1
77 78 12833 1
3 19 12838 1
9 10 12876 1
76 111 12903 1
39 59 12930 1
37 63 12965 1
5 68 12877 1
3 19 12878 1
5 68 12877 1
114 68 12883 1
80 81 12882 1
5 68 12888 1
39 59 12955 1
9 10 12898 1
5 68 12890 1
117 104 12891 2
71 93 12891 1
71 25 13136 1
9 10 12901 1
9 10 12907 1
77 58 13034 1
96 58 12980 1
77 59 12976 1
37 63 12997 1
9 10 12925 1
114 68 12923 1
90 111 12923 1
66 63 12991 1
114 68 12925 1
9 10 12955 1
4 93 12963 1
76 97 12986 1
114 68 12944 1
3 19 12950 1
37 63 13030 1
90 104 12960 1
9 10 12973 1
39 88 12977 2
39 88 12968 1
3 133 12982 1
135 111 12971 1
0 111 12980 1
77 111 12981 1
109 43 12990 2
9 10 13015 1
3 19 12981 1
32 58 12990 1
16 58 13070 1
90 91 12988 1
3 133 13184 1
32 34 12991 1
98 136 12998 2
3 19 12991 1
114 68 13004 1
5 68 13003 1
107 63 13005 1
37 63 13078 1
121 136 13011 2
39 95 13005 1
21 34 12998 1
4 93 13004 1
137 59 13033 1
3 19 13008 1
0 111 13013 1
114 68 13017 1
90 111 13015 1
90 59 13061 1
77 58 13110 1
37 63 13100 1
9 10 13148 1
114 68 13030 1
114 68 13053 1
39 59 13090 1
37 63 13123 1
39 59 13111 1
114 68 13091 1
37 63 13147 1
4 93 13070 1
4 93 13093 1
51 63 13696 1
39 59 13137 1
62 92 13126 1
114 68 13116 1
4 93 13102 1
37 38 13103 1
66 63 13169 1
114 68 13129 1
107 126 13114 1
74 75 13126 1
5 68 13124 1
7 8 13225 1
39 59 13183 1
74 75 13138 1
114 68 13154 1
62 108 13176 1
62 64 13148 1
9 10 13155 1
39 59 13206 1
37 104 13187 2
9 10 13188 1
71 93 13485 1
39 59 13228 1
114 68 13181 1
74 75 13184 1
5 68 13205 1
138 63 13221 1
3 133 13198 1
37 63 13249 1
9 10 13194 1
20 34 13221 1
32 10 13306 1
39 59 13255 1
20 8 13288 1
5 68 13212 1
37 63 13272 1
114 68 13229 1
9 10 13227 1
39 59 13279 1
114 40 13242 1
9 10 13240 1
46 28 13261 1
9 10 13243 1
5 68 13251 1
2 24 13256 1
39 103 13294 1
5 10 13334 1
18 87 13257 1
20 8 13319 1
9 10 13270 1
118 8 13364 1
2 40 13280 1
37 91 13297 2
3 11 13284 1
9 10 13294 1
46 11 13317 1
39 59 13339 1
20 8 13344 1
9 10 13300 1
90 63 13331 2
76 105 13333 1
114 40 13307 1
18 8 13314 2
118 17 13381 1
21 34 13318 1
37 63 13373 1
21 34 13327 1
1 30 13329 1
1 14 13328 1
2 8 13432 1
39 59 13381 2
2 28 13340 1
77 105 13395 1
39 59 13393 1
6 8 13349 1
15 8 13383 1
118 28 13346 1
0 79 13346 1
9 10 13357 1
20 8 13395 1
18 8 13368 1
37 63 13418 1
117 125 13371 2
46 13 13367 1
80 81 13369 1
46 13 13371 2
46 134 13381 1
6 8 13376 2
9 10 13385 1
114 28 13389 1
39 88 13394 1
9 8 13400 1
77 126 13464 2
47 58 13478 1
118 28 13397 1
20 87 13443 1
6 8 13405 1
37 126 13444 1
9 10 13417 1
98 136 13411 2
5 19 13422 1
77 79 13465 1
46 68 13429 1
138 128 13415 2
2 27 13465 2
6 8 13428 2
9 10 13436 1
20 14 13432 1
3 41 14044 1
2 61 14096 1
39 59 13491 1
1 27 13453 2
37 63 13483 1
46 24 13440 1
18 8 13448 2
20 8 13486 1
107 63 13454 1
46 24 13454 2
9 10 13475 1
6 8 13453 1
21 34 13461 1
114 40 13458 2
2 34 13480 2
39 88 13467 1
3 34 13460 2
37 63 13507 1
77 78 13462 1
21 34 13467 1
77 105 13542 1
109 91 13475 2
3 19 13479 2
90 91 13472 1
114 40 13472 2
16 35 13481 2
15 34 13485 2
118 26 13545 1
90 59 13521 2
115 35 13478 1
31 34 13478 2
32 97 13497 2
6 8 13490 1
115 10 13487 2
39 88 13490 2
9 10 13489 2
46 19 13514 1
109 59 13538 1
57 35 13500 2
115 8 13507 2
39 59 13560 1
46 24 13523 1
20 8 13562 1
139 58 13882 1
3 19 13580 1
4 61 14606 1
71 61 14637 1
2 40 13535 1
6 8 13527 2
2 29 13566 1
9 10 13547 1
46 40 13552 1
37 63 13606 2
21 34 13536 1
80 81 13544 2
20 8 13584 1
2 17 13613 1
32 34 13551 1
42 91 13549 2
20 34 13565 1
138 104 13564 2
18 10 13564 1
0 34 14867 1
119 8 13560 1
20 8 13608 1
46 19 13584 1
1 27 13576 1
9 10 13573 1
2 10 13644 1
15 34 13581 1
15 8 13617 1
37 63 13638 1
6 8 13589 1
9 10 13594 1
46 140 13599 1
20 8 13627 1
2 68 13606 1
118 8 13675 1
9 10 13617 1
20 8 13652 1
115 8 13637 1
2 8 13689 1
6 8 13632 1
46 68 13640 1
9 10 13641 1
114 11 13647 1
6 8 13657 1
20 34 13650 1
1 27 13659 1
9 10 13659 1
46 19 13676 1
118 140 13732 1
15 8 13703 1
9 10 13679 1
21 34 13675 1
20 8 13720 1
46 28 13687 1
6 141 13694 1
2 19 13700 1
2 8 13759 1
9 10 13705 1
20 8 13745 1
46 11 13723 1
6 142 13722 1
51 59 13805 1
2 8 13799 1
20 8 13770 1
2 35 13792 1
46 68 13755 1
9 10 13743 1
114 40 13757 1
9 10 13783 1
1 14 13767 1
15 8 13812 1
2 8 13857 1
57 87 13797 1
18 8 13804 1
51 52 13807 1
46 8 13859 1
6 8 13800 1
12 61 14124 1
9 10 13843 1
51 59 13999 1
139 58 13819 1
37 63 13881 1
46 28 13829 1
39 59 13866 1
139 58 13828 1
114 11 13838 1
139 58 13840 1
21 34 13837 1
2 27 13875 1
20 8 13878 1
46 11 13864 1
139 58 13859 1
6 143 13863 1
9 10 13870 1
20 8 13907 1
118 30 13911 1
6 8 13882 1
139 58 13985 1
9 10 13891 1
46 14 13905 1
47 58 13885 1
94 10 13899 1
18 8 13903 1
20 8 13934 1
9 10 13921 1
20 8 13947 1
32 63 14451 1
2 8 13977 1
46 13 13923 1
21 34 13926 1
18 87 13926 1
46 8 13984 1
21 34 13932 1
2 28 13933 1
9 10 13935 1
6 8 13933 1
6 8 13933 1
9 10 13969 1
2 19 13964 1
2 34 13971 1
21 34 13965 1
1 8 14005 1
2 8 14037 1
9 10 13982 1
15 8 14011 1
2 134 13991 1
139 34 13990 1
9 10 13987 1
21 34 13991 1
114 40 13988 1
114 11 13999 1
20 8 14044 1
2 30 14034 1
46 40 14022 1
9 10 14025 1
20 87 14058 1
20 34 14031 1
21 34 14041 1
2 8 14092 1
9 10 14054 1
31 8 14065 1
60 108 14049 1
46 8 14109 1
18 8 14064 1
9 10 14084 1
46 8 14139 1
119 8 14090 1
6 8 14096 1
9 10 14098 1
118 34 14139 1
9 10 14125 1
46 8 14161 1
2 8 14189 1
60 108 14132 1
18 87 14131 1
9 10 14144 1
139 58 14139 1
31 8 14167 1
2 14 14167 1
9 10 14151 1
139 58 14146 1
46 17 14186 1
6 8 14159 1
9 10 14174 1
51 8 14397 1
9 10 14180 1
32 8 14210 1
16 8 14200 1
6 8 14187 1
18 8 14196 2
2 8 14260 1
2 8 14281 1
9 10 14247 1
62 75 14316 1
46 34 14616 1
139 58 14261 1
9 10 14269 1
9 10 14376 1
46 17 15239 2
118 140 14290 1
139 58 14301 1
5 133 14301 1
73 92 14302 1
3 19 14321 1
74 75 14316 2
48 8 14419 1
39 59 14834 1
48 49 14337 1
47 63 14477 1
33 8 14507 1
32 30 14368 1
21 34 14371 1
32 27 15087 1
2 24 14380 1
90 8 14451 1
9 10 14394 1
2 28 14402 1
46 19 14668 1
1 34 14414 2
9 10 14427 1
1 34 14428 2
1 34 14444 2
2 140 14540 1
37 63 14835 1
1 34 14451 2
9 10 14469 1
21 34 14466 1
1 34 14486 2
1 34 14507 2
1 34 14519 2
46 34 15939 1
9 10 14540 1
9 10 14549 1
51 34 14627 1
9 10 14569 1
0 79 14570 1
9 10 14571 1
0 79 14579 1
9 10 14585 1
47 63 14732 1
9 10 14593 1
21 34 14601 1
3 123 14603 1
60 108 14612 1
9 10 14625 1
21 27 15159 1
3 11 14626 1
12 134 14643 1
32 58 14645 1
9 10 14639 1
60 108 14643 1
1 34 14645 2
2 19 15210 1
21 34 14647 1
33 8 14767 1
21 34 14658 1
9 10 14699 1
3 19 14729 1
1 34 14697 2
71 58 15234 1
9 10 14728 1
3 19 14752 1
9 10 14733 1
1 34 14742 2
90 111 14752 1
90 111 14756 1
39 59 14870 1
3 19 14774 1
9 10 14804 1
77 78 14767 1
77 58 14899 1
0 105 14773 1
3 19 14802 1
0 79 14781 1
144 111 14790 1
144 79 14793 1
144 111 14793 1
37 63 14891 1
3 19 14811 1
9 10 14809 1
1 34 14810 2
39 59 14898 1
9 10 14819 1
3 19 14818 1
1 34 14820 2
3 19 14831 1
9 10 14911 1
37 63 14913 1
3 19 14841 1
39 59 14914 1
3 19 14849 1
3 19 14861 1
3 19 14867 1
37 63 14961 1
3 19 14888 1
39 59 14966 1
139 58 14888 1
3 19 14919 1
39 59 14983 1
37 63 15000 1
9 10 14924 1
1 34 14922 2
39 59 15000 1
3 19 14934 1
9 10 14941 1
3 19 14945 1
37 63 15027 1
3 19 14957 1
77 59 15021 1
80 81 14955 1
9 10 14970 1
3 19 14968 1
66 126 15032 1
3 19 14980 1
9 10 14999 1
3 19 15003 1
9 10 15011 1
37 63 15082 1
3 19 15029 1
9 10 15020 1
9 10 15032 1
37 63 15101 1
107 63 15036 1
107 63 15042 1
3 19 15043 1
9 10 15060 1
1 34 15054 2
3 19 15055 1
3 19 15123 1
39 59 15122 1
9 10 15087 1
37 63 15150 1
32 58 15197 1
21 30 15093 1
9 10 15135 1
21 34 15101 1
39 59 15160 1
21 34 15137 1
3 19 15138 1
39 59 15190 1
9 10 15186 1
37 63 15203 1
3 19 15156 1
39 59 15208 1
21 8 15210 2
3 19 15158 1
47 93 15165 1
39 59 15227 1
21 27 15174 2
47 58 15230 1
1 8 15234 1
37 63 15233 1
32 27 15177 1
32 27 15189 2
46 11 15232 1
15 34 15198 2
118 28 15185 1
15 34 15205 1
37 63 15255 1
5 8 15298 1
9 10 15208 1
39 59 15264 1
9 10 15221 1
20 87 15276 1
16 35 15229 1
31 17 15228 1
18 8 15237 1
118 34 15274 1
37 63 15283 1
39 105 15236 1
9 10 15240 1
3 19 15238 1
46 10 15317 1
0 105 15235 1
135 17 15246 2
42 43 15248 1
57 87 15262 2
121 128 15261 1
2 28 15253 1
16 17 15254 2
18 87 15255 1
66 63 15310 1
21 30 15310 1
57 111 15263 2
118 30 15312 1
6 8 15265 2
117 125 15276 1
139 58 15544 1
6 8 15272 1
46 19 15306 1
39 59 15329 1
4 58 15544 1
37 63 15333 1
124 125 15281 1
6 8 15294 2
33 25 15407 1
21 30 15290 1
2 19 15325 1
18 8 15296 1
21 8 15348 1
46 11 15320 1
9 10 15312 1
32 34 15298 1
20 8 15355 1
2 27 15375 1
39 59 15362 1
18 8 15325 2
3 10 15387 1
6 8 15319 1
119 87 15323 1
6 8 15332 1
66 63 15377 1
32 35 15357 1
6 8 15326 1
9 10 15334 1
39 59 15381 1
1 14 15333 1
21 8 15371 1
46 34 15365 1
66 63 15401 1
18 10 15361 1
2 27 15397 1
39 59 15408 1
1 87 15394 1
113 8 15380 1
2 19 15387 1
6 8 15373 1
37 63 15427 1
15 34 15373 1
9 10 15386 1
9 10 15385 1
31 8 15426 1
9 8 15399 1
16 8 15407 1
39 59 15439 1
1 8 15455 1
2 27 15440 1
18 87 15397 1
21 8 15429 1
46 19 15427 1
9 10 15407 1
7 25 15523 1
39 59 15467 1
18 10 15422 1
62 92 15466 1
9 10 15435 1
2 8 15510 1
1 10 15460 1
62 64 15435 1
37 63 15488 1
46 19 15470 1
31 8 15485 1
9 10 15458 1
2 8 15537 1
9 8 15465 2
18 8 15470 1
9 10 15466 1
74 75 15477 1
20 87 15507 1
9 10 15478 1
12 111 15547 2
9 10 15498 1
46 24 15495 2
9 10 15496 1
9 10 15500 1
18 8 15513 1
9 10 15522 1
20 22 15525 2
7 25 15545 1
119 8 15532 2
33 23 15546 1
2 34 15576 1
46 8 15599 1
144 111 15554 2
46 19 15579 1
139 58 16191 1
4 58 16192 1
6 8 15572 2
7 25 15773 1
33 23 15885 1
2 28 15575 1
118 35 15630 1
9 10 15590 1
5 133 15582 1
20 8 15618 1
46 19 15603 1
32 133 15588 1
6 8 15602 1
9 87 15612 1
2 8 15668 1
20 8 15644 1
1 34 15677 1
6 8 15621 1
9 10 15633 1
46 11 15635 1
3 19 15639 1
2 8 15700 1
113 8 15648 1
20 8 15678 1
9 10 15658 1
46 19 15676 1
2 8 15730 1
9 10 15668 1
6 8 15681 1
9 10 15687 1
20 8 15716 1
46 40 15700 1
47 58 15696 1
2 8 15751 1
9 10 15707 1
3 19 15705 1
1 34 15720 1
46 8 15771 1
6 145 15720 1
9 10 15717 1
15 34 15717 1
31 34 15723 1
118 8 15784 1
9 10 15736 1
2 8 15801 1
46 19 15764 1
9 10 15763 1
2 10 15820 1
9 10 15764 1
18 87 15764 1
20 8 15795 1
18 10 15773 1
6 8 15772 1
46 87 15824 1
7 8 16114 1
9 10 15789 1
2 14 15809 1
46 19 15818 1
9 8 15827 1
20 19 15802 1
20 8 15851 1
20 8 15858 1
18 8 15828 2
46 19 15846 1
9 10 15838 1
2 26 15893 1
39 59 15882 1
113 10 15841 1
20 19 15849 1
1 10 15876 1
46 19 15866 1
6 8 15862 1
9 10 15873 1
2 68 15881 1
20 8 15911 1
57 8 15885 2
18 8 15887 1
5 10 15932 1
9 10 15896 1
21 34 15900 1
21 27 15899 1
113 10 15917 1
6 8 15907 1
32 34 15902 1
18 87 15906 1
31 17 15908 1
16 8 15925 1
2 10 15975 1
21 22 15920 1
15 34 15918 1
21 27 15922 1
16 17 15920 2
32 87 15939 1
47 58 15930 1
9 10 15924 1
33 23 15935 1
33 23 15929 1
115 35 15941 1
9 8 15943 1
33 23 15952 1
32 136 15944 1
33 23 15937 1
46 8 15995 1
6 8 15941 1
121 53 15976 1
33 23 15947 1
9 8 15980 1
2 8 16010 1
37 63 16850 1
33 23 15966 1
9 10 15969 1
2 29 16000 1
46 10 16020 1
45 41 15980 1
33 23 15984 1
6 8 15983 1
9 10 15985 1
60 108 15983 1
6 8 15982 1
33 23 15991 1
18 10 15999 1
2 17 16031 1
46 11 16010 1
33 23 16005 1
32 8 16037 1
3 11 16012 1
33 23 16018 1
9 10 16018 1
6 8 16009 1
3 8 16048 1
46 87 16063 1
2 28 16015 1
33 23 16015 1
9 8 16025 1
33 23 16020 1
6 8 16029 1
33 23 16025 1
33 23 16025 1
9 10 16040 1
46 10 16092 1
33 23 16038 1
33 23 16041 1
18 8 16047 1
9 8 16053 1
33 23 16046 1
21 8 16076 1
62 92 16166 1
7 25 16053 1
9 10 16058 1
18 8 16069 1
33 25 16195 1
46 8 16121 1
9 10 16074 1
9 10 16071 1
18 8 16083 1
2 8 16134 1
9 10 16107 1
33 25 16179 1
18 8 16116 2
6 8 16110 1
9 10 16123 1
46 8 16166 1
6 8 16139 1
9 10 16160 1
9 10 16137 1
2 140 16144 2
46 8 16191 1
46 68 16161 2
118 68 16148 1
2 24 16208 2
46 28 16168 1
6 8 16169 1
9 10 16182 1
74 108 16178 1
3 19 16176 1
9 10 16176 1
20 22 16186 1
9 10 16193 1
32 17 16196 1
15 34 16189 2
119 8 16201 2
57 87 16201 1
20 34 16209 1
139 63 16406 1
4 92 16566 1
6 8 16224 2
7 25 16228 1
7 25 16221 1
31 17 16224 1
6 8 16221 2
16 17 16223 1
16 17 16224 1
6 8 16225 1
9 10 16232 1
115 35 16226 1
113 8 16274 1
7 8 16401 1
57 10 16231 1
2 19 16286 1
6 8 16233 1
9 10 16246 1
9 10 16242 1
46 40 16263 1
33 23 16242 1
9 10 16336 1
47 58 16265 1
20 19 17206 1
47 58 16311 1
20 19 16291 1
48 49 16290 1
20 14 16306 1
2 24 16295 1
39 59 16839 1
50 8 16383 1
2 133 16437 1
139 59 16441 1
1 10 17191 1
47 63 16477 1
1 34 16346 1
39 88 16364 1
9 10 16362 1
46 87 17240 1
7 8 16471 1
6 8 16381 1
47 63 16517 1
1 34 16423 1
9 10 16438 1
46 8 17278 1
71 91 16575 1
9 10 16501 1
1 34 16499 1
62 108 16650 1
9 10 16525 1
51 58 16648 1
9 10 16528 1
50 146 16547 1
51 63 16637 1
90 91 16592 2
39 88 16580 1
51 63 16676 1
90 61 16612 1
45 41 16606 1
51 58 16705 1
60 108 16620 1
1 34 16643 1
62 70 16716 1
74 75 16658 1
1 34 16657 1
73 92 16721 1
33 26 16916 1
62 92 16786 1
9 10 16786 1
33 23 16765 1
37 38 16871 1
39 59 16873 1
9 10 16841 1
3 19 16806 1
37 38 16803 1
39 88 16816 1
37 63 16903 1
90 136 16815 1
77 59 16894 1
3 133 16819 1
89 127 16824 1
39 88 16820 1
121 136 16821 1
80 81 16822 1
3 11 16831 1
37 63 16922 1
3 19 16846 1
39 59 16920 1
9 10 16884 1
3 19 16860 1
37 63 16946 1
39 59 16961 1
37 63 16969 1
9 8 16946 1
3 19 16903 1
3 11 16925 1
37 63 16993 1
39 59 16991 1
3 133 16941 1
6 8 16936 1
9 10 16947 1
33 8 17112 1
39 59 17015 1
51 146 16955 1
37 63 17019 1
9 10 17016 1
51 52 16971 1
39 59 17034 1
39 59 17055 1
37 63 17082 1
39 59 17080 1
9 10 17082 1
37 63 17106 1
39 59 17104 1
47 58 17288 1
9 10 17088 1
39 59 17139 1
37 63 17145 1
3 133 17089 1
89 127 17085 1
3 10 17221 1
39 59 17163 1
37 63 17170 1
9 10 17125 1
39 59 17184 1
4 93 17135 1
9 10 17154 1
37 63 17186 1
9 10 17161 1
37 63 17223 1
39 59 17238 1
9 10 17177 1
2 68 17222 1
9 8 17201 1
18 87 17194 2
20 19 17200 1
46 17 17287 1
9 10 17216 1
21 22 17207 1
39 59 17268 1
9 8 17229 1
5 19 17233 1
20 27 17261 2
37 63 17288 1
119 8 17235 1
9 10 17236 1
39 88 17240 1
51 52 17237 1
57 8 17258 2
109 59 17291 1
51 52 17250 1
21 27 17249 2
2 10 17328 1
2 140 17255 1
9 10 17265 1
32 26 17297 2
118 28 17258 1
32 27 17264 2
6 8 17281 1
1 34 17273 1
1 34 17277 1
9 10 17288 1
39 59 17338 1
46 10 17356 1
31 17 17293 1
2 28 17298 1
20 35 17344 1
37 63 17360 2
16 8 17318 2
31 17 17305 2
115 26 17298 1
9 10 17296 1
94 58 17300 1
139 58 17320 1
57 111 17312 2
5 8 17398 1
2 19 17350 1
37 63 17384 1
46 8 17401 1
139 58 17519 1
39 59 17383 1
57 8 17348 2
51 52 17326 2
51 52 17342 2
33 25 17522 1
2 14 17374 1
66 63 17402 1
39 59 17398 1
6 8 17346 1
46 11 17369 1
9 10 17347 1
115 8 17374 1
107 63 17352 2
18 8 17365 1
37 63 17421 1
1 17 17397 1
39 59 17420 1
3 8 17421 1
9 10 17382 1
2 10 17460 1
51 52 17384 2
46 8 17449 1
1 26 17435 1
51 52 17393 2
2 34 17434 1
37 38 17397 1
9 10 17409 1
37 72 17417 2
46 8 17472 1
94 8 17430 1
9 10 17417 1
69 63 17486 2
39 78 17425 1
109 95 17428 1
9 10 17436 1
90 103 17458 1
1 29 17435 1
1 14 17435 1
94 35 17434 1
113 8 17455 1
51 52 17497 1
32 8 17496 1
39 59 17501 1
9 10 17458 1
46 40 17475 1
147 70 17486 1
6 8 17469 1
18 8 17478 1
9 10 17480 1
139 58 17476 1
3 19 17535 2
139 58 17483 1
45 92 17495 1
89 63 17554 2
2 8 17580 1
9 10 17521 1
6 8 17502 1
39 59 17551 1
3 19 17507 1
51 52 17543 1
32 27 17508 1
31 35 17524 1
21 27 17522 1
2 8 17601 1
139 58 17648 1
16 26 17535 1
32 8 17549 1
7 25 17649 1
57 87 17531 2
144 111 17529 2
18 87 17549 1
77 105 17551 1
144 87 17538 1
77 58 18728 1
2 8 17624 1
51 52 17559 1
9 10 17565 1
6 8 17551 1
0 79 17566 1
6 8 17554 1
37 63 17626 1
2 8 17638 1
51 52 17610 1
47 58 17577 1
0 79 17576 1
9 10 17585 1
12 34 17636 2
46 24 17584 1
47 58 17596 1
9 10 17609 1
37 63 17662 1
3 19 17609 1
39 59 17653 1
51 130 17642 1
9 10 17624 1
47 58 17644 1
21 34 17628 1
2 8 17701 1
32 111 17660 2
46 8 17721 1
9 8 17659 1
16 35 17643 1
129 63 17723 1
115 10 17648 1
32 34 17643 1
131 59 17655 1
18 8 17661 2
107 126 17660 1
139 58 17791 1
47 58 17677 1
7 25 17706 1
6 8 17684 2
46 8 17761 1
9 10 17689 1
47 58 17695 1
9 10 17704 1
46 8 17779 1
47 58 17711 1
113 8 17741 1
47 58 17714 1
9 10 17718 1
46 40 17747 1
46 13 17728 2
2 30 17777 2
9 10 17746 1
3 11 17744 1
47 58 17751 1
3 11 17748 2
3 34 17762 1
20 34 17763 2
20 14 17755 1
9 10 17762 1
20 8 17805 1
6 8 17782 1
46 8 17851 1
9 10 17794 1
15 34 17777 2
31 34 17781 2
16 17 17792 2
15 35 17802 2
16 17 17792 1
2 8 17870 1
47 58 17814 1
9 10 17806 1
18 8 17827 2
139 58 18136 1
2 8 17894 1
47 58 17825 1
6 8 17829 1
9 10 17837 1
46 8 17909 1
76 78 18136 1
47 58 17859 1
118 8 17922 1
46 8 17931 1
9 10 17859 1
47 58 17867 1
9 10 17880 1
2 10 17940 1
46 61 18207 1
9 10 17891 1
46 24 17909 1
9 10 17910 1
47 58 17915 1
118 68 17921 1
46 40 17933 1
114 8 17967 1
3 19 17921 1
118 140 17992 1
6 8 17929 2
3 27 17946 1
9 10 17936 1
47 58 17934 1
2 19 17958 1
9 8 17950 1
1 30 17939 1
20 8 17987 1
21 8 17980 1
9 10 17956 1
46 68 17974 1
118 8 18028 1
20 8 18002 1
9 10 17970 1
2 133 17982 1
3 11 17977 1
46 8 18047 1
1 8 18026 1
1 58 18103 1
9 10 17999 1
6 8 18003 1
9 10 18006 1
46 14 18035 1
9 10 18013 1
118 140 18017 1
5 34 18086 1
9 10 18037 1
46 8 18096 1
32 133 18032 1
20 8 18072 1
6 8 18050 1
9 10 18058 1
2 8 18112 1
2 8 18132 1
6 8 18075 1
9 10 18076 1
6 8 18074 1
47 58 18081 1
9 10 18080 1
46 8 18146 1
31 58 18156 1
9 10 18102 1
2 8 18167 1
47 58 18110 1
6 8 18115 1
9 10 18123 1
46 11 18156 1
2 140 18132 1
6 8 18135 1
9 10 18132 1
47 58 18141 1
6 8 18134 1
118 140 18135 1
77 78 18190 1
37 63 18727 1
139 63 18320 1
5 34 19073 1
6 8 18148 1
47 58 18151 1
9 10 18153 1
3 11 19102 1
47 58 18157 1
46 11 18242 1
47 58 18170 1
2 140 18165 1
9 10 18166 1
118 28 18171 1
76 78 18167 1
47 58 18173 1
76 78 18182 1
9 10 18182 1
5 19 18200 1
9 10 18184 1
76 78 18195 1
76 78 18200 1
39 88 18625 1
47 58 18208 1
9 10 18209 1
9 10 18226 1
47 63 18392 1
3 11 18536 1
77 78 18214 1
2 24 19177 1
76 8 18756 1
62 64 18227 1
118 68 18260 1
62 92 18329 1
9 10 18246 1
5 68 18248 1
9 10 18290 1
47 35 18300 1
3 19 18272 1
1 14 18268 1
5 68 18270 1
0 79 18277 1
3 19 18287 1
69 65 18279 1
69 65 18284 1
139 63 18429 1
3 19 18310 1
48 49 18290 1
46 13 18294 1
32 58 18407 1
9 10 18299 1
50 8 18382 1
47 34 18377 1
46 13 18311 1
48 49 18301 1
69 65 18299 1
48 49 18299 1
9 10 18347 1
73 65 18310 1
46 13 18319 1
46 24 18329 1
47 63 18488 1
32 34 18345 1
0 79 18362 1
33 8 18418 1
6 8 18370 1
32 136 18391 1
117 103 18384 1
9 10 18403 1
121 63 18460 1
0 79 18390 1
121 136 18397 2
33 8 18464 1
6 8 18413 1
9 10 18449 1
3 19 18433 1
3 19 18445 1
6 8 18460 1
9 10 18466 1
16 17 18469 1
3 19 18487 1
16 17 18479 1
3 19 18507 1
9 10 18506 1
46 13 18503 1
0 79 18506 1
0 79 18540 1
71 97 18557 1
3 19 18521 1
9 10 18523 1
3 11 18544 1
9 10 18543 1
5 133 18545 1
3 8 19133 1
0 79 18551 1
32 133 18555 1
9 10 18562 1
96 41 18587 1
1 14 18567 1
46 24 18564 1
3 19 18582 1
0 79 18576 1
0 79 18591 1
32 58 18681 1
47 58 19616 1
9 10 18598 1
0 79 18601 1
0 79 18613 1
9 10 18633 1
109 59 18736 1
33 8 18729 1
144 111 18631 1
3 19 18632 1
9 10 18658 1
37 38 18656 1
37 63 18768 1
39 59 18763 1
9 10 18670 1
76 58 18790 1
9 10 18695 1
46 13 18703 1
3 19 18710 1
39 59 18797 1
46 13 18722 1
9 10 18729 1
39 59 18822 1
3 19 18744 1
9 10 18747 1
37 63 18831 1
9 10 18810 1
46 13 18762 1
37 63 18852 1
46 13 18776 1
39 59 18861 1
37 63 18885 2
89 127 18809 1
46 13 18811 1
39 59 18885 1
9 10 18843 1
62 70 18859 1
3 11 18829 1
46 13 18834 1
77 58 18967 1
9 10 18849 1
9 10 18876 1
37 63 18939 1
3 19 18857 1
73 92 18870 1
3 19 18874 1
39 111 18891 1
39 128 18922 1
9 10 18909 1
77 58 18998 1
90 59 18945 1
66 63 18963 1
39 59 18962 1
37 63 18979 1
3 19 18909 1
9 10 18937 1
90 111 18914 1
39 111 18936 1
117 103 18926 1
37 63 18999 1
90 59 18981 1
9 10 18948 1
39 59 19019 1
37 63 19031 1
47 58 18986 1
9 10 18988 1
37 38 18997 1
3 19 19001 1
66 63 19053 1
47 58 19254 1
39 59 19058 1
9 10 19023 1
3 19 19023 1
37 63 19073 1
33 25 19276 1
9 10 19086 1
100 102 19033 1
39 125 19083 1
37 63 19098 1
20 14 19047 1
20 27 19096 1
3 8 19176 1
77 59 19126 1
46 8 19200 1
37 63 19132 1
15 8 19121 1
39 88 19079 1
77 105 19194 1
6 8 19105 1
9 10 19101 1
118 68 19105 1
5 8 19200 1
21 34 19113 1
31 8 19149 1
147 70 19145 1
9 10 19118 1
39 88 19123 1
77 59 19166 1
62 64 19126 1
2 68 19147 1
107 126 19129 1
6 8 19139 1
46 13 19230 1
37 63 19189 1
39 59 19179 1
9 10 19160 1
73 92 19153 1
5 68 19152 1
5 14 19173 1
46 40 19189 1
74 75 19161 1
118 8 19256 1
20 8 19225 1
6 8 19181 1
9 10 19185 1
46 8 19270 1
3 8 19248 1
66 38 19247 2
18 8 19205 2
77 88 19269 1
9 10 19212 1
94 35 19207 1
118 68 19291 1
39 59 19260 1
46 34 19279 1
18 87 19222 1
6 8 19234 1
66 63 19282 1
9 10 19230 1
71 35 19618 1
9 10 19261 1
37 63 19315 1
2 19 19287 1
2 14 19287 1
39 88 19266 1
47 58 19266 1
109 126 19327 2
39 88 19270 2
47 58 19275 1
9 10 19271 1
90 84 19276 1
7 25 19619 1
47 58 19325 1
121 103 19295 2
31 8 19312 1
77 105 19472 1
46 24 19291 1
9 10 19289 1
2 14 19314 1
1 14 19342 2
9 10 19295 1
1 34 19310 1
115 35 19294 1
21 27 19300 1
113 26 19298 1
37 63 19353 1
114 8 19358 1
46 8 19381 1
9 10 19311 1
62 75 19368 1
9 10 19323 1
118 14 19344 1
47 58 19615 1
2 8 19412 1
15 8 19363 1
37 63 19384 1
9 10 19341 1
6 8 19340 1
20 8 19394 1
9 10 19346 1
82 83 19346 1
39 59 19398 1
46 8 19412 1
6 8 19361 1
9 10 19367 1
39 59 19427 1
9 10 19379 1
20 8 19432 1
6 8 19379 1
46 8 19444 1
9 10 19399 1
46 8 19463 1
39 59 19450 1
3 10 19452 1
2 8 19479 1
6 8 19416 1
9 10 19418 1
46 87 19481 1
9 10 19435 1
6 8 19448 1
9 10 19448 1
9 8 19461 1
2 8 19525 1
18 10 19455 1
46 8 19527 1
15 34 19465 1
9 10 19468 1
37 38 19466 1
37 72 19481 1
16 35 19480 1
9 10 19473 1
9 8 19489 2
2 8 19552 1
9 10 19512 1
39 81 19501 2
90 104 19512 2
90 91 19498 2
46 8 19567 1
90 91 19502 2
80 126 19555 2
77 58 20776 1
98 99 19507 2
117 63 19545 2
2 8 19581 1
6 8 19531 1
9 10 19540 1
118 28 19536 1
5 8 19599 1
9 10 19552 1
2 8 19626 1
9 10 19570 1
12 111 19627 2
46 28 19576 1
6 8 19580 1
9 10 19584 1
114 40 19587 2
3 19 19594 2
9 10 19614 1
2 8 19675 1
12 111 19670 2
57 35 19619 2
118 68 19628 1
6 8 19631 2
16 8 19653 1
139 58 19667 1
4 26 19667 1
6 8 19641 2
7 25 19667 1
47 58 19669 1
20 34 19641 2
1 34 19650 2
2 24 19711 1
9 10 19663 1
32 34 19654 2
46 8 19718 1
1 34 19682 1
115 87 19667 1
32 8 19700 1
94 58 19669 1
6 8 19670 1
47 58 19672 1
118 34 19783 1
57 148 19689 2
57 35 19676 2
139 63 20274 1
47 58 19751 1
4 61 20465 1
7 8 19906 1
32 58 19745 1
46 8 19741 1
9 10 19702 1
2 8 19756 1
46 8 19773 1
9 10 19715 1
9 10 19733 1
118 34 19786 1
6 8 19744 1
9 10 19744 1
6 8 19743 1
2 35 19799 1
9 10 19759 1
39 125 19796 1
47 58 19769 1
46 11 19777 1
6 8 19776 1
47 58 19781 1
9 10 19782 1
6 8 19775 1
3 8 19821 1
46 27 19816 1
9 10 19802 1
47 58 19784 1
118 68 19797 1
31 58 19840 1
47 58 19807 1
94 8 19816 1
124 59 19805 1
46 8 19859 1
32 34 19838 1
21 17 19828 1
9 10 19831 1
47 58 19834 1
16 87 19836 1
15 34 19828 1
31 10 19841 1
21 58 19902 1
18 8 19839 2
15 8 19865 1
9 8 19845 1
12 41 20118 1
6 8 19843 1
9 10 19846 1
6 8 19860 1
2 8 19906 1
9 10 19878 1
47 58 19864 1
2 8 19933 1
47 58 19898 1
9 87 19902 1
47 58 19909 1
6 8 19901 1
9 10 19915 1
2 140 19913 1
118 8 19961 1
46 40 19928 1
5 58 20069 1
20 8 19965 1
118 11 19958 2
118 68 19943 1
47 58 20056 1
9 10 19953 1
46 40 19956 1
5 30 19995 1
20 8 19996 1
32 14 19988 2
9 10 19987 1
2 8 20029 1
21 22 19969 1
46 11 20001 1
9 10 20020 1
1 27 20010 2
32 27 20004 1
2 8 20065 1
20 8 20039 1
32 34 20021 1
32 34 20066 2
46 133 20033 1
15 34 20029 1
6 8 20032 1
20 8 20066 1
6 8 20037 2
31 34 20044 1
3 8 20080 1
9 10 20053 1
6 8 20038 1
46 8 20110 1
31 34 20056 1
3 8 20096 1
47 58 20058 1
18 8 20065 1
31 34 20149 2
9 10 20073 1
47 58 20073 1
46 8 20146 1
9 10 20085 1
114 11 20091 1
18 87 20087 1
47 58 20093 1
3 8 20126 1
9 10 20100 1
118 34 20273 1
9 10 20117 1
45 41 20123 1
9 10 20134 1
2 8 21055 1
6 8 20125 1
60 108 20128 1
6 8 20140 1
9 10 20159 1
46 87 21058 1
47 63 20310 1
9 10 20239 1
47 58 20181 1
2 24 20184 1
46 11 20281 1
2 19 20250 1
47 63 20349 1
50 8 20286 1
48 49 20204 1
48 49 20228 1
33 23 20263 1
50 8 20312 1
12 40 20292 1
2 133 20409 1
47 58 20244 2
9 10 20265 1
47 63 20407 1
7 23 20271 1
7 8 20438 1
50 8 20354 1
18 87 20295 1
47 59 20426 1
3 34 20339 1
139 58 20291 1
6 8 20318 1
39 59 20744 1
9 10 20329 1
2 24 20323 1
37 63 20750 1
12 13 20330 2
39 88 20328 1
9 10 20331 1
12 13 20334 2
12 13 20357 2
3 34 21345 1
6 8 20348 2
9 10 20399 1
2 13 20362 1
46 13 20399 2
9 10 20379 1
3 11 20399 1
46 13 20417 2
114 19 20415 1
51 52 20408 1
114 40 20635 1
51 58 20485 1
46 13 20438 2
149 150 20425 1
33 26 20473 1
48 49 20429 1
46 13 20453 2
51 58 20529 1
50 53 20445 1
9 10 20455 1
50 8 20611 1
45 41 20464 1
46 13 20492 2
60 108 20468 1
113 8 20502 1
33 10 20516 1
2 28 20479 1
6 8 20491 2
2 28 20504 1
3 133 20506 1
46 13 20511 2
51 136 20543 1
9 10 20513 1
33 8 20577 1
46 28 20531 2
114 40 20517 1
2 28 20521 1
9 8 20545 1
46 13 20581 2
51 146 20536 1
51 130 20560 1
121 34 20560 1
9 10 20552 1
32 58 20609 1
2 28 20561 1
129 63 20624 1
50 146 20571 1
51 58 20657 1
71 58 21137 1
6 8 20579 1
9 10 20593 1
46 13 20596 2
46 13 20694 2
9 10 20627 1
3 133 20615 1
9 10 20635 1
3 19 20654 1
2 28 20639 1
9 10 20652 1
3 8 21085 1
2 28 20660 1
0 95 20657 1
9 10 20703 1
37 63 20772 1
90 84 20681 1
2 28 20677 1
77 58 20829 1
2 28 20689 1
39 88 20770 1
32 34 20703 1
46 13 20908 2
139 58 20708 1
9 10 20723 1
90 111 20709 1
37 63 20804 1
47 58 20720 1
47 58 20725 1
9 10 20737 1
71 8 20834 1
39 59 20818 1
37 63 20823 1
39 88 20740 1
9 10 20768 1
39 88 20744 1
39 59 20842 1
37 63 20844 1
33 8 20860 1
9 10 20773 1
9 10 20793 1
39 59 20860 1
39 88 20785 1
9 10 20800 1
39 88 20790 1
37 63 20866 1
9 10 20832 1
37 63 20891 1
39 59 20902 1
33 8 20930 1
9 10 20838 1
9 10 20901 1
39 59 20929 1
6 8 20862 1
37 63 20929 1
3 133 20892 1
50 53 20906 1
39 59 20972 1
37 63 20975 1
46 13 20915 2
50 8 22219 1
46 34 21125 2
90 111 20921 1
9 10 20972 1
2 28 20934 1
39 59 21004 1
37 63 21019 1
51 63 21574 1
66 63 21031 1
39 59 21031 1
9 10 21044 1
39 126 21051 1
37 63 21059 1
3 26 21107 1
1 34 21020 1
39 59 21075 1
21 30 21025 1
21 8 21077 1
37 63 21097 1
39 59 21092 1
66 63 21114 1
18 8 21068 1
9 10 21064 1
37 63 21133 1
47 58 21081 1
9 10 21090 1
1 34 21094 1
39 59 21142 1
139 58 21095 1
37 63 21151 1
9 10 21101 1
46 24 21102 1
9 10 21105 1
115 8 21124 2
46 28 21130 1
39 59 21157 1
21 34 21117 1
77 79 21173 1
5 8 21184 1
139 58 21128 1
32 111 21151 2
9 10 21125 1
16 17 21124 1
114 8 21194 1
114 8 21211 1
115 35 21132 1
46 8 21228 1
37 63 21200 1
6 8 21150 1
39 59 21201 1
2 140 21240 1
9 10 21176 2
4 58 21351 1
46 8 21246 1
39 126 21228 2
37 63 21224 1
0 79 21241 1
139 58 21188 1
6 8 21189 1
6 8 21197 1
9 10 21198 1
2 34 21257 1
46 8 21286 1
139 58 21211 1
9 10 21213 1
9 10 21233 1
46 8 21305 1
89 72 21249 2
139 58 21273 1
82 83 21242 2
9 10 21268 1
0 79 21329 1
20 19 21254 1
16 17 21262 1
2 27 21335 2
90 63 21302 2
46 8 21330 1
118 28 21267 1
2 28 21276 2
139 58 21287 1
9 10 21290 1
6 8 21284 1
37 63 21342 1
139 58 21289 1
3 27 21321 1
39 59 21349 1
139 58 21305 1
9 10 21314 1
12 34 21347 2
37 63 21367 1
9 10 21319 1
139 58 21328 1
39 126 21398 2
15 8 21371 2
6 8 21332 1
139 58 21333 1
9 10 21336 1
20 34 21337 2
15 87 21373 2
139 58 21348 1
9 10 21351 1
2 28 21343 1
37 63 21395 1
0 58 22699 1
118 8 21434 2
138 128 21356 2
94 35 21361 2
20 41 21871 1
57 87 21364 2
2 11 21392 1
4 58 21413 1
139 58 21388 1
6 151 21399 2
2 24 21403 1
20 8 21439 1
9 10 21413 1
118 27 21446 1
139 58 21410 1
46 8 21476 1
118 68 21414 1
139 58 21417 1
4 58 21479 1
18 87 21420 1
2 140 21424 1
3 14 21438 1
118 28 21436 1
2 28 21431 1
18 87 21429 2
9 10 21443 1
152 153 21437 1
5 68 21443 1
1 29 21445 1
9 10 21451 1
32 8 21494 2
37 63 21505 1
46 8 21517 1
139 58 21459 1
80 81 21453 1
9 10 21455 1
9 10 21459 1
1 27 21476 1
139 58 21475 1
2 140 21466 1
18 8 21470 1
118 58 21594 1
94 35 21474 1
139 58 21472 1
4 35 21899 1
15 10 21505 1
9 10 21484 1
46 19 21514 1
9 87 21498 1
6 8 21495 1
119 8 21499 1
20 10 21545 1
6 8 21505 1
46 8 21581 1
5 133 21513 1
20 8 21558 1
3 26 21564 1
9 10 21543 1
6 8 21524 1
2 10 21598 1
139 58 21534 1
46 68 21560 1
118 34 21606 1
6 8 21561 1
9 10 21565 1
3 8 21613 1
46 8 21627 1
139 58 21578 1
118 34 21624 1
39 59 21614 1
9 10 21598 1
2 58 21684 1
37 63 21637 1
46 8 21657 1
139 58 21614 1
2 87 21676 1
9 10 21618 1
16 8 21638 1
46 19 21638 1
71 93 21625 1
18 8 21630 1
139 58 21630 1
2 8 21700 1
71 93 21632 1
9 10 21645 1
139 58 21638 1
71 41 22477 1
20 8 21682 1
2 14 21673 1
113 8 21662 1
46 8 21718 1
139 58 21660 1
9 10 21671 1
114 68 21664 1
139 58 21667 1
2 8 21741 1
20 26 21705 1
9 8 21688 1
46 8 21748 1
154 146 21692 1
139 58 21715 1
51 63 21906 1
9 10 21706 1
115 35 21700 1
46 8 21775 1
6 8 21721 1
9 10 21725 1
139 58 21719 1
3 11 21727 1
118 29 21767 1
2 28 21753 1
6 155 21751 1
2 8 21806 1
9 10 21764 1
5 17 21784 1
37 38 21751 1
37 63 22718 1
1 14 21756 1
139 58 21759 1
139 58 21770 1
46 8 21824 1
1 58 21854 1
6 8 21778 1
9 10 21791 1
39 59 22710 1
20 19 21792 1
94 26 21792 1
46 8 21853 1
139 58 21839 1
21 27 21799 1
94 35 21810 1
6 8 21828 1
9 10 21842 1
118 8 21881 1
46 8 21889 1
139 58 21844 1
9 10 21855 1
2 19 21867 1
139 58 21875 1
46 8 21909 1
9 10 21873 1
5 34 21887 1
2 35 21926 1
74 75 21879 1
6 156 21885 1
139 58 21886 1
15 26 21903 2
6 8 21892 1
9 10 21897 1
6 8 21891 1
57 8 21916 2
2 26 21948 1
4 41 22437 1
46 8 21957 1
9 10 21925 1
4 93 21923 1
115 8 21939 1
46 8 21976 1
9 10 21946 1
6 8 21938 1
139 58 21949 1
113 8 21963 1
6 8 21960 1
6 8 21959 1
2 8 22025 1
9 10 21966 1
139 58 21965 1
18 87 21968 1
46 8 22031 1
9 10 22013 1
46 13 22017 1
2 8 22056 1
118 140 22016 1
3 8 22058 1
5 58 22176 1
9 10 22037 1
9 10 22047 1
46 8 22090 1
139 58 22055 1
18 8 22060 2
6 8 22062 1
9 10 22083 1
2 87 23015 1
6 8 22093 1
9 10 22195 1
46 8 23022 1
48 49 22154 1
39 88 22164 1
50 8 22248 1
51 58 22255 1
39 88 22209 1
2 24 22261 1
139 58 22177 1
48 49 22180 1
139 58 22184 1
46 68 22240 1
50 87 22258 1
12 157 22227 1
46 13 22218 1
39 88 22261 1
50 53 22228 1
46 24 22251 1
90 8 22303 1
2 34 23670 1
2 11 23019 1
6 8 22253 1
139 58 22250 1
2 140 22256 1
37 38 22254 1
139 58 22263 1
18 8 22267 2
51 58 22372 1
6 8 22271 1
5 68 22374 1
39 38 22266 1
9 10 22286 1
39 38 22286 1
39 38 22288 1
57 10 22289 1
32 34 22472 1
6 8 22311 1
9 10 22344 1
39 88 22416 1
139 58 22319 1
46 157 22322 1
3 11 22324 1
46 157 22390 1
139 58 22338 1
3 11 22350 1
16 17 22361 1
9 10 22367 1
16 17 22441 1
32 34 22369 1
9 10 22416 1
32 34 22371 1
71 93 22373 1
5 68 22394 1
4 58 22399 1
71 61 22511 1
46 157 22392 1
3 11 22424 1
46 157 22409 1
94 58 22412 1
46 157 22423 1
71 44 22547 1
39 88 22446 1
46 157 22457 1
3 68 22448 1
9 10 22436 1
45 41 22443 1
60 108 22447 1
107 126 22452 1
5 11 22456 1
33 10 22517 1
39 38 22491 1
5 11 22462 1
46 157 22540 1
45 41 22475 1
3 11 22496 1
32 34 22491 1
60 108 22481 1
45 61 22479 1
60 108 22484 1
9 10 22490 1
39 59 22730 1
5 11 22648 1
9 10 22509 1
71 8 22581 1
9 8 22539 1
90 84 22518 1
90 111 22524 1
3 11 22541 1
45 53 22553 1
45 41 22550 1
9 10 22555 1
46 157 22561 1
60 108 22554 1
45 41 22555 1
60 108 22561 1
154 146 22565 1
46 157 22602 1
51 63 22665 1
3 11 22586 1
3 11 22596 1
46 157 22688 1
9 10 22617 1
76 58 22762 1
9 10 22629 1
37 38 22628 1
37 72 22680 2
9 10 22633 1
3 11 22781 1
90 111 22653 1
89 127 22663 2
9 10 22676 1
39 88 22690 1
109 128 22723 1
9 10 22698 1
82 104 22731 2
46 157 22695 1
69 72 22704 2
46 157 22705 1
9 10 22714 1
69 91 22726 2
109 99 22730 1
46 157 22712 1
109 127 22713 2
46 157 22784 1
9 10 22718 1
90 91 22723 2
9 10 22765 1
90 63 22799 2
37 63 22832 1
98 103 22756 1
117 104 22735 2
77 59 22801 1
106 59 22754 1
90 91 22751 1
131 126 22763 1
117 103 22763 1
37 63 22856 1
124 59 22775 1
39 59 22842 1
9 10 22783 1
3 11 22813 1
9 10 22798 1
46 157 22797 1
46 157 22976 1
37 63 22883 1
109 59 22862 1
118 140 22843 1
9 10 22822 1
5 11 22974 1
33 8 22891 1
37 63 22904 1
39 59 22892 1
9 10 22857 1
138 104 22841 1
37 63 22931 1
39 88 22861 1
9 10 22875 1
77 59 22926 1
131 126 22865 1
2 140 22878 1
37 63 22951 1
39 59 22943 1
118 140 22940 1
90 111 22908 1
66 63 22976 1
90 111 22910 1
90 128 22933 1
39 59 22976 1
66 63 22996 1
117 103 22935 1
1 34 22940 1
39 59 23001 1
124 125 22942 1
2 140 22948 1
124 59 22950 1
20 8 23050 1
2 140 22967 1
39 59 23033 1
46 157 23003 1
5 8 23086 1
2 140 22985 1
37 63 23064 1
118 14 23059 1
20 8 23058 1
9 10 23002 1
42 91 23006 2
37 63 23081 1
46 11 23049 1
119 8 23019 1
9 10 23034 1
20 8 23080 1
37 63 23107 1
46 8 23136 1
2 24 23043 1
2 140 23050 1
20 8 23107 1
9 10 23067 1
6 8 23060 1
76 78 23287 1
114 68 23067 1
1 29 23063 1
1 34 23067 1
32 8 23119 1
6 8 23079 1
20 8 23127 1
46 19 23110 1
39 59 23131 1
37 127 23098 1
89 63 23167 2
37 91 23109 2
46 13 23113 2
39 128 23130 1
46 28 23119 1
20 8 23158 1
118 28 23118 2
138 104 23120 1
2 40 23128 1
5 133 23128 1
9 10 23127 1
66 63 23188 1
117 104 23130 1
2 140 23136 2
106 104 23136 1
3 133 23138 2
39 126 23201 1
20 8 23186 1
46 68 23163 1
20 26 23200 2
1 34 23163 2
37 63 23221 1
6 8 23159 1
3 19 23168 1
39 59 23209 1
90 111 23165 1
2 68 23189 1
20 8 23215 1
46 8 23247 1
9 10 23183 1
147 70 23203 1
32 17 23202 2
62 64 23191 1
9 10 23203 1
46 19 23221 1
39 59 23256 1
37 63 23262 1
113 26 23205 2
16 17 23205 2
20 34 23206 1
45 41 23210 1
118 8 23311 1
57 111 23215 2
1 8 23268 1
6 8 23216 2
147 92 23256 1
39 59 23274 1
20 87 23259 1
37 63 23283 1
62 64 23232 1
2 8 23332 1
6 8 23240 2
89 63 23308 1
89 127 23262 1
74 75 23263 1
80 104 23289 1
2 19 23291 1
46 40 23292 1
39 59 23334 1
9 10 23294 1
77 105 23407 1
20 10 23332 2
37 72 23314 2
9 10 23317 1
46 19 23337 1
2 24 23309 1
47 58 23326 1
21 8 23362 1
139 58 23612 1
90 126 23352 2
18 8 23338 2
37 63 23392 1
6 8 23341 2
18 87 23336 1
20 8 23381 1
46 19 23365 1
20 34 23339 1
9 10 23344 1
2 8 23436 1
21 30 23351 1
39 59 23409 1
21 27 23358 1
107 63 23364 1
15 8 23396 1
9 10 23367 1
46 8 23444 1
20 8 23414 1
37 59 23424 1
9 10 23370 1
89 63 23426 1
80 81 23373 1
6 8 23385 1
46 8 23457 1
2 28 23397 1
37 63 23453 1
80 81 23401 1
39 59 23453 1
1 8 23451 1
46 40 23428 1
3 133 23409 1
77 34 24657 1
9 10 23420 1
1 8 23472 1
3 11 23430 1
46 19 23452 1
20 8 23481 1
20 8 23497 1
6 8 23462 1
46 19 23483 1
37 38 23482 1
37 63 23569 2
20 8 23531 1
80 81 23492 1
9 10 23496 1
46 19 23521 1
42 43 23505 2
9 10 23511 1
20 8 23568 1
6 8 23532 1
12 53 23832 1
9 10 23541 1
37 63 23605 1
46 19 23559 1
33 25 23617 1
131 126 23554 1
118 68 23560 2
46 27 23597 1
20 8 23600 1
5 11 23566 2
6 8 23571 1
9 10 23586 1
3 10 23642 2
39 59 23624 1
2 19 23612 1
20 14 23605 1
6 8 23602 1
16 8 23630 2
20 8 23654 1
2 8 23695 1
139 58 23694 1
115 35 23621 1
135 111 23625 2
9 10 23625 2
7 25 23637 1
66 63 23674 1
7 25 23697 1
12 13 23642 1
46 44 23790 1
3 19 23660 1
20 111 23703 2
9 10 23683 1
2 28 23697 1
20 8 23737 1
46 40 23702 1
139 58 23964 1
5 14 23714 1
46 8 23772 1
18 87 23709 2
20 34 23720 1
39 78 23748 1
1 8 23756 1
7 25 23968 1
6 8 23726 2
1 8 23765 1
2 40 23739 1
9 10 23742 1
3 8 23788 1
77 59 24640 1
46 8 23821 1
18 87 23762 1
2 8 23828 1
9 10 23780 1
2 24 23855 1
6 8 23793 1
46 8 23856 1
9 10 23796 1
3 11 23806 1
9 10 23806 1
118 58 23905 1
12 44 23907 1
45 61 23839 1
9 10 23842 1
60 108 23840 1
114 40 23842 1
60 108 23843 1
37 38 23856 1
2 8 23905 1
20 8 23882 1
37 43 24578 1
6 8 23860 1
46 8 23912 1
46 44 23943 1
32 34 23861 1
33 23 23868 1
80 127 23885 1
6 8 23884 1
77 88 23881 1
9 10 23894 1
89 127 23891 1
80 81 23887 1
33 23 23901 1
46 8 23940 1
89 127 23896 1
6 8 23913 1
45 41 23917 1
2 68 23921 2
9 10 23930 1
60 108 23924 1
46 8 23969 1
3 17 23968 2
3 19 23930 1
47 58 23938 1
1 14 23937 1
6 8 23942 1
47 58 23942 1
21 22 23944 2
45 44 23948 1
47 58 23949 1
45 41 23954 1
31 34 23957 1
60 108 23954 1
47 58 23966 1
32 34 23964 2
16 8 23977 1
74 108 23961 1
9 10 23959 1
118 14 23993 1
46 8 24029 1
135 111 23974 2
2 14 24183 1
139 63 24186 1
47 58 24006 1
7 26 24274 1
1 58 24549 1
46 8 24052 1
47 58 24016 1
9 10 24018 1
2 19 24137 1
115 35 24024 1
47 58 24034 1
118 140 24034 1
9 10 24042 1
5 68 24038 1
47 58 24087 1
32 133 24050 1
9 10 24063 1
2 68 24119 1
1 29 24076 1
139 136 24176 1
33 23 24085 1
48 49 24093 1
15 58 24155 1
46 35 24946 1
50 91 24120 1
48 49 24102 1
9 10 24123 1
90 43 24134 2
48 49 24128 1
2 24 24169 1
50 53 24130 1
42 91 24144 2
50 8 24220 1
90 8 24186 1
5 68 24219 1
51 8 24245 1
3 19 24272 1
32 63 24236 1
2 140 24179 1
2 24 24181 1
46 11 24652 1
46 24 24190 1
50 53 24202 1
80 81 24205 1
6 8 24208 2
90 8 24268 1
2 24 24255 1
32 14 24233 1
1 34 24254 1
2 140 24271 1
6 8 24270 1
15 27 24273 1
46 157 24267 1
32 34 24274 1
46 8 25023 1
3 19 24358 1
15 58 24350 1
9 8 24309 1
7 26 24313 1
33 23 24298 1
3 19 24298 1
3 19 24305 1
7 25 24307 1
9 10 24307 1
1 30 24315 1
9 10 24312 1
51 58 24416 1
33 8 24378 1
154 146 24315 1
9 10 24343 1
3 19 24325 1
2 24 24347 1
3 19 24329 1
15 27 24335 1
21 58 24906 1
9 10 24350 1
2 24 24351 1
50 8 24429 1
2 24 24366 1
3 19 24372 1
3 19 24373 1
3 19 24394 1
2 24 24388 1
51 58 24478 1
3 19 24412 1
9 10 24408 1
2 24 24412 1
3 19 24415 1
2 24 24417 1
3 19 24449 1
51 59 24508 1
3 19 24447 1
3 19 24457 1
3 19 24465 1
3 19 24463 1
3 19 24523 1
3 19 24485 1
3 19 24522 1
89 127 24518 1
2 24 24528 1
3 19 24526 1
9 10 24545 1
3 19 24578 1
2 24 24537 1
3 19 24547 1
80 83 24547 1
80 81 24549 1
2 24 24554 1
33 26 24654 1
82 91 24566 1
9 10 24577 1
47 58 24885 1
3 19 24573 1
37 63 24691 1
42 63 24640 1
39 59 24688 1
9 10 24594 1
3 19 24591 1
39 88 24588 1
2 24 24591 1
89 88 24591 1
39 88 24592 1
76 78 24600 1
9 10 24607 1
3 19 24607 1
2 24 24605 1
77 34 24712 1
9 10 24615 1
3 19 24611 1
39 59 24709 1
2 24 24620 1
33 26 24749 1
3 19 24632 1
66 63 24717 1
2 24 24636 1
76 58 24737 1
9 8 24689 1
3 19 24650 1
2 24 24646 1
39 59 24731 1
3 133 24663 1
39 88 24654 1
37 63 24739 1
5 68 24662 1
3 11 24717 1
77 34 24755 1
32 19 24685 1
0 105 24670 1
39 88 24679 1
39 59 24752 1
37 63 24763 1
9 10 24708 1
77 34 24829 1
76 78 24704 1
1 30 24732 1
3 19 24742 1
37 63 24796 1
9 10 24719 1
3 8 24999 1
39 59 24782 1
39 88 24721 1
0 95 24727 1
9 10 24744 1
39 59 24810 1
9 8 24774 1
37 63 24830 1
3 19 24755 1
77 78 24768 1
109 95 24775 1
90 111 24777 1
90 111 24780 1
9 10 24802 1
37 63 24857 1
3 19 24802 1
3 19 24785 1
37 38 24787 1
121 136 24789 1
121 128 24800 1
39 59 24872 1
37 63 24880 1
39 88 24805 2
2 24 24810 1
3 19 24824 1
3 19 24817 1
9 10 24814 1
39 59 24885 1
21 34 24923 1
3 19 24829 1
37 63 24913 1
9 10 24850 1
3 19 24835 1
3 19 24849 1
39 59 24912 1
9 10 24862 1
3 19 24862 1
9 10 24896 1
37 38 24959 2
80 81 24874 1
3 14 24940 1
2 24 24898 1
3 19 24890 1
77 58 26602 1
1 8 24991 1
2 24 24917 1
139 58 25195 1
2 24 24927 1
9 10 24929 1
39 59 24976 1
2 24 24937 1
9 10 24936 1
5 68 24944 1
16 8 24972 1
46 28 24975 1
57 8 24957 1
2 27 25028 1
1 8 25019 1
6 8 24961 1
3 11 24958 1
118 140 24970 1
9 10 24976 1
1 8 25045 1
39 128 25012 1
37 83 24999 1
114 8 25050 1
46 8 25083 1
18 87 24990 1
80 81 24992 1
37 38 24993 1
109 127 24995 1
6 8 25003 1
80 63 25061 1
9 10 25003 1
89 126 25046 2
39 59 25061 1
137 86 25019 1
46 8 25114 1
37 63 25088 1
6 8 25026 1
9 10 25030 1
5 10 25096 1
21 8 25070 2
39 59 25093 1
18 8 25046 2
37 63 25110 1
9 10 25046 1
6 8 25048 1
9 10 25050 1
5 133 25052 1
46 8 25134 1
9 10 25059 1
32 27 25089 1
33 25 25121 1
33 23 25068 1
37 63 25144 1
9 10 25097 1
39 59 25142 1
46 8 25160 1
21 35 25115 1
118 140 25114 1
37 63 25174 1
9 10 25117 1
94 25 25201 1
46 8 25190 1
39 59 25170 1
5 14 25143 1
9 8 25136 2
37 63 25191 1
6 8 25137 1
9 10 25151 1
5 140 25146 1
46 8 25217 1
39 59 25191 1
6 8 25163 1
37 63 25214 1
9 10 25175 1
46 8 25245 1
2 133 25191 1
32 27 25173 2
21 34 25174 1
1 30 25173 2
15 34 25180 1
20 30 25192 1
39 59 25230 1
18 87 25183 1
31 34 25187 2
16 17 25185 1
9 10 25188 1
37 38 25188 1
37 63 25247 1
6 8 25189 1
16 10 25203 1
9 10 25200 1
21 27 25196 1
46 8 25270 1
31 34 25198 2
94 35 25206 1
42 43 25207 2
39 59 25255 1
31 34 25206 1
2 28 25208 1
1 14 25269 1
118 28 25212 1
16 26 25226 1
18 87 25213 1
18 87 25222 1
139 58 25515 1
2 8 25314 1
66 63 25280 1
18 87 25224 2
3 8 25302 1
46 8 25304 1
7 25 25253 1
18 8 25236 1
9 10 25252 1
37 63 25302 1
39 59 25290 1
9 10 25254 1
46 8 25359 1
7 25 25304 1
1 14 25262 1
6 8 25275 1
9 10 25275 1
39 126 25323 1
118 28 25274 1
37 63 25331 1
3 8 25329 1
9 10 25283 1
3 11 25279 1
3 11 25279 1
46 8 25365 1
18 8 25302 2
147 70 25328 1
37 63 25359 1
7 25 25345 1
5 34 25360 1
119 8 25317 2
46 87 25376 1
6 8 25322 1
2 34 25385 1
6 8 25332 1
9 10 25334 1
9 10 25345 1
66 63 25397 1
46 8 25439 1
7 25 25374 1
114 8 25411 1
9 10 25371 1
16 8 25391 1
1 34 25402 1
18 8 25383 1
9 10 25377 1
7 25 25403 1
46 8 25441 1
6 8 25385 2
9 10 25397 1
31 8 25416 1
9 10 25405 1
7 25 25517 1
15 34 25464 1
46 8 25476 1
9 10 25425 1
18 87 25442 1
46 8 25496 1
9 10 25464 1
2 140 25455 2
5 24 25475 1
3 19 25475 2
9 10 25484 1
3 10 25519 2
2 8 25530 1
118 68 25481 1
3 11 25492 2
118 27 25544 1
1 14 25500 2
9 10 25518 1
46 8 25560 1
1 30 25508 1
21 27 25513 1
15 34 25509 2
118 28 25583 1
16 35 25527 2
31 34 25520 1
9 8 25531 2
47 58 25624 1
16 8 25552 1
46 8 25584 1
9 87 25533 1
119 8 25539 1
118 34 25605 1
5 68 25540 1
7 25 25620 1
119 8 25554 1
32 34 25610 1
20 8 25606 1
6 8 25563 1
9 10 25570 1
46 8 25618 1
5 8 25634 1
3 11 25577 1
6 8 25587 1
9 10 25592 1
20 34 25586 1
6 8 25586 1
9 10 25609 1
139 58 25606 1
15 34 25658 1
12 157 25617 2
2 111 25666 2
6 8 25620 2
9 10 25620 1
139 58 25624 1
6 8 25619 1
114 68 25623 2
7 25 25659 1
6 8 25631 2
3 19 25632 2
139 58 25655 1
9 10 25657 1
20 34 25643 2
33 23 25658 1
2 17 25691 1
46 8 25709 1
57 10 25660 2
118 34 25790 1
5 34 25711 1
32 34 25676 1
46 8 25726 1
139 93 25681 1
6 8 25686 2
115 25 25702 1
139 58 25682 1
9 8 25690 1
33 23 25815 1
139 58 25705 1
9 10 25700 1
46 8 25749 1
115 8 25713 1
18 8 25710 1
7 8 25730 1
139 58 25722 1
2 8 25779 1
6 8 25716 1
9 10 25719 1
46 11 25733 1
115 35 25721 1
6 8 25730 1
7 25 25815 1
139 58 25766 1
5 14 25735 1
6 8 25732 1
9 10 25741 1
46 8 25807 1
6 8 25752 1
9 10 25766 1
15 10 25776 1
2 140 25763 2
47 58 25770 1
118 34 25814 2
5 14 25780 1
46 28 25780 1
47 58 25776 1
139 58 25790 1
9 8 25786 1
47 58 25787 1
9 10 25797 1
3 87 25826 1
46 87 25850 1
21 27 25795 1
47 58 25796 1
15 10 25817 1
6 8 25809 1
9 10 25806 1
139 58 25814 1
6 8 25808 1
5 14 25829 1
46 8 25876 1
2 8 25871 1
16 10 25827 2
18 8 25824 1
139 58 25847 1
6 8 25840 2
46 8 25895 1
1 34 25924 1
7 8 26189 1
33 23 26040 1
2 8 25904 1
18 8 25857 2
139 58 25918 1
9 10 25855 1
46 35 25903 1
89 63 25901 1
18 8 25871 1
20 14 25888 1
46 8 25944 1
18 10 25885 1
6 8 25889 1
1 8 25924 1
2 8 25952 1
9 10 25896 1
119 8 25907 1
16 8 25920 2
46 8 25969 1
139 58 25927 1
9 10 25933 1
118 34 26087 1
139 58 25982 1
9 10 25943 1
46 8 26917 1
9 10 25960 1
6 8 25953 1
6 158 25972 1
9 10 26018 1
2 14 26012 1
47 58 25986 1
46 8 26928 1
139 58 25991 1
39 59 26593 1
139 58 26021 1
47 59 26164 1
2 133 26060 1
37 63 26607 1
37 38 26026 1
94 59 26122 1
15 34 26027 2
21 58 26496 1
89 127 26027 1
80 81 26031 1
9 10 26045 1
7 25 26050 1
45 53 26053 1
90 8 26128 1
33 23 26057 1
47 58 26076 1
2 68 26120 1
139 34 26127 1
48 49 26080 1
33 23 26091 1
2 24 26082 1
32 14 26087 1
50 8 26163 1
32 58 26102 1
32 14 26093 1
51 52 26096 1
114 28 26098 1
32 14 26100 1
9 10 26108 1
33 23 26110 1
20 34 26121 1
47 59 26244 1
46 68 26927 1
32 59 26190 1
33 25 26132 1
9 10 26126 1
2 24 26132 2
33 23 26138 1
47 63 26279 1
9 10 26142 1
2 28 26149 2
33 25 26160 1
3 11 26150 1
48 49 26149 1
6 8 26157 2
50 8 26224 1
1 14 26162 1
9 10 26156 1
9 10 26160 1
7 25 26173 1
154 146 26172 1
1 14 26172 1
7 26 26245 1
51 63 26324 1
9 10 26198 1
1 14 26203 1
9 10 26208 1
33 25 26226 1
1 14 26222 1
1 34 26222 1
6 8 26230 1
1 14 26228 1
33 25 26238 1
6 8 26228 1
9 10 26243 1
7 8 26312 1
1 14 26244 1
1 14 26252 1
9 8 26272 1
46 157 26251 1
47 63 26386 1
1 34 26261 1
9 10 26279 1
1 34 26284 1
6 8 26277 1
1 14 26294 1
33 8 26359 1
6 8 26305 2
1 14 26311 1
9 10 26318 1
1 34 26314 1
3 133 26334 1
9 10 26331 1
1 14 26334 1
2 24 26330 1
20 14 26359 1
3 11 26343 1
2 24 26347 1
47 59 26506 1
2 24 26364 1
51 58 26441 1
1 34 26373 1
1 34 26380 1
21 30 26391 1
9 10 26391 1
21 27 26850 1
33 8 26464 1
1 14 26407 1
1 34 26414 1
1 14 26420 1
2 24 26425 1
9 10 26425 1
1 34 26435 1
9 10 26440 1
6 8 26471 1
1 34 26472 1
1 14 26484 1
2 24 26484 1
9 10 26503 1
1 14 26505 1
9 10 26514 1
71 -1 27000 1
144 111 26509 1
1 34 26512 1
1 14 26518 1
9 10 26524 1
9 10 26543 1
77 105 26550 1
76 78 26533 1
37 38 26649 1
39 126 26644 1
33 8 26628 1
0 17 26586 1
9 10 26574 1
144 111 26561 1
90 91 26578 2
39 105 26592 1
39 59 26669 1
16 58 26640 1
0 58 26683 1
9 10 26599 1
1 14 26604 1
37 63 26699 1
39 59 26701 1
39 88 26622 2
9 10 26633 1
1 34 26632 1
66 63 26724 1
9 10 26636 1
9 10 26647 1
39 88 26657 1
1 34 26657 1
109 59 26734 1
9 10 26700 1
37 63 26752 1
37 38 26663 1
1 34 26672 1
37 63 26771 1
39 59 26767 1
9 10 26721 1
0 111 26708 1
39 59 26788 1
37 63 26809 1
9 10 26731 1
9 10 26743 1
39 59 26807 1
37 63 26832 1
37 38 26750 1
9 10 26765 1
39 59 26830 1
9 10 26783 1
66 63 26863 1
39 59 26853 1
1 34 26804 1
37 63 26883 1
9 10 26808 1
89 127 26804 1
80 127 26806 1
9 10 26834 1
37 63 26913 1
39 59 26894 1
1 14 26862 1
33 -1 27000 1
9 10 26867 1
66 63 26930 1
3 11 26855 1
1 34 26867 1
3 8 26981 1
9 10 26894 1
37 63 26949 1
3 11 26873 1
3 11 26877 1
31 10 26907 1
1 8 26949 1
39 126 26943 1
20 34 26901 1
46 157 26898 1
1 10 26939 1
6 10 26913 1
46 -1 27000 1
39 59 26965 1
37 63 26993 1
5 133 26929 1
5 68 26920 2
6 8 26925 2
9 10 26934 1
3 34 26958 1
5 133 26929 2
3 19 26934 1
115 10 26937 2
32 14 26950 1
39 88 26942 1
32 133 26952 2
77 59 26994 1
119 8 26945 1
6 8 26951 1
37 -1 27000 1
37 38 26951 1
1 14 26952 1
89 81 26956 1
21 -1 27000 1
9 10 26965 1
21 34 26965 1
46 -1 27000 1
32 34 26975 1
21 -1 27000 1
32 34 26972 1
37 -1 27000 2
9 10 26978 1
89 81 26981 1
9 10 26991 1
31 -1 27000 1
39 -1 27000 1
82 83 26983 1
46 -1 27000 1
6 -1 27000 1
