0 1633.5 765 354 277.2
1 1100.5 223 150 128.4
2 1388.5 521 277.2 199.2
3 733.5 210 133.2 97.2
4 1066 1097 487.2 139.2
5 1022 327 194.4 68.4
6 1022 327 194.4 68.4
7 1001 280 165.6 62.4
8 1001 280 165.6 62.4
9 966.5 218 138 54
10 969.5 233 145.2 56.4
11 1539 218 72 103.2
12 255 1099 612 271.2
13 1098.5 212 169.2 122.4
14 867.5 207 133.2 85.2
15 712.5 270 159.6 72
16 709 270 151.2 82.8
17 1139 991 432 423.6
18 1136 945 535.2 415.2
19 1032.5 449 277.2 218.4
20 1001 381 232.8 195.6
21 752 643 508.8 292.8
22 752 643 508.8 292.8
23 609 1097 830.4 391.2
24 609 1097 830.4 391.2
25 1558.5 215 39.6 109.2
26 714.5 225 142.8 67.2
27 1148.5 708 387.6 320.4
28 1132 678 355.2 291.6
