0 -1 3000 1
1 13 165 1
2 -1 3000 1
3 12 132 1
4 10 134 1
5 6 86 1
7 8 94 1
7 10 106 1
3 12 192 1
9 10 112 1
11 14 221 1
1 13 470 1
3 12 373 1
3 16 324 1
15 12 390 1
4 18 431 2
17 19 457 2
20 14 510 1
1 13 599 1
4 8 600 1
17 10 644 2
9 14 625 1
1 13 661 1
4 10 692 1
1 13 848 1
1 13 1314 1
3 12 975 1
21 22 950 2
4 18 1269 1
3 12 1348 1
17 25 1357 1
1 13 1803 1
23 24 1340 2
17 10 1622 1
3 12 1667 1
3 26 1584 1
15 16 1591 1
15 16 1598 1
3 12 1716 1
3 24 1861 1
3 25 1829 1
3 26 1779 1
15 16 1790 1
1 13 2149 1
3 12 2186 1
4 28 2120 2
17 18 2109 1
27 10 2189 1
3 12 2216 1
1 13 2624 1
3 24 2254 2
1 13 2161 1
23 12 2266 2
23 24 2256 1
3 12 2614 2
15 26 2516 1
15 16 2524 1
3 12 2637 1
17 6 2592 1
11 24 2717 1
15 16 2568 2
5 14 2628 1
23 24 2606 2
23 24 2633 2
1 -1 3000 1
4 14 2738 1
17 18 2646 2
23 12 2716 1
23 10 2877 1
