0 603 313 88.8 51.6
1 821 258 67.2 42
2 136.5 309 114 50.4
3 530.5 251 70.8 33.6
4 1244 482 76.8 67.2
5 1002.5 207 37.2 21.6
6 953.5 168 30 16.8
7 42.5 323 102 45.6
8 919.5 179 30 24
9 934.5 178 27.6 26.4
10 1053 191 33.6 21.6
11 862.5 187 42 22.8
12 827.5 198 51.6 27.6
13 1066.5 203 37.2 27.6
14 783 203 55.2 75.6
15 820 198 48 27.6
16 703 219 48 39.6
17 732 214 33.6 33.6
18 710 222 62.4 37.2
19 678 221 40.8 30
20 678 221 40.8 30
21 641 228 40.8 30
22 608.5 233 51.6 33.6
23 641 228 40.8 30
24 951 175 45.6 43.2
25 901.5 189 44.4 42
26 594.5 231 39.6 31.2
27 531.5 239 51.6 32.4
28 916.5 186 106.8 58.8
29 876.5 198 133.2 69.6
30 970 179 33.6 21.6
31 498 246 52.8 30
32 792 207 62.4 63.6
33 742.5 216 70.8 68.4
34 872 244 26.4 30
35 872 244 26.4 30
36 423.5 257 61.2 43.2
37 561 233 40.8 42
38 1001 221 33.6 27.6
39 119.5 393 150 64.8
40 481 256 76.8 25.2
41 471 249 64.8 26.4
42 899 237 21.6 24
43 951 229 38.4 28.8
44 263 369 136.8 61.2
45 107 401 168 63.6
46 877.5 226 30 27.6
47 290.5 290 92.4 44.4
48 362 278 91.2 40.8
49 222.5 302 106.8 50.4
50 290.5 290 92.4 44.4
51 148 341 355.2 181.2
52 390 274 88.8 44.4
53 727 282 60 55.2
54 930 233 40.8 25.2
55 696.5 302 32.4 31.2
56 752 213 62.4 31.2
57 696.5 302 32.4 31.2
58 967 223 40.8 30
59 1047.5 204 42 31.2
60 436.5 263 87.6 42
61 921 226 28.8 30
62 692 385 74.4 25.2
63 78 316 136.8 88.8
64 692 385 74.4 25.2
65 329 329 110.4 57.6
66 131.5 531 205.2 68.4
67 478 309 151.2 75.6
68 437.5 314 224.4 79.2
69 582.5 286 63.6 58.8
70 598 276 26.4 18
71 730 263 48 50.4
72 1232.5 585 138 94.8
73 968.5 205 37.2 33.6
74 983.5 205 30 24
75 1002 201 43.2 33.6
76 265.5 267 25.2 16.8
77 618 265 81.6 33.6
78 578 287 69.6 51.6
79 652 396 163.2 99.6
80 652 396 163.2 99.6
81 848 248 76.8 34.8
82 630 284 105.6 48
83 1016.5 193 32.4 21.6
84 1024 196 36 25.2
85 896.5 222 27.6 24
86 359 360 105.6 127.2
87 615 227 55.2 34.8
88 973.5 226 32.4 27.6
89 1022.5 214 32.4 25.2
90 570 240 79.2 49.2
91 780 246 48 32.4
92 780 246 48 32.4
93 1232.5 534 133.2 84
94 390 256 74.4 46.8
95 410 357 424.8 171.6
96 1170 479 247.2 156
97 1079.5 456 279.6 121.2
98 832 426 240 116.4
99 778.5 405 234 99.6
100 946 189 48 27.6
101 946 214 40.8 25.2
102 850 203 40.8 25.2
103 1018 445 192 78
104 891.5 242 51.6 36
