1 66 3 1
1 42 2 1
1 9 1 1
1 20 1 1
1 20 2 1
1 87 1 1
1 160 1 1
1 97 1 1
1 163 1 1
1 135 1 1
1 133 1 1
1 137 2 1
1 181 1 1
1 177 1 1
1 195 1 1
1 175 1 1
1 218 1 1
1 201 2 1
1 272 1 1
1 268 2 1
1 300 2 1
1 324 1 1
1 400 1 1
1 370 1 1
1 442 1 1
1 410 1 1
1 419 1 1
1 462 1 1
1 466 2 1
1 460 2 1
1 474 1 1
1 528 1 1
1 509 1 2
1 473 2 1
1 489 1 1
1 578 1 1
1 504 2 1
1 554 1 1
1 529 2 1
1 549 4 1
1 608 2 1
1 590 4 1
1 611 1 1
1 645 1 1
1 602 1 1
1 595 2 1
1 607 2 1
1 622 1 1
1 635 1 1
1 623 2 1
1 697 1 1
1 630 2 1
1 638 2 1
1 628 2 1
1 698 2 1
1 661 2 1
1 690 2 1
1 731 1 1
1 744 2 1
1 703 2 1
1 734 1 1
1 711 2 1
1 719 2 1
1 787 1 1
1 746 1 1
1 774 2 1
1 789 2 1
1 763 2 1
1 807 1 1
1 812 1 1
1 803 2 1
1 826 2 1
1 870 2 1
1 824 1 1
1 841 2 1
1 846 2 1
1 852 1 1
1 870 2 1
1 875 1 1
1 898 4 1
1 876 2 1
1 884 2 1
1 898 2 1
1 944 4 1
1 924 1 1
1 977 2 1
1 990 2 1
1 948 2 1
1 960 1 1
1 967 1 1
1 966 2 1
1 966 2 1
1 982 1 1
1 1016 1 1
1 1000 2 1
1 1040 2 1
1 1052 4 1
1 1071 1 1
1 1067 4 2
1 1125 1 1
1 1127 4 1
1 1136 1 1
1 1140 1 1
1 1169 1 2
1 1131 2 1
1 1150 1 1
1 1215 2 1
1 1234 1 1
1 1289 1 1
1 1278 1 1
1 1313 1 1
1 1310 2 1
1 1339 1 1
1 1319 2 1
1 1326 2 1
1 1380 1 1
1 1390 1 1
1 1404 2 1
1 1517 1 1
1 1498 1 1
1 1572 1 1
1 1612 1 1
1 1669 2 1
1 1726 1 1
1 1705 1 1
1 1691 2 1
1 1754 1 1
1 1734 1 1
1 1739 1 1
1 1750 1 1
1 1730 2 1
1 1807 2 1
1 1786 1 1
1 1874 1 1
1 1901 1 1
1 1938 1 1
1 1891 2 1
1 1900 1 1
1 1894 1 1
1 1914 1 1
1 1918 4 1
1 1908 2 1
1 1923 2 1
1 1912 2 1
1 1936 2 1
1 1982 2 1
1 1949 2 1
1 1958 2 1
1 1976 4 1
1 1944 1 1
1 1954 1 1
1 1984 1 1
1 2031 1 1
1 1969 2 1
1 1995 1 1
1 1975 2 1
1 2006 1 1
1 1990 2 1
1 2020 1 1
1 1996 2 1
1 2038 4 1
1 2014 2 1
1 2082 1 1
1 2026 2 1
1 2025 2 1
1 2060 1 1
1 2054 1 1
1 2051 2 1
1 2085 1 1
1 2060 1 1
1 2090 2 1
