0 15 68 1
1 15 44 1
2 10 10 1
3 11 21 1
4 39 102 1
5 12 22 1
6 9 16 1
7 9 9 1
8 14 33 1
7 22 63 1
6 26 67 1
13 11 88 1
6 50 161 1
16 20 58 1
8 14 71 1
13 18 50 1
17 23 63 1
19 11 98 1
8 30 71 2
21 23 65 1
24 30 72 1
25 28 68 1
27 31 75 1
13 40 103 1
29 18 84 2
3 32 75 1
3 34 77 1
33 14 95 1
17 35 119 2
36 37 87 2
16 11 164 1
16 20 89 1
21 23 90 1
13 11 136 1
38 39 99 1
16 26 122 1
41 32 112 1
33 45 126 1
3 46 134 1
17 35 115 2
42 15 139 1
33 37 150 1
16 45 150 1
43 11 124 2
44 45 127 1
13 49 158 1
13 18 144 1
47 52 177 1
17 11 182 1
36 11 178 1
16 14 178 1
13 11 196 1
48 11 176 1
51 53 183 1
13 11 219 1
42 15 203 1
16 45 228 1
47 55 210 1
54 56 240 1
6 57 248 1
13 11 273 1
47 58 274 1
7 26 259 1
42 15 270 1
8 45 281 2
16 20 262 1
6 18 338 1
24 30 267 1
33 30 277 1
29 45 275 1
44 37 295 1
16 26 301 1
44 59 369 2
5 12 302 1
36 11 325 1
16 14 330 1
13 34 337 1
3 34 325 1
16 20 333 1
16 14 356 1
17 61 401 1
16 14 379 1
19 11 371 1
16 20 349 1
33 14 371 1
13 60 393 1
13 11 408 1
4 74 475 1
16 45 401 1
13 63 408 1
6 26 420 1
16 20 393 1
47 12 467 1
6 57 409 1
33 45 416 1
13 64 443 1
6 64 529 1
47 15 462 1
2 11 411 1
62 64 420 1
8 65 436 1
47 70 454 1
24 30 426 1
13 64 463 1
47 52 455 1
29 14 443 1
2 60 435 1
13 18 452 2
17 37 444 1
8 26 446 1
24 30 440 1
36 11 475 1
66 67 442 1
17 11 500 2
13 37 458 2
68 39 491 1
69 12 470 1
6 45 490 1
21 23 510 2
71 15 467 1
42 15 475 1
27 72 467 1
3 32 468 1
6 57 476 1
4 58 577 1
73 11 490 1
36 53 486 1
6 92 579 1
75 15 506 1
76 77 492 1
68 58 545 1
13 11 555 1
47 78 504 1
47 78 509 1
42 15 531 1
54 79 510 2
80 87 551 1
81 70 562 1
47 86 546 1
43 64 526 1
6 45 559 1
47 12 610 1
82 58 565 1
83 84 540 1
85 88 552 1
75 89 560 1
80 96 592 1
75 70 565 1
16 26 572 1
69 91 569 1
68 98 599 1
13 99 612 1
47 56 601 1
90 12 579 1
13 18 571 1
36 93 580 1
33 30 584 1
4 56 811 1
47 88 600 1
68 15 640 1
6 100 646 1
24 45 581 1
27 64 603 1
5 12 597 1
29 45 583 1
44 35 591 1
94 15 609 1
29 65 590 1
17 11 623 1
66 67 588 1
13 64 636 1
95 97 594 1
47 15 663 1
6 107 698 1
5 12 625 1
42 15 632 1
42 70 628 1
90 12 641 1
47 58 667 1
47 98 673 1
6 57 638 1
47 91 699 1
6 9 661 1
47 103 676 1
83 102 655 1
17 35 655 2
47 45 690 1
101 58 672 1
8 64 732 1
16 14 692 1
42 106 691 1
16 14 706 1
1 104 686 1
5 105 688 1
47 15 745 1
71 15 696 1
69 91 705 1
71 12 689 1
13 11 735 1
42 15 713 1
75 12 721 1
47 56 734 1
6 64 788 1
13 11 747 1
47 12 776 1
47 12 791 1
2 108 726 1
43 11 729 1
6 26 751 1
68 98 779 1
109 12 747 1
94 15 765 1
17 35 746 2
110 111 756 1
6 9 768 1
33 64 808 1
8 26 754 1
7 45 770 1
7 26 786 1
47 12 828 1
29 35 785 1
33 45 782 1
16 20 775 1
8 26 770 1
6 9 782 1
17 113 817 1
29 108 836 1
8 26 795 1
36 11 813 1
13 113 816 1
75 12 805 1
68 56 822 1
29 114 842 1
6 31 851 1
17 35 798 2
68 52 842 1
95 97 806 1
47 52 845 1
36 108 834 1
47 116 872 1
112 11 825 1
4 56 1007 1
47 104 851 1
42 15 843 1
47 104 867 2
75 12 848 1
47 56 862 1
2 64 853 1
68 52 877 1
82 102 851 1
1 98 856 1
5 15 875 1
94 53 851 1
3 117 876 1
80 118 900 1
16 30 872 1
115 70 858 1
90 91 859 1
75 89 862 1
109 12 875 1
5 116 877 1
42 15 886 1
29 45 878 1
13 35 891 1
115 116 903 1
115 15 900 1
47 56 922 2
68 64 886 2
17 32 905 1
6 30 928 1
54 104 925 2
109 12 902 2
7 26 912 1
68 104 939 1
8 30 917 1
80 121 946 1
73 49 907 1
73 64 925 1
24 45 921 1
47 15 979 1
47 15 992 1
17 28 941 1
68 39 961 2
119 120 932 1
1 56 940 1
29 14 941 1
115 15 950 1
6 57 935 1
21 32 947 1
27 122 968 1
47 56 973 1
13 64 983 1
5 12 957 2
73 64 961 1
7 30 963 1
42 15 968 1
5 116 968 1
95 97 953 1
13 123 1017 1
5 116 990 1
51 53 982 1
94 15 1002 1
109 116 991 1
6 14 1028 1
51 15 1042 1
124 125 1054 1
13 18 1030 1
17 63 1059 1
47 39 1085 2
47 55 1052 2
6 30 1088 1
6 57 1067 1
4 127 1065 1
112 64 1072 1
33 14 1080 1
6 60 1193 2
126 127 1067 2
85 74 1069 2
68 98 1110 1
33 26 1075 1
128 129 1092 1
33 26 1088 1
17 11 1126 1
80 131 1129 1
6 57 1099 1
13 64 1137 1
29 45 1104 1
42 130 1123 2
24 14 1110 1
76 56 1185 2
13 11 1141 1
17 135 1170 2
16 132 1133 1
19 22 1127 1
5 116 1133 1
7 30 1136 1
41 40 1141 2
112 60 1138 1
73 64 1151 1
133 30 1139 1
134 64 1160 2
41 136 1170 1
16 45 1198 1
134 63 1174 2
137 11 1201 2
75 70 1203 1
16 64 1290 1
13 18 1205 1
115 15 1217 1
17 11 1235 1
33 45 1228 1
13 11 1279 1
16 14 1269 1
68 58 1281 1
68 79 1261 1
6 65 1291 1
54 52 1293 1
47 58 1301 1
54 56 1295 1
13 64 1314 1
5 12 1312 1
47 98 1345 1
13 64 1340 1
16 65 1341 1
5 15 1321 1
138 116 1328 1
69 12 1322 1
7 26 1325 1
109 116 1329 1
24 14 1336 1
47 139 1375 1
13 64 1381 1
13 18 1351 1
17 11 1391 1
75 89 1377 1
51 53 1383 1
42 15 1406 1
6 57 1428 1
7 26 1436 1
8 45 1447 1
6 11 1518 1
29 65 1451 1
44 14 1454 1
13 18 1459 1
17 37 1464 2
36 93 1478 1
27 49 1486 1
41 93 1478 1
6 11 1573 1
62 97 1494 1
112 11 1499 1
43 140 1499 1
16 45 1528 1
4 52 1641 1
13 49 1556 1
6 14 1577 1
13 35 1583 1
17 11 1613 1
17 35 1581 2
16 9 1646 1
81 139 1668 1
7 45 1660 1
75 12 1671 1
6 11 1727 1
13 35 1671 1
16 26 1688 1
17 64 1706 1
68 56 1706 1
42 130 1693 1
33 14 1694 1
33 30 1699 1
16 64 1755 1
17 35 1690 2
24 30 1706 1
13 64 1735 1
44 14 1698 1
13 11 1740 1
13 140 1751 1
5 15 1732 1
16 14 1752 1
47 12 1809 1
13 11 1787 1
6 57 1774 1
7 60 1841 1
16 65 1806 1
16 11 1875 1
13 37 1816 1
17 108 1839 1
6 132 1839 1
7 26 1844 1
47 89 1870 1
2 11 1844 1
8 35 1862 1
137 11 1845 1
43 11 1846 1
16 132 1849 1
141 30 1857 1
68 139 1884 1
6 57 1867 1
17 37 1866 1
7 14 1877 1
68 52 1896 1
36 23 1870 1
47 139 1899 1
13 142 1864 1
36 64 1902 1
7 140 1939 1
21 34 1877 1
17 37 1874 1
75 12 1893 1
6 26 1892 1
36 140 1901 1
68 52 1911 1
41 64 1895 1
13 64 1915 1
80 131 1920 1
47 139 1924 1
33 144 1955 1
42 130 1910 1
112 143 1892 1
47 139 1934 1
47 53 1946 1
5 15 1925 1
42 70 1912 1
6 35 1948 1
47 139 1952 1
36 49 1928 1
17 35 1914 2
109 12 1923 1
75 12 1938 1
47 116 1984 1
6 14 1953 1
73 63 1933 1
47 52 1967 1
42 130 1951 1
68 12 1998 1
134 108 1939 1
51 15 1960 1
16 140 2021 1
80 131 1978 1
2 64 1945 1
13 140 1985 1
6 64 2032 1
5 12 1971 1
47 52 1988 1
4 160 2323 1
13 64 1996 1
24 14 1965 1
47 98 2000 1
5 116 1977 1
13 11 2007 1
51 53 1973 1
94 15 1992 1
47 56 2003 1
6 30 2005 1
16 20 1993 1
6 145 2083 1
68 139 2027 1
33 30 2013 1
42 15 2016 1
80 131 2040 1
141 132 1998 1
24 45 2013 1
75 12 2028 1
42 15 2026 1
16 132 2027 1
13 93 2037 1
29 45 2016 1
13 142 2022 1
141 45 2040 1
13 35 2031 1
36 60 2058 1
43 140 2029 1
27 140 2061 1
94 53 2031 1
47 139 2066 1
41 64 2055 1
7 26 2043 1
42 15 2053 1
13 64 2086 1
24 30 2053 1
47 15 2113 1
29 140 2112 1
2 140 2061 1
137 140 2058 1
47 52 2101 1
51 15 2092 1
66 67 2071 1
6 57 2097 1
7 14 2109 1
7 11 2174 1
146 56 2097 1
6 9 2114 1
42 15 2127 1
47 15 2171 1
13 64 2156 1
7 14 2141 1
47 15 2181 1
147 98 2149 1
148 79 2123 1
81 98 2161 1
6 11 2219 1
68 39 2167 1
66 67 2145 1
54 114 2146 1
13 64 2193 1
81 114 2143 1
81 114 2144 1
147 114 2145 1
16 11 2217 1
147 150 2151 1
149 84 2153 1
83 102 2155 1
0 153 2157 1
47 103 2183 1
5 12 2172 1
151 152 2156 1
47 74 2184 1
85 88 2162 1
85 154 2164 1
1 154 2161 1
6 30 2199 1
5 12 2189 1
43 140 2172 1
33 45 2194 1
5 12 2198 1
155 52 2197 1
68 139 2223 1
115 91 2189 1
16 132 2200 1
7 9 2187 1
68 52 2226 1
47 116 2259 1
13 142 2195 1
141 14 2215 1
24 30 2204 1
13 64 2237 1
29 45 2209 1
6 140 2282 1
13 64 2246 1
115 15 2223 1
68 156 2245 1
5 12 2226 1
13 142 2224 1
47 139 2249 1
17 37 2226 1
47 12 2282 1
6 65 2254 1
16 20 2219 1
80 157 2263 1
36 23 2230 1
19 108 2253 1
75 12 2247 1
47 56 2262 1
42 15 2255 1
6 57 2264 1
68 58 2278 1
112 60 2256 1
7 140 2318 1
2 11 2260 1
80 131 2290 1
13 11 2294 1
5 15 2272 1
13 140 2302 1
47 15 2323 1
7 65 2285 1
109 12 2272 1
94 106 2280 1
80 159 2306 1
4 39 2409 1
158 15 2289 1
43 140 2280 1
6 40 2351 1
5 12 2304 1
13 11 2330 1
80 159 2328 1
16 14 2325 1
13 32 2346 1
94 53 2353 1
6 11 2420 1
73 11 2364 1
81 58 2379 1
16 45 2391 1
138 98 2383 1
6 9 2400 1
75 12 2409 1
13 64 2433 1
7 11 2478 2
8 37 2434 2
16 20 2414 1
141 45 2437 1
51 15 2446 1
33 65 2428 1
16 45 2453 1
47 139 2473 1
13 31 2461 1
41 63 2457 2
21 23 2447 1
6 140 2530 1
25 28 2450 1
13 11 2495 1
48 34 2456 1
27 64 2482 1
134 63 2461 1
112 64 2474 1
137 140 2471 2
51 53 2479 1
42 130 2499 1
4 39 2600 1
6 14 2520 1
13 161 2565 1
6 132 2593 1
7 26 2598 1
8 30 2603 1
24 162 2652 2
29 22 2617 1
6 9 2628 1
42 15 2642 1
7 142 2654 1
16 20 2617 1
21 28 2624 1
41 32 2629 2
33 65 2644 1
16 108 2698 1
134 63 2634 2
2 108 2638 2
137 140 2646 1
13 11 2674 1
13 35 2661 1
17 108 2700 1
16 132 2670 1
21 64 2691 1
33 45 2684 1
137 11 2671 1
13 11 2722 1
16 64 2774 1
2 64 2706 2
4 127 2735 1
4 160 2842 1
6 64 2821 1
16 45 2785 1
76 77 2760 1
6 9 2833 1
29 45 2785 1
13 11 2829 1
7 26 2816 1
16 20 2793 1
8 26 2810 1
24 64 2864 1
33 14 2824 1
8 163 2880 1
7 164 2890 1
13 140 2872 1
17 35 2823 2
7 140 2908 1
36 72 2841 1
16 20 2840 1
141 26 2866 1
25 143 2854 1
33 31 2892 1
51 139 2846 1
94 53 2878 1
33 14 2882 1
17 23 2869 1
16 142 2898 1
8 30 2872 1
36 11 2896 1
13 49 2910 1
13 18 2889 1
27 11 2917 1
17 11 2932 1
47 160 2929 1
13 64 2942 1
3 32 2897 1
62 63 2900 1
48 49 2905 1
16 11 2989 1
48 143 2917 1
134 63 2906 1
112 143 2913 1
2 108 2911 1
7 45 2927 1
134 64 2928 1
68 53 2966 1
43 140 2935 1
6 26 2964 1
13 18 2936 1
51 15 2956 1
17 64 2968 1
68 156 2977 1
8 -1 3000 1
16 9 2960 1
8 35 2984 1
6 57 2972 1
75 12 2990 1
7 -1 3000 1
17 -1 3000 1
75 -1 3000 1
27 -1 3000 1
41 -1 3000 1
