0 255.5 672 337.2 277.2
1 1601 1087 499.2 355.2
2 687 282 122.4 102
3 1527.5 366 277.2 124.8
4 1204 314 144 134.4
5 560 399 182.4 124.8
6 1419 734 381.6 326.4
7 466 475 199.2 165.6
8 1207.5 266 159.6 72
9 920 1097 614.4 152.4
10 1289.5 560 193.2 177.6
11 939 1094 532.8 388.8
12 1289.5 560 193.2 177.6
13 982.5 807 387.6 364.8
14 997.5 702 361.2 265.2
15 999 607 338.4 271.2
16 1002.5 504 296.4 242.4
17 1005.5 353 154.8 169.2
18 1414 696 384 324
19 1005.5 353 154.8 169.2
20 455 497 189.6 184.8
21 199.5 1093 478.8 60
22 564.5 386 171.6 136.8
23 858 282 122.4 111.6
24 761 350 156 78
25 761 350 156 78
26 740 454 160.8 115.2
27 731.5 477 222 164.4
28 784 304 148.8 79.2
29 657 558 271.2 196.8
30 615 637 333.6 308.4
31 477 843 393.6 324
32 460 825 456 388.8
33 1003.5 441 82.8 84
34 1063.5 443 82.8 80.4
35 675 280 96 94.8
36 1556 366 309.6 120
37 652 333 141.6 132
38 567 456 165.6 174
39 876.5 311 44.4 115.2
40 751.5 394 154.8 72
41 751.5 394 154.8 72
42 1114 428 194.4 152.4
43 1184 436 285.6 144
44 1361 412 187.2 152.4
45 1361 412 187.2 152.4
46 318.5 1038 452.4 447.6
