0 -1 3000 1
1 -1 3000 1
2 35 642 1
0 -1 3000 1
3 21 104 1
4 8 27 1
5 22 227 1
6 18 91 1
7 20 125 1
4 8 1755 1
9 14 63 2
9 11 51 2
10 12 53 1
13 14 71 2
10 12 67 1
15 16 77 2
15 19 113 1
9 14 92 2
13 19 143 2
6 12 1958 1
17 19 93 1
10 12 95 1
15 14 97 1
7 20 102 2
7 20 112 2
7 20 152 1
5 22 128 1
17 19 134 1
10 12 135 1
6 18 140 2
7 20 144 2
7 20 355 1
9 19 213 1
7 20 165 2
10 12 171 1
5 22 169 1
5 22 182 1
5 22 187 1
7 20 213 2
7 20 217 2
5 22 1070 1
9 19 294 1
5 22 255 1
7 20 269 2
23 27 316 1
5 22 279 2
9 19 326 1
5 22 281 1
7 20 293 1
7 20 301 2
23 28 331 1
24 25 305 1
26 21 366 1
17 19 325 1
24 25 313 1
24 25 323 2
17 19 350 1
24 25 358 1
23 21 440 1
7 20 327 2
24 25 334 1
7 20 334 2
26 27 350 2
23 21 464 1
29 30 364 1
7 20 404 1
29 32 379 2
31 21 410 1
6 18 399 2
23 21 493 1
7 20 450 1
7 20 513 1
9 11 473 1
9 19 538 2
6 18 472 1
13 11 475 2
6 18 483 1
7 20 481 2
10 12 481 1
6 18 488 1
33 16 497 1
34 16 496 1
17 19 489 1
7 20 496 2
9 19 557 1
7 20 676 1
10 12 530 1
7 20 527 2
5 22 523 1
5 22 545 1
17 19 558 1
7 20 551 2
7 20 555 2
9 19 619 1
7 22 567 1
17 19 575 1
10 12 571 1
7 20 572 2
10 12 574 1
10 12 581 1
7 20 593 2
7 20 598 2
23 35 726 1
23 21 773 1
7 20 689 1
5 22 680 1
23 28 692 1
7 20 707 1
23 28 706 1
7 20 807 1
2 35 1105 1
23 32 809 1
5 22 736 1
7 20 734 2
31 21 840 2
23 36 841 1
7 20 933 1
23 27 881 1
26 21 944 1
5 22 899 2
6 18 907 2
5 22 915 1
6 18 918 2
23 21 997 1
7 20 933 2
5 22 937 1
7 20 983 1
7 20 943 2
7 20 949 2
23 21 1044 1
7 20 992 2
23 28 986 1
7 20 1012 1
24 25 1000 1
9 19 1064 1
7 20 1034 1
7 20 1017 2
2 28 1020 1
10 12 1023 1
2 28 1027 1
7 20 1076 1
7 22 1046 1
2 35 1048 2
5 22 1049 1
9 19 1118 1
5 22 1055 1
5 22 1077 1
7 20 1222 1
5 22 1309 1
7 20 1092 1
23 21 1163 1
2 35 1098 2
2 35 1140 1
7 20 1130 2
2 35 1118 2
2 37 1165 1
23 21 1209 1
9 19 1201 1
7 20 1136 2
2 -1 3000 1
10 12 1142 1
10 12 1151 1
10 12 1154 1
7 20 1160 2
10 12 1161 1
2 37 1178 2
23 21 1257 1
5 38 1179 2
2 37 1185 2
17 19 1183 1
2 35 1204 1
2 37 1220 2
23 30 1267 1
5 22 1217 2
7 20 1249 1
7 20 1248 2
23 39 1256 1
7 20 1262 1
7 20 1279 1
31 21 1289 1
7 20 1377 1
5 20 1320 1
7 20 1311 2
5 22 2401 1
7 20 1346 2
7 20 1372 1
7 20 1424 1
5 22 1402 1
7 20 1409 2
7 20 1441 2
7 20 1430 1
7 22 1437 1
7 20 1482 2
23 21 1521 1
7 20 1465 2
7 38 1528 1
23 21 1553 1
9 19 1576 1
9 11 1522 1
7 20 1549 1
15 16 1541 2
7 20 1622 1
5 22 1551 1
5 22 1559 1
17 19 1562 1
23 21 1622 1
5 22 1570 1
7 20 1585 2
40 41 1591 1
7 20 1628 2
7 20 1639 1
5 22 1636 1
3 21 1837 1
6 18 1640 2
7 20 1794 1
23 21 1711 1
23 21 1741 1
23 21 1765 1
3 36 1708 1
23 28 1711 1
7 20 1711 2
24 28 1718 1
4 8 1942 1
7 20 1800 1
7 20 1816 1
7 20 1845 1
7 20 1828 2
23 21 1919 1
5 22 1841 1
7 20 1855 1
5 22 1847 1
7 20 1934 1
10 12 1899 1
3 36 1900 1
7 20 1905 2
5 22 1905 1
3 27 1988 2
5 22 1914 1
7 20 1911 2
7 20 1916 2
5 22 1917 1
5 22 1928 1
7 20 1928 2
9 43 1995 1
7 20 1941 1
7 20 2031 1
6 -1 3000 1
4 8 2050 1
7 20 1978 2
34 16 1980 1
26 21 2057 2
42 36 2010 1
29 27 1992 1
10 12 1995 1
29 27 1997 1
44 45 2000 1
7 30 2010 1
31 32 2019 1
3 19 2089 1
7 22 2044 1
5 22 2035 1
7 20 2211 1
4 -1 3000 1
7 20 2080 2
9 19 2176 1
5 22 2095 1
7 20 2117 2
10 12 2116 1
7 20 2128 2
9 16 2170 1
23 28 2154 1
7 20 2141 2
23 39 2151 1
10 12 2153 1
24 32 2190 1
7 20 2161 2
10 12 2157 1
23 21 2218 1
24 28 2160 1
24 41 2170 1
40 41 2164 1
33 16 2179 1
7 20 2176 1
33 19 2215 1
31 21 2202 1
23 27 2223 1
7 20 2199 1
23 28 2208 1
7 20 2220 1
40 41 2218 1
40 21 2254 2
2 37 2219 2
7 22 2251 1
29 27 2226 1
7 20 2234 2
29 30 2231 1
31 46 2248 1
5 22 2240 1
7 20 2258 2
5 20 2290 1
7 20 2261 2
23 21 2323 1
7 20 2321 1
5 38 2299 2
5 22 2319 1
7 22 2367 1
5 22 2337 1
7 20 2344 2
9 19 2410 1
5 22 2349 1
23 21 2441 1
7 20 2371 2
7 20 2384 1
23 28 2381 1
7 20 2377 2
7 20 2440 1
24 25 2386 1
7 20 2387 2
40 41 2396 1
5 -1 3000 1
26 27 2399 1
7 20 2497 1
5 22 2454 1
5 22 2470 1
5 22 2474 1
7 20 2504 2
5 22 2501 1
7 22 2539 1
5 22 2531 1
7 20 2522 2
7 20 2552 2
7 20 2695 1
5 22 2557 1
5 22 2565 1
5 22 2571 1
7 20 2569 2
7 20 2578 2
5 22 2580 1
7 20 2584 2
9 19 2661 2
23 27 2629 1
5 20 2611 1
23 28 2607 1
10 12 2618 1
7 20 2624 2
26 21 2673 1
7 20 2635 2
7 20 2640 2
5 22 2644 1
17 19 2670 1
5 22 2670 1
17 19 2666 2
7 20 2668 2
23 21 2728 1
7 20 2676 2
7 20 2689 2
7 20 2700 1
5 20 2740 2
23 21 2770 1
5 22 2723 1
7 20 2723 2
7 20 2757 1
5 20 2799 2
7 20 2764 2
7 20 2771 2
5 22 2769 1
9 19 2832 1
5 22 2778 1
7 20 2784 2
5 22 2784 1
23 21 2840 1
7 20 2791 2
10 12 2788 1
5 22 2796 1
7 20 2799 2
17 19 2804 1
7 20 2846 1
23 21 2858 1
7 20 2821 2
17 19 2824 2
23 21 2905 1
9 19 2909 1
7 20 2854 1
10 12 2861 1
7 22 2878 1
23 21 2933 1
17 19 2885 1
7 20 2890 1
7 20 2976 1
23 25 2922 1
24 32 2949 1
40 41 2920 1
23 21 2980 1
24 25 2935 1
31 32 2955 1
31 21 2966 1
23 -1 3000 1
5 22 2968 1
7 -1 3000 1
