0 211.5 415 229.2 138
1 410 406 247.2 135.6
2 659.5 150 114 61.2
3 256.5 246 152.4 72
4 816.5 119 78 36
5 253.5 600 188.4 160.8
6 876.5 131 73.2 33.6
7 163 701 391.2 237.6
8 866 237 129.6 66
9 372 549 177.6 147.6
10 253.5 600 188.4 160.8
11 372 549 177.6 147.6
12 233 228 88.8 52.8
13 9 341 21.6 49.2
14 196.5 152 37.2 42
15 178 196 60 58.8
16 9 341 21.6 49.2
17 24.5 342 58.8 58.8
18 734.5 122 99.6 39.6
19 918 131 69.6 30
20 1082 189 52.8 36
21 156 166 43.2 39.6
22 625 143 146.4 57.6
23 1119.5 204 39.6 40.8
24 7.5 306 18 51.6
25 7.5 306 18 51.6
26 21.5 339 51.6 78
27 79.5 337 190.8 128.4
28 178 197 67.2 56.4
29 466 158 86.4 51.6
30 312 200 69.6 57.6
31 796.5 138 51.6 38.4
32 796.5 138 51.6 38.4
33 568 511 508.8 375.6
34 158 166 48 36
35 522.5 666 975.6 487.2
36 901.5 272 140.4 141.6
37 862.5 309 188.4 108
38 1079.5 212 61.2 92.4
39 1101 203 67.2 75.6
40 891 131 64.8 36
41 573.5 133 99.6 30
42 241 136 55.2 39.6
43 241 136 55.2 39.6
44 115 302 129.6 91.2
45 956.5 145 51.6 31.2
46 939.5 138 106.8 74.4
47 235 177 60 55.2
48 272 156 62.4 51.6
49 235 177 62.4 55.2
50 843 119 96 55.2
51 733.5 126 92.4 57.6
52 545.5 101 85.2 42
53 271 152 60 45.6
54 533.5 154 92.4 44.4
55 533.5 154 92.4 44.4
56 259 320 571.2 303.6
57 551.5 130 63.6 26.4
58 410 177 144 57.6
59 399.5 156 51.6 32.4
60 361 166 48 25.2
61 47.5 300 114 75.6
62 1248 717 115.2 154.8
63 1176 642 62.4 88.8
64 1253 740 98.4 163.2
65 1173.5 507 128.4 121.2
66 1173.5 507 128.4 121.2
67 165.5 237 66 66
68 1040 833 153.6 210
69 15 535 36 254.4
70 64 718 153.6 162
71 1012 239 67.2 63.6
72 995.5 253 87.6 69.6
73 730.5 175 764.4 154.8
74 730.5 175 764.4 154.8
75 10.5 595 25.2 169.2
76 287 127 62.4 37.2
77 792 274 151.2 116.4
78 109 567 261.6 174
79 582.5 341 217.2 105.6
80 764 91 96 40.8
81 714.5 83 92.4 39.6
82 714.5 83 92.4 39.6
83 86 380 206.4 256.8
84 1241.5 503 130.8 84
85 1268 630 67.2 120
86 667 316 96 63.6
87 1265 622 74.4 111.6
88 338 114 88.8 44.4
89 1271 551 60 74.4
90 1271 551 60 74.4
91 704 270 184.8 80.4
92 691.5 270 176.4 82.8
93 221.5 696 531.6 375.6
94 72 977 172.8 256.8
95 79.5 932 190.8 148.8
96 1228 833 163.2 180
97 1255.5 832 97.2 166.8
98 455 332 132 63.6
99 763 353 184.8 97.2
100 598.5 317 130.8 96
101 485 1105 1041.6 1255.2
102 1135 708 141.6 170.4
103 647.5 413 99.6 130.8
104 196.5 147 51.6 40.8
105 1218.5 572 178.8 114
106 1226 591 160.8 141.6
107 1071.5 484 106.8 88.8
108 1071.5 484 106.8 88.8
