10 670 12 1
10 39 11 1
10 49 5 1
10 13 5 1
10 71 5 1
10 41 11 1
10 27 11 1
10 32 5 1
10 55 11 1
10 84 5 1
10 67 11 1
10 53 5 2
10 93 11 1
10 118 5 1
10 139 5 1
10 91 5 1
10 79 5 2
10 112 11 1
10 121 11 1
10 156 5 1
10 103 11 2
10 143 5 1
10 108 11 2
10 163 5 1
10 123 5 1
10 194 5 1
10 181 5 1
10 172 5 1
10 183 5 1
10 218 5 2
10 339 6 1
10 237 5 1
10 233 11 1
10 221 5 2
10 378 6 1
10 299 5 2
10 415 6 1
10 341 2 1
10 373 5 1
10 673 11 1
10 429 5 1
10 997 5 1
10 537 3 1
10 520 2 1
10 533 5 1
10 417 2 1
10 682 11 1
10 502 5 1
10 1026 5 1
10 679 1 1
10 721 12 2
10 747 12 1
10 721 11 1
10 773 12 1
10 756 11 1
10 738 11 2
10 813 4 1
10 777 11 1
10 747 11 1
10 791 11 1
10 835 11 1
10 837 11 1
10 857 11 1
10 963 11 1
10 1007 5 1
10 986 11 1
10 1026 5 1
10 1005 11 1
10 1077 5 1
10 1010 5 1
10 1077 4 1
10 1031 5 1
10 1075 11 1
10 1096 5 1
10 1055 5 2
10 1098 11 1
10 1113 5 1
10 1109 11 1
10 1153 5 1
10 1157 5 2
10 1137 11 1
10 1117 5 1
10 1157 11 1
10 1173 5 1
10 1159 11 1
10 1193 5 1
10 1179 5 1
10 1215 11 1
10 1253 5 1
10 1201 5 1
10 1221 5 1
10 1221 11 2
10 1245 5 1
10 1239 11 1
10 1267 5 1
10 1222 5 1
10 1258 11 1
10 1253 11 1
10 1285 5 1
10 1270 11 1
10 1277 5 1
10 1307 5 1
10 1305 6 1
10 1326 5 1
10 1295 5 1
10 1367 5 2
10 1390 6 1
10 1435 5 1
10 1404 11 1
10 1403 5 1
10 1455 5 1
10 1477 5 1
10 1495 5 1
10 1511 5 1
10 1591 4 1
10 1508 5 1
10 1785 11 2
10 2109 5 1
10 1777 11 1
10 2121 5 1
10 1615 9 1
10 1645 8 1
10 1634 9 2
10 1663 8 1
10 1679 8 1
10 1643 5 1
10 1733 8 1
10 1808 11 2
10 1840 11 1
10 1834 11 1
10 1858 11 1
10 1858 11 1
10 1875 11 1
10 1877 11 1
10 1887 11 1
10 1897 11 1
10 1917 11 1
10 1930 11 1
10 1927 11 1
10 1921 11 1
10 1928 11 1
10 1965 11 1
10 1987 11 1
10 1997 11 1
10 1973 11 1
10 2024 11 1
10 2045 11 1
10 2059 11 1
10 2141 5 1
10 2101 5 1
10 2129 11 1
10 2099 11 2
10 2144 11 1
10 2125 5 1
10 2148 11 1
10 2215 5 1
10 2162 5 1
10 2178 11 1
10 2167 5 1
10 2155 2 1
10 2199 11 1
10 2231 5 1
10 2195 5 1
10 2220 11 1
10 2226 11 1
10 2253 5 1
10 2279 5 1
10 2288 5 1
10 2309 5 1
10 2288 11 2
10 2301 11 1
10 2319 11 1
10 2346 6 1
10 2345 11 2
10 2358 11 1
10 2351 5 1
10 2403 5 1
10 2366 5 1
10 2383 11 1
10 2391 5 1
10 2404 11 1
10 2398 4 1
10 2403 5 1
10 2370 5 1
10 2408 11 1
10 2378 5 2
10 2433 5 1
10 2385 5 1
10 2437 11 2
10 2451 5 1
10 2519 5 2
10 2729 3 1
10 2849 2 1
10 2868 2 1
10 2832 5 1
10 2749 7 1
10 2729 9 1
10 2786 5 1
10 2850 8 1
10 2845 2 1
10 2849 2 1
10 2870 2 1
