0 43 670 1
1 20 39 1
2 17 49 1
3 17 13 1
4 18 16 1
5 10 1 1
6 25 71 1
7 23 41 1
8 20 27 1
9 11 2 1
2 16 32 1
7 20 55 1
3 12 6 1
6 29 61 1
13 16 12 1
14 47 210 1
15 28 59 1
15 21 29 1
19 16 84 1
7 20 67 1
2 22 29 2
2 12 43 1
13 16 31 1
15 21 47 1
3 27 51 2
24 25 48 1
7 20 93 1
6 29 97 1
26 16 55 1
15 21 59 1
19 16 118 1
3 12 56 2
15 28 143 1
15 21 78 1
6 25 139 1
7 33 77 1
30 25 91 1
31 32 73 1
3 27 77 2
7 20 112 1
34 21 84 1
35 23 121 1
19 25 156 1
36 38 101 2
36 37 86 2
31 16 143 1
39 23 108 2
19 16 163 1
6 22 130 1
3 25 123 1
34 21 127 1
13 16 117 1
19 40 131 1
6 32 142 1
34 21 135 1
34 21 141 1
4 25 194 1
31 27 179 1
41 25 172 1
13 16 142 1
15 28 210 1
42 43 209 1
34 21 171 1
44 16 183 1
19 46 177 2
19 27 216 2
45 63 337 1
19 40 205 1
15 21 209 1
4 17 237 1
7 23 233 1
48 53 281 1
49 47 281 1
15 28 281 1
44 17 221 2
15 28 222 1
13 16 221 1
34 21 235 1
24 25 238 1
6 32 253 1
34 21 247 1
4 50 245 2
45 56 287 2
19 40 253 1
31 18 257 2
51 52 270 2
15 28 255 1
31 22 266 2
41 29 272 1
41 57 287 1
45 66 378 1
54 55 291 1
58 56 304 1
48 53 347 1
49 47 347 1
58 59 294 1
15 28 349 1
44 17 299 2
30 56 295 1
58 60 296 1
24 25 300 1
19 12 348 2
44 56 307 1
61 17 312 1
24 25 312 1
31 32 315 1
51 18 323 1
45 63 413 1
41 55 335 1
19 40 341 1
62 64 341 1
58 56 349 2
51 17 373 1
3 56 356 2
19 50 361 2
6 40 352 1
44 27 353 2
4 56 400 2
48 53 391 1
49 47 391 1
15 28 393 1
51 18 368 1
26 16 375 1
65 66 373 1
41 57 377 1
7 23 673 1
58 56 391 2
19 17 429 1
19 40 391 1
6 25 997 1
48 23 537 1
49 68 520 1
15 25 533 1
62 64 417 1
7 20 682 1
6 74 957 1
19 32 469 1
4 32 456 1
31 32 471 1
19 32 497 1
67 16 502 1
51 18 492 1
31 27 1024 1
6 50 583 1
31 32 503 1
19 50 842 1
4 50 631 1
7 70 623 1
69 10 640 2
34 25 679 1
7 37 661 2
4 50 639 1
0 43 721 2
4 50 666 1
36 72 666 1
69 53 745 1
71 72 671 1
73 74 669 1
4 50 763 1
73 23 689 1
69 75 683 1
7 20 721 1
69 76 771 1
51 74 703 1
7 20 756 1
7 38 736 2
5 11 714 1
9 72 722 2
41 76 811 1
2 74 729 1
2 74 735 1
69 20 777 1
39 38 738 1
39 23 747 1
2 74 745 1
2 74 755 1
7 23 791 1
6 50 853 1
6 50 801 1
7 20 835 1
7 23 837 1
77 37 819 2
7 11 835 1
1 20 857 1
6 40 842 1
4 50 880 1
6 22 1025 1
4 56 1035 1
6 40 903 1
7 23 963 1
51 27 1005 1
69 75 957 1
35 78 961 1
35 56 963 1
1 33 965 1
79 20 986 1
51 25 1026 1
69 20 1005 1
6 56 1067 1
19 17 1077 1
44 17 1010 1
6 50 1010 1
4 50 1017 1
4 76 1075 1
44 16 1031 1
2 29 1032 1
2 22 1026 1
58 56 1026 1
73 56 1041 2
30 56 1040 2
3 56 1045 2
7 23 1075 1
6 40 1038 1
19 27 1094 1
6 40 1042 1
44 17 1055 2
4 18 1085 1
6 40 1058 1
6 50 1062 1
7 23 1098 1
19 27 1111 1
13 16 1076 1
7 20 1109 1
31 32 1083 2
4 80 1091 2
6 27 1151 1
51 22 1095 1
51 18 1114 2
61 16 1097 1
51 80 1099 2
2 22 1097 1
19 50 1113 1
2 17 1157 2
69 20 1137 1
44 16 1117 1
2 22 1110 2
4 32 1116 1
54 55 1113 1
19 29 1175 1
7 23 1157 1
51 16 1173 1
69 75 1125 1
7 20 1159 1
4 56 1159 1
6 32 1158 1
19 50 1151 1
73 38 1146 1
26 25 1149 1
6 56 1205 1
13 16 1156 1
31 17 1193 1
3 17 1179 1
19 18 1188 1
7 23 1215 1
6 17 1253 1
58 17 1201 1
14 28 1285 1
69 78 1187 1
51 27 1219 1
5 20 1221 2
19 40 1198 1
6 16 1245 1
7 23 1239 1
6 32 1226 1
19 16 1267 1
81 82 1211 1
67 17 1222 1
2 22 1214 1
26 16 1225 1
7 23 1258 1
69 78 1224 1
35 20 1253 1
19 16 1285 1
6 50 1238 1
7 20 1270 1
2 16 1277 1
31 32 1245 1
4 32 1245 1
31 56 1303 1
19 56 1301 1
6 50 1265 1
31 32 1270 1
19 16 1326 1
2 22 1279 1
44 16 1295 1
13 16 1294 1
44 25 1321 1
6 50 1309 2
26 17 1307 1
61 17 1315 2
4 18 1337 2
51 22 1330 2
19 40 1332 2
51 56 1357 2
41 27 1365 2
6 50 1377 1
73 56 1371 2
81 82 1358 1
19 56 1386 1
73 56 1365 2
6 50 1371 1
7 37 1377 2
4 50 1375 1
6 16 1435 1
31 18 1380 1
51 22 1386 1
83 16 1385 2
77 23 1404 1
54 12 1398 1
73 16 1413 1
6 12 1441 1
30 17 1403 1
44 27 1401 1
13 16 1406 1
6 50 1414 1
19 32 1421 1
51 18 1409 1
31 25 1455 1
4 25 1477 1
6 25 1495 1
24 25 1434 1
6 16 1511 1
44 27 1447 1
61 16 1451 1
6 88 1590 1
19 27 1506 1
73 50 1475 1
7 38 1783 2
2 22 1486 1
2 22 1486 1
54 29 1493 1
6 16 2109 1
24 25 1494 1
19 32 1511 1
5 10 1501 1
7 70 1497 1
31 22 1536 1
69 78 1512 1
19 32 1543 1
35 20 1777 1
2 22 1551 1
31 17 2121 1
6 50 1584 1
65 16 1615 1
84 76 1643 1
0 56 1571 1
85 87 1579 1
19 46 1574 1
79 86 1574 1
65 27 1632 2
45 46 1605 2
84 76 1661 1
5 10 1590 1
4 74 1605 1
5 10 1602 1
89 90 1605 1
6 50 1630 1
65 76 1677 1
5 10 1626 1
44 16 1643 1
4 32 1643 1
5 10 1646 1
84 76 1731 1
0 56 1647 1
4 50 1648 1
4 50 1667 1
4 50 1693 1
5 10 1677 1
91 92 1689 1
4 50 1752 1
6 50 1711 1
5 10 1706 1
0 56 1712 1
1 56 1720 1
9 33 1735 1
7 93 1720 2
7 23 1808 2
4 50 1815 1
34 21 1776 1
7 23 1840 1
34 28 1793 1
4 50 1782 1
4 50 1793 1
69 20 1834 1
15 28 1817 1
7 23 1858 1
69 20 1858 1
4 50 1853 1
15 28 1947 1
69 20 1875 1
7 23 1877 1
94 68 1876 1
69 20 1887 1
4 50 1865 1
7 93 1863 1
94 95 1861 1
5 23 1897 1
4 50 1982 1
96 97 1884 1
5 93 1895 2
1 56 1901 1
35 33 1903 2
98 33 1903 1
35 33 1901 1
79 100 1905 1
36 38 1915 1
91 20 1930 1
99 23 1927 1
71 38 1917 1
36 74 1910 1
71 74 1915 1
39 23 1921 1
39 23 1928 1
7 37 1941 2
69 11 1945 2
1 33 1947 2
36 23 1965 1
15 28 2122 1
7 23 1987 1
1 74 1975 1
8 74 1964 2
36 74 1958 1
69 20 1997 1
39 20 1973 1
4 50 2013 1
7 23 2024 1
36 37 2005 1
7 23 2045 1
69 20 2059 1
4 50 2041 1
4 25 2141 1
7 101 2060 2
2 27 2099 1
6 50 2063 1
35 38 2093 2
4 50 2073 1
51 74 2097 1
4 50 2084 1
54 55 2079 1
31 32 2086 1
31 18 2107 1
6 50 2102 2
69 20 2129 1
39 23 2099 2
58 12 2112 1
4 56 2158 2
35 20 2144 1
3 25 2125 1
51 18 2110 1
7 23 2148 1
94 102 2148 2
2 22 2121 1
2 22 2130 1
15 28 2129 1
19 46 2125 1
19 27 2213 1
15 28 2159 1
35 93 2131 2
54 25 2162 1
19 32 2161 1
7 23 2178 1
2 74 2142 2
42 43 2151 1
35 101 2144 2
58 27 2165 1
4 32 2151 1
62 64 2155 1
69 75 2153 1
48 53 2153 1
2 22 2156 1
7 20 2199 1
51 18 2161 1
19 16 2231 1
73 74 2174 2
41 16 2195 1
51 18 2167 1
2 22 2170 1
7 23 2220 1
48 53 2288 1
54 57 2185 1
15 28 2183 1
69 78 2188 1
15 28 2205 1
58 59 2190 1
35 20 2226 1
19 40 2195 1
58 56 2192 1
6 27 2251 1
19 27 2277 1
61 27 2207 1
6 40 2209 1
2 22 2223 1
67 27 2224 1
15 28 2237 1
54 55 2228 1
19 27 2286 1
7 72 2252 2
54 55 2228 1
31 18 2241 2
103 33 2236 1
15 28 2263 1
69 75 2243 1
51 18 2246 1
35 78 2244 2
7 74 2262 1
19 17 2309 1
83 56 2247 2
7 20 2288 2
61 17 2256 1
71 38 2264 2
7 23 2301 1
73 74 2258 1
41 56 2294 2
15 28 2291 1
6 56 2327 1
2 22 2268 1
13 16 2270 1
51 22 2283 1
7 23 2319 1
26 16 2289 1
41 55 2295 1
19 56 2342 1
48 53 2294 1
14 43 2308 1
15 28 2300 1
58 56 2308 1
67 56 2299 1
69 20 2345 2
6 57 2346 1
1 33 2312 2
48 53 2364 1
42 47 2365 1
3 12 2310 1
1 37 2317 1
6 50 2311 1
67 56 2318 1
15 28 2366 1
7 23 2358 1
77 37 2319 1
19 32 2334 1
67 56 2322 1
26 25 2323 1
67 56 2331 1
58 25 2351 1
6 27 2401 1
31 27 2364 1
44 27 2341 1
61 17 2343 1
13 16 2345 1
69 75 2343 1
2 55 2357 1
35 20 2383 1
67 56 2357 1
19 16 2391 1
73 57 2349 1
58 12 2369 2
7 23 2404 1
54 76 2396 1
58 12 2374 1
19 27 2401 1
44 17 2370 1
69 75 2367 1
7 20 2408 1
48 53 2464 1
67 17 2378 2
49 47 2463 1
6 25 2433 1
44 16 2385 1
15 28 2465 1
7 101 2391 2
67 56 2391 1
51 18 2394 1
35 23 2437 2
6 17 2451 1
61 16 2406 1
3 56 2400 2
67 56 2413 1
14 104 2420 1
67 56 2423 1
14 104 2515 1
67 56 2432 1
19 74 2450 1
6 32 2449 2
67 56 2452 1
51 56 2464 2
13 16 2450 1
58 56 2466 2
61 17 2469 1
48 53 2510 1
49 47 2511 1
44 56 2472 1
7 -1 3000 1
15 28 2511 1
26 17 2476 2
6 50 2493 2
31 56 2515 2
48 23 2729 1
49 63 2847 1
14 63 2866 1
15 16 2832 1
67 56 2543 1
67 56 2553 1
67 56 2562 1
6 29 2583 1
67 56 2569 1
67 56 2582 1
54 56 2591 1
6 32 2593 1
44 27 2594 1
26 16 2598 1
61 27 2597 1
31 22 2686 1
19 50 2654 1
6 32 2643 1
89 90 2644 1
4 18 2659 1
34 27 2854 1
84 20 2749 1
67 56 2651 1
31 -1 3000 1
85 87 2667 1
105 16 2729 1
85 106 2672 1
51 18 2763 1
2 22 2695 1
6 40 2694 1
6 50 2733 1
84 56 2770 1
2 22 2713 1
107 108 2712 1
2 22 2773 1
19 32 2752 1
13 16 2727 1
31 -1 3000 1
19 40 2759 1
6 -1 3000 1
44 16 2786 1
44 27 2773 1
89 90 2774 1
84 76 2848 1
4 50 2785 1
67 56 2793 1
62 64 2845 1
62 64 2849 1
26 16 2861 1
62 64 2870 1
6 40 2926 1
69 -1 3000 1
19 -1 3000 1
69 -1 3000 1
