0 558 345 67.2 50.4
1 576.5 475 121.2 109.2
2 691.5 334 66 46.8
3 581 301 55.2 46.8
4 1902 475 79.2 115.2
5 1899.5 565 85.2 127.2
6 680 306 50.4 34.8
7 222 1126 532.8 140.4
8 683.5 303 61.2 45.6
9 691 350 67.2 40.8
10 706 405 88.8 50.4
11 525.5 384 78 40.8
12 1252.5 303 92.4 62.4
13 544 361 67.2 39.6
14 525.5 384 78 40.8
15 698 423 108 63.6
16 648 630 228 183.6
17 1042.5 340 66 50.4
18 1146 300 86.4 40.8
19 1042.5 340 66 50.4
20 1858 438 184.8 78
21 601 728 316.8 217.2
22 1759 402 218.4 57.6
23 1603.5 376 116.4 68.4
24 830 423 110.4 138
25 830 423 110.4 138
26 362 612 182.4 162
27 10 657 24 106.8
28 354 634 208.8 181.2
29 943.5 607 205.2 156
30 945.5 607 210 156
31 523.5 353 82.8 34.8
32 1499.5 350 78 118.8
33 1499.5 350 78 118.8
34 1388.5 334 66 43.2
35 1374.5 334 78 49.2
36 1382 287 165.6 82.8
37 1896 475 93.6 132
38 1740 437 448.8 267.6
39 1645 417 393.6 264
40 1308 316 50.4 46.8
41 486.5 514 150 165.6
42 486.5 514 150 165.6
43 352.5 716 370.8 370.8
44 324.5 772 438 436.8
45 1349.5 327 82.8 54
46 85 1084 204 273.6
47 137 1038 328.8 573.6
48 869.5 506 150 146.4
49 869.5 506 150 146.4
50 1892.5 1097 102 379.2
51 1479 1096 955.2 135.6
52 1895 591 96 162
53 643.5 493 138 66
54 643.5 493 138 66
55 1961 1096 -69.6 405.6
56 1872 708 151.2 183.6
57 276.5 1097 663.6 145.2
58 1905.5 784 68.4 202.8
59 678 374 103.2 69.6
60 555.5 340 61.2 31.2
61 563 321 55.2 37.2
62 788.5 319 78 37.2
63 788.5 319 78 37.2
64 1194.5 311 99.6 64.8
65 706 303 88.8 74.4
66 777 340 93.6 66
67 785.5 341 102 68.4
68 648 379 72 38.4
69 1440.5 339 116.4 62.4
70 1305.5 350 133.2 56.4
71 650.5 441 133.2 87.6
72 1436 399 144 111.6
73 1379.5 379 121.2 93.6
74 1203.5 312 186 145.2
75 837.5 1097 1268.4 291.6
76 894.5 1096 1323.6 260.4
77 653 358 72 34.8
78 646 573 144 99.6
79 306 493 127.2 121.2
80 306 498 132 126
