22 41 2 1
22 24 2 1
22 43 2 1
22 61 2 1
22 72 2 1
22 72 2 1
22 84 2 1
22 958 3 1
22 131 2 1
22 149 2 1
22 163 2 1
22 164 2 1
22 174 2 1
22 146 2 1
22 194 2 1
22 223 2 1
22 269 2 1
22 290 2 1
22 303 2 1
22 309 2 2
22 287 2 2
22 361 2 2
22 316 2 1
22 311 2 1
22 386 2 1
22 441 2 1
22 500 2 1
22 967 2 1
22 984 2 1
22 963 2 1
22 1021 2 2
22 1040 2 1
22 1045 2 1
22 1066 2 2
22 1098 2 1
22 1094 2 1
22 1119 2 1
22 1162 2 1
22 1150 2 1
22 1189 2 1
22 1218 2 1
22 1235 2 1
22 1297 2 1
22 1355 2 1
22 1430 2 1
22 1452 2 1
22 1470 2 1
22 1475 2 1
22 1496 2 2
22 1488 2 2
22 1552 2 1
22 1564 2 1
22 1630 2 1
22 2077 2 1
22 2074 2 1
22 2101 2 1
22 2104 2 1
22 2050 2 1
22 2086 3 1
22 2106 3 2
