0 7 41 1
1 7 24 1
2 7 43 1
3 7 61 1
4 12 39 1
5 18 60 1
3 7 72 1
6 8 28 1
4 12 59 1
2 7 72 1
5 18 78 1
3 7 84 1
2 9 34 1
0 13 39 1
10 15 45 1
11 14 41 1
5 18 91 1
6 58 958 1
16 21 63 1
17 19 60 1
3 27 131 1
5 18 107 1
20 22 69 1
23 12 103 1
4 12 113 1
17 19 81 1
24 25 82 2
17 19 87 1
5 18 128 1
24 25 92 1
6 7 149 1
4 12 137 1
3 28 135 1
6 7 163 1
3 7 164 1
4 12 159 1
6 7 174 1
10 15 128 1
26 7 146 1
5 18 174 1
29 30 142 1
6 7 194 1
5 18 189 1
5 18 197 1
20 12 195 1
5 18 208 1
3 7 223 1
5 18 217 1
20 22 190 2
29 30 190 1
4 36 209 2
5 18 226 1
11 14 191 1
31 13 201 1
32 33 198 2
11 14 199 1
5 18 235 1
34 35 208 1
4 37 210 1
4 38 217 2
26 28 215 1
17 19 222 1
3 7 269 1
5 18 249 1
23 38 220 2
32 33 222 2
39 38 228 2
17 19 231 1
32 12 249 2
40 36 234 1
5 18 267 1
0 13 235 1
4 12 274 1
3 7 290 1
40 36 244 1
6 7 303 1
0 42 278 2
3 13 280 1
41 42 273 2
6 21 307 1
4 37 282 1
31 47 309 2
43 44 287 2
20 38 316 2
4 33 320 2
20 12 330 1
3 47 361 2
16 7 316 1
45 35 308 1
46 47 311 1
0 13 315 1
4 12 351 1
34 12 334 2
3 47 386 1
4 12 391 1
6 7 441 1
6 49 512 1
3 47 500 1
5 18 508 2
48 49 976 1
4 12 538 1
48 49 543 2
4 12 555 1
6 7 967 1
48 49 553 2
2 9 557 1
48 49 566 2
48 49 569 2
48 49 581 2
6 7 984 1
46 12 710 1
50 51 639 1
3 47 963 1
48 49 650 1
48 49 656 1
5 52 659 1
53 54 676 1
46 55 770 1
56 47 806 1
57 51 794 1
48 49 791 1
56 47 832 1
48 49 818 1
4 18 897 2
48 49 921 2
3 7 1021 2
11 13 991 1
3 47 1040 1
6 9 1018 1
6 8 1006 1
6 8 1016 1
2 59 1021 1
10 7 1045 1
6 54 1046 1
6 59 1042 1
6 49 1248 1
53 7 1066 2
3 47 1098 1
6 7 1094 1
3 13 1082 1
0 27 1119 1
11 14 1072 1
3 27 1162 1
3 47 1150 1
4 12 1152 1
0 60 1118 1
4 12 1176 1
3 47 1189 1
4 12 1188 1
0 61 1152 1
4 12 1204 1
3 47 1218 1
6 25 1257 1
4 36 1197 1
5 18 1216 1
6 7 1235 1
4 18 1231 1
39 38 1194 1
62 63 1198 1
5 38 1212 2
45 12 1214 1
4 12 1250 1
24 25 1241 1
24 25 1218 1
45 12 1230 1
64 18 1233 1
5 18 1272 1
48 49 1282 1
5 18 1284 1
20 38 1259 1
6 7 1297 1
39 12 1279 1
39 33 1263 2
48 49 1273 2
24 25 1269 1
5 18 1295 1
39 36 1265 1
4 12 1297 1
24 25 1282 1
5 18 1313 1
48 30 1312 1
4 12 1311 1
48 49 1334 1
4 12 1325 1
5 18 1338 1
17 19 1307 1
3 47 1355 1
24 25 1322 1
48 25 1347 1
0 60 1321 1
5 18 1359 1
5 52 1336 1
5 18 1372 1
48 49 1361 1
48 49 2051 1
4 12 1374 1
24 25 1361 1
65 63 1371 2
5 18 1393 1
65 8 1365 1
24 25 1564 1
48 49 1375 1
62 63 2111 2
66 67 1382 1
48 49 1404 1
6 7 1430 1
5 18 1440 1
68 59 1405 1
6 7 1452 1
48 49 1411 1
48 49 1414 1
4 69 1431 1
5 18 1451 2
3 61 1432 1
5 33 1433 2
39 38 1429 2
48 49 1430 1
0 47 1470 1
6 7 1475 1
5 52 1432 1
5 18 1464 1
70 12 1448 1
70 18 1454 1
2 9 1442 1
4 12 1470 1
48 49 1448 1
41 42 1450 1
3 7 1496 2
17 19 1462 1
0 60 1458 1
5 18 1494 2
5 18 1504 2
41 44 1488 2
6 7 1552 1
6 7 1564 1
2 9 1521 1
4 74 1557 2
48 49 1535 1
5 72 1543 2
71 15 1542 1
73 18 1560 2
24 25 1574 1
4 38 1574 1
39 12 1594 1
4 12 1599 1
24 49 2058 1
6 7 1630 1
5 18 1656 1
4 12 1701 1
5 18 1738 1
3 47 2077 1
4 12 1804 1
46 18 1866 1
50 76 1803 1
75 76 1806 1
46 18 1902 1
50 51 1824 1
46 74 1900 1
6 7 2074 1
46 12 1920 1
77 59 1862 1
71 15 1875 1
68 59 1872 1
3 47 2101 1
53 54 1900 1
4 12 1947 1
6 7 2104 1
31 13 1923 1
4 12 2004 1
3 27 2050 1
26 28 1984 2
16 78 1981 1
26 28 1988 2
6 15 2051 1
26 28 2001 2
6 8 2014 1
79 80 2020 1
3 -1 2111 1
48 58 2086 1
77 59 2037 1
68 59 2051 1
10 -1 2111 1
6 -1 2111 1
71 15 2055 1
48 58 2106 2
68 59 2062 1
31 13 2060 1
4 12 2102 1
3 -1 2111 1
