0 741 722 74.4 67.2
1 869 713 69.6 50.4
2 888.5 673 66 30
3 907 430 57.6 39.6
4 900 708 48 38.4
5 964.5 672 80.4 55.2
6 990.5 625 66 52.8
7 524 399 69.6 55.2
8 976 440 48 44.4
9 518.5 409 63.6 61.2
10 1022 577 69.6 51.6
11 1228 546 148.8 38.4
12 1092 567 103.2 49.2
13 1092 567 103.2 49.2
14 1228 546 148.8 38.4
15 1145.5 565 92.4 50.4
16 869 692 98.4 57.6
17 782.5 664 78 63.6
18 902 502 55.2 39.6
19 756.5 716 66 70.8
20 222 685 88.8 74.4
21 953.5 463 66 66
22 953.5 463 66 66
23 586 403 62.4 44.4
24 937.5 500 54 39.6
25 922.5 556 58.8 31.2
26 918 623 76.8 63.6
27 917.5 640 97.2 122.4
28 922.5 556 58.8 31.2
29 935 574 74.4 80.4
30 949.5 534 70.8 82.8
31 953.5 507 73.2 82.8
32 333.5 687 90 68.4
33 1142.5 537 99.6 44.4
34 1142.5 537 99.6 44.4
35 286.5 678 80.4 66
36 488.5 535 66 78
37 1001 512 84 44.4
38 487.5 554 70.8 98.4
39 484 456 69.6 68.4
40 483.5 459 75.6 105.6
41 432 606 76.8 93.6
42 432 606 76.8 93.6
43 453.5 523 78 74.4
44 279 578 57.6 55.2
45 281 565 62.4 38.4
46 142 741 136.8 164.4
47 448.5 387 66 33.6
48 593.5 408 44.4 42
49 6 447 14.4 38.4
50 16.5 453 39.6 55.2
51 667.5 408 66 74.4
52 667.5 409 66 75.6
53 433.5 486 66 55.2
54 428.5 473 106.8 56.4
55 405.5 533 73.2 100.8
56 693.5 789 128.4 147.6
57 825.5 722 70.8 69.6
58 862.5 503 63.6 48
59 858.5 518 56.4 49.2
60 115 756 165.6 171.6
61 781 724 74.4 66
62 690.5 486 70.8 80.4
63 680.5 484 121.2 76.8
64 753 500 96 76.8
65 825.5 519 99.6 78
66 779.5 501 186 85.2
67 931.5 699 58.8 75.6
68 1069 521 86.4 48
69 1013 579 55.2 36
70 987.5 618 66 50.4
71 567 417 64.8 50.4
72 559.5 431 66 78
73 550 444 67.2 70.8
74 484 408 55.2 30
75 761 872 165.6 258
76 761 872 165.6 258
77 825.5 604 68.4 54
78 830.5 588 58.8 55.2
79 887 454 62.4 42
80 519.5 484 73.2 78
81 373.5 655 85.2 91.2
82 393 609 108 68.4
83 232 666 69.6 72
84 264 744 120 142.8
85 635 579 40.8 33.6
86 635 579 40.8 33.6
