17 159 8 1
17 176 8 1
17 184 8 1
17 204 8 1
17 203 8 1
17 211 8 1
17 212 8 1
17 236 8 1
17 259 22 1
17 264 8 1
17 276 8 1
17 284 8 1
17 418 2 1
17 314 8 1
17 306 8 1
17 320 22 1
17 292 4 1
17 329 22 1
17 349 22 1
17 367 8 1
17 361 22 1
17 372 2 1
17 376 2 2
17 403 8 1
17 400 22 2
17 440 8 1
17 398 2 2
17 444 8 1
17 448 22 1
17 482 4 1
17 476 22 1
17 489 22 1
17 493 22 1
17 511 22 1
17 536 1 1
17 528 22 1
17 539 22 1
17 549 22 1
17 557 22 1
17 569 22 1
17 573 22 1
17 580 22 1
17 593 22 1
17 603 22 1
17 625 22 1
17 633 22 1
17 792 8 1
17 1006 22 1
17 902 8 1
17 952 8 1
17 969 8 1
17 979 8 1
17 977 8 1
17 1018 22 1
17 989 8 1
17 993 8 1
17 1036 22 1
17 1017 8 1
17 1029 8 1
17 1031 8 1
17 1054 22 1
17 1041 8 1
17 1078 22 1
17 1055 8 1
17 1090 22 1
17 1109 8 1
17 1105 22 1
17 1137 8 1
17 1186 22 1
17 1156 8 1
17 1145 22 1
17 1183 8 1
17 1188 22 1
17 1168 8 2
17 1204 22 1
17 1218 22 1
17 1237 8 2
17 1229 22 1
17 1241 8 1
17 1200 8 1
17 1246 22 1
17 1268 22 1
17 1282 22 1
17 1298 22 1
17 1325 22 1
17 1589 8 1
17 1336 22 1
17 1378 22 2
17 1362 22 1
17 1378 22 1
17 1376 22 1
17 1386 22 1
17 1401 22 1
17 1385 8 1
17 1485 8 1
17 1832 22 1
17 1577 4 1
17 1729 8 1
17 1739 8 1
17 1744 8 1
17 1824 8 2
17 1804 8 2
17 1911 2 2
17 1849 2 1
17 1833 8 2
17 1864 2 1
17 1789 8 1
17 1887 2 1
17 1880 8 1
17 1817 2 1
17 1832 2 2
17 1896 8 1
17 1843 2 1
17 1908 8 1
17 1922 22 1
17 1855 2 1
17 1915 8 1
17 1881 2 1
17 1867 2 1
17 1925 22 1
17 1936 8 1
17 1942 22 1
17 1992 8 1
17 1985 8 1
17 2003 22 1
17 2038 22 1
17 2029 8 1
17 2042 22 1
17 2067 8 1
17 2063 22 1
17 2079 8 1
17 2075 22 1
17 2068 22 1
17 2063 22 1
17 2096 22 1
17 2099 22 1
17 2103 22 1
17 2119 22 1
17 2131 22 1
17 2143 8 1
17 2158 8 1
17 2202 8 1
17 2221 8 1
17 2311 22 1
17 2315 22 1
17 2379 4 1