0 3 159 1
0 3 176 1
1 8 184 1
0 3 204 1
2 8 203 1
1 8 211 1
0 3 212 1
1 4 162 1
2 5 172 1
0 8 236 1
6 10 207 1
7 9 190 1
7 20 262 1
0 3 264 1
11 14 214 1
0 18 256 1
12 13 213 1
12 15 220 1
0 3 276 1
2 8 284 1
1 24 276 1
11 14 227 1
7 9 234 1
7 44 418 1
0 3 314 1
1 16 255 1
0 19 256 1
17 3 306 1
2 27 283 1
21 22 270 1
23 32 323 1
21 8 292 1
23 32 332 1
25 28 285 1
26 27 292 1
29 30 306 1
23 32 352 1
1 8 367 1
23 35 364 1
31 24 315 1
23 38 372 1
33 34 361 1
7 40 378 2
36 38 376 2
37 3 403 1
36 32 403 2
39 40 386 1
41 42 381 2
1 8 440 1
39 42 398 2
0 3 444 1
43 46 439 2
39 20 451 1
11 3 482 1
7 20 479 1
45 20 779 1
7 20 492 1
23 32 496 1
23 32 514 1
47 50 536 1
23 32 531 1
7 20 542 1
7 32 552 1
23 48 509 1
23 32 560 1
23 32 572 1
43 40 526 1
7 35 576 1
23 32 583 1
49 50 538 1
23 32 596 1
7 35 606 1
23 48 578 1
23 32 628 1
23 32 636 1
1 8 792 1
7 9 627 2
39 40 635 1
51 52 639 1
51 63 1301 1
39 40 637 1
23 32 1009 1
39 40 686 1
23 48 708 1
39 40 708 1
39 40 802 1
1 8 902 1
1 8 952 1
1 8 969 1
0 3 979 1
1 8 977 1
23 35 1021 1
39 40 1065 2
0 3 989 1
1 8 993 1
23 32 1039 1
23 48 951 2
0 3 1017 1
7 9 958 1
0 3 1029 1
39 9 969 1
43 53 966 1
1 8 1031 1
39 32 1057 1
0 3 1041 1
7 20 1081 1
54 53 992 2
1 8 1055 1
54 53 995 2
7 20 1093 1
0 3 1109 1
23 32 1108 1
7 40 1081 2
7 9 1054 2
7 9 1063 2
0 3 1137 1
39 53 1097 2
7 20 1189 1
0 3 1156 1
23 32 1148 1
1 16 1113 1
55 46 1181 2
2 27 1118 1
26 30 1141 2
1 8 1183 1
23 32 1191 1
0 59 1181 1
25 8 1168 2
7 20 1207 1
56 19 1169 2
23 32 1221 1
0 3 1237 2
7 20 1232 1
57 8 1241 1
58 3 1200 1
60 46 1191 2
23 32 1249 1
7 20 1271 1
23 32 1285 1
23 32 1301 1
23 32 1328 1
61 3 1589 1
23 32 1339 1
62 63 1309 2
7 46 1381 2
64 66 1313 2
23 32 1365 1
65 30 1323 2
1 4 1321 1
7 20 1381 1
23 32 1379 1
67 5 1327 1
23 32 1389 1
11 68 1356 1
23 32 1404 1
37 3 1385 1
69 10 1373 1
1 28 1509 1
6 70 1420 1
23 71 1457 2
33 34 1443 1
37 3 1485 1
31 30 1454 1
7 20 1835 1
23 48 1455 2
23 71 1493 2
72 71 1484 1
72 71 1505 1
72 71 1515 1
23 71 1516 1
29 30 1521 1
72 73 1533 1
25 30 1545 1
72 73 1581 1
23 71 1548 1
23 71 1560 1
21 8 1577 1
7 9 1577 1
72 73 1593 1
7 9 1595 1
72 73 1601 2
74 40 1602 1
39 40 1602 1
72 73 1617 1
72 73 1610 1
72 73 1625 2
0 3 1729 1
0 3 1739 1
2 8 1744 1
72 73 1703 2
72 73 1721 2
75 76 1723 2
75 76 1727 2
56 3 1824 2
17 77 1749 1
72 73 1747 1
2 8 1804 2
74 9 1753 1
78 59 1765 1
72 84 1911 2
74 20 1849 1
58 59 1777 1
1 8 1833 2
74 20 1864 1
79 3 1789 1
1 16 1869 1
74 20 1887 1
23 40 1841 1
1 8 1880 1
80 38 1817 1
7 9 1893 1
36 38 1832 2
1 8 1896 1
7 9 1906 1
7 9 1834 1
80 40 1840 1
36 38 1843 1
1 8 1908 1
80 40 1847 1
23 32 1925 1
36 38 1855 1
0 3 1915 1
43 82 1881 1
41 42 1865 1
36 38 1867 1
23 20 1928 1
1 8 1936 1
81 32 1881 1
41 42 1875 1
41 32 1909 1
7 20 1945 1
81 82 1889 1
81 32 1900 1
83 20 1912 1
1 8 1992 1
0 3 1985 1
23 32 2006 1
2 27 1981 1
7 20 2041 1
26 8 2029 1
23 32 2045 1
1 8 2067 1
7 9 2004 1
7 20 2066 1
23 40 2033 1
1 8 2079 1
7 9 2018 1
23 32 2078 1
39 20 2071 1
85 86 2019 1
85 86 2028 1
36 32 2066 1
85 86 2037 1
7 20 2099 1
23 32 2102 1
7 35 2106 1
7 20 2122 1
7 20 2134 1
1 8 2143 1
61 3 2158 1
85 86 2121 1
85 86 2127 1
0 3 2202 1
1 8 2221 1
23 32 2314 1
2 27 2270 1
7 20 2318 1
26 -1 2400 1
23 73 2378 1
37 -1 2400 1
33 3 2379 1
23 -1 2400 1
0 -1 2400 1
