0 484.5 156 85.2 44.4
1 288.5 186 58.8 38.4
2 658 166 74.4 33.6
3 178 235 67.2 46.8
4 213.5 216 92.4 51.6
5 135 265 67.2 52.8
6 40 773 96 211.2
7 676.5 133 222 68.4
8 141 221 96 74.4
9 584.5 140 58.8 40.8
10 141 221 96 74.4
11 228.5 177 46.8 34.8
12 558 147 69.6 44.4
13 88.5 235 66 52.8
14 40 770 96 204
15 89 235 64.8 52.8
16 1192.5 657 226.8 190.8
17 1053.5 521 99.6 127.2
18 1098.5 587 171.6 147.6
19 255 168 45.6 33.6
20 35 648 84 171.6
21 670.5 144 54 27.6
22 630 153 206.4 98.4
23 199.5 246 73.2 82.8
24 226 249 62.4 52.8
25 253.5 262 102 82.8
26 1021 597 117.6 52.8
27 34.5 648 82.8 172.8
28 1024.5 860 154.8 182.4
29 992 818 259.2 187.2
30 1122 929 285.6 205.2
31 433 281 103.2 80.4
32 879 177 64.8 39.6
33 944.5 199 56.4 44.4
34 551.5 279 114 84
35 53.5 509 128.4 87.6
36 53.5 509 128.4 87.6
37 125.5 551 169.2 127.2
38 88 604 211.2 169.2
39 346 454 225.6 154.8
40 362.5 439 222 110.4
41 486 419 88.8 57.6
42 486 419 88.8 57.6
43 212 583 184.8 140.4
44 212 583 184.8 140.4
45 1165.5 553 162 108
46 1039.5 440 118.8 63.6
47 507 454 384 241.2
48 443 636 864 514.8
49 380.5 719 913.2 592.8
50 676.5 332 207.6 124.8
51 710.5 332 243.6 152.4
52 726.5 226 75.6 39.6
53 862.5 225 138 84
54 901 200 110.4 66
55 830.5 256 118.8 97.2
56 501.5 159 63.6 38.4
57 385.5 200 70.8 55.2
58 422.5 196 102 85.2
59 650.5 263 114 88.8
60 329 223 96 66
61 404 355 129.6 69.6
62 155 304 69.6 63.6
63 187.5 289 75.6 86.4
64 142.5 267 51.6 46.8
65 125 321 62.4 68.4
66 81 343 69.6 66
67 248 336 400.8 220.8
68 1039.5 440 118.8 66
69 53.5 378 128.4 144
70 20 384 48 174
71 362.5 212 73.2 58.8
72 47 376 112.8 84
73 976.5 493 188.4 144
74 976.5 493 188.4 144
75 972 413 117.6 92.4
76 1111.5 502 109.2 93.6
77 896.5 357 70.8 46.8
78 896.5 357 70.8 46.8
79 308 191 55.2 42
80 52 970 124.8 204
81 239.5 182 51.6 25.2
82 838 914 405.6 216
83 306 909 328.8 180
84 1142 746 204 129.6
85 572 316 170.4 130.8
86 608.5 179 37.2 27.6
87 191.5 203 49.2 38.4
88 878 417 151.2 82.8
89 878 417 151.2 82.8
90 904 325 117.6 91.2
91 906.5 319 126 91.2
92 1113.5 491 66 91.2
93 427.5 186 44.4 36
94 416.5 237 231.6 124.8
95 734 135 177.6 68.4
96 570.5 170 78 32.4
97 280 274 96 55.2
98 215 276 88.8 63.6
99 132 350 103.2 63.6
100 138.5 929 332.4 226.8
101 795 378 69.6 58.8
102 795 311 69.6 57.6
103 967 418 148.8 106.8
