12 38 4 1
12 10 8 1
12 195 3 1
12 149 3 1
12 142 3 1
12 133 2 1
12 82 4 1
12 127 4 1
12 158 2 1
12 179 2 1
12 170 3 1
12 198 3 2
12 219 3 1
12 122 3 1
12 201 2 1
12 191 3 1
12 217 3 1
12 243 3 1
12 222 2 1
12 261 3 1
12 517 6 1
12 1690 6 1
12 350 11 1
12 382 11 1
12 393 12 1
12 374 11 1
12 373 11 1
12 411 12 1
12 397 11 1
12 404 11 1
12 424 12 1
12 419 11 1
12 438 12 1
12 415 10 2
12 429 11 1
12 461 12 1
12 444 11 2
12 478 12 1
12 463 7 2
12 494 11 1
12 466 11 1
12 506 11 1
12 488 11 1
12 475 7 1
12 524 7 1
12 529 6 1
12 549 11 1
12 533 11 2
12 567 11 1
12 556 11 1
12 588 5 1
12 620 11 1
12 636 5 1
12 623 11 2
12 648 5 1
12 643 5 1
12 650 7 1
12 663 11 1
12 630 7 1
12 653 7 1
12 681 5 1
12 721 4 1
12 735 4 1
12 740 5 1
12 745 5 1
12 798 5 2
12 804 11 1
12 802 5 1
12 845 4 1
12 980 8 1
12 1156 3 1
12 1144 2 1
12 867 5 1
12 881 5 1
12 1425 5 1
12 1000 8 1
12 1023 8 1
12 1018 7 1
12 1024 7 1
12 1156 3 1
12 1189 2 1
12 1169 2 1
12 1196 3 1
12 1210 2 1
12 1231 3 1
12 1294 11 1
12 1303 11 1
12 1328 12 1
12 1327 11 1
12 1327 11 1
12 1363 12 1
12 1341 11 1
12 1382 12 1
12 1347 10 1
12 1365 11 1
12 1381 11 2
12 1403 11 1
12 1392 11 1
12 1406 11 1
12 1519 7 1
12 1420 11 1
12 1431 5 1
12 1437 11 1
12 1487 7 2
12 1480 5 1
12 1522 5 1
12 1915 8 2
12 1565 5 1
12 1604 4 1
12 1576 5 1
12 1589 5 1
12 1622 4 1
12 1613 5 1
12 1615 5 1
12 1719 6 1
12 1712 4 1
12 1739 6 1
12 2082 2 1
12 2111 3 1
12 1763 5 1
12 1803 6 1
12 1785 5 2
12 1801 5 1
12 1831 6 1
12 1828 4 1
12 2097 2 1
12 1925 8 1
12 1916 7 1
12 2366 5 1
12 1945 8 1
12 2033 4 1
12 1955 7 1
12 1988 8 1
12 1977 7 1
12 2012 8 1
12 2127 3 1
12 2094 3 1
12 2873 8 1
12 2896 8 2
12 2245 11 1
12 2248 11 1
12 2255 12 1
12 2259 11 1
12 2267 11 1
12 2278 11 1
12 2284 12 1
12 2280 11 1
12 2287 11 1
12 2374 5 1
12 2307 11 1
12 2318 11 1
12 2338 11 1
12 2355 11 1
12 2349 3 1
12 2377 11 1
12 2364 3 2
12 2398 5 1
12 2421 5 2
12 2498 5 1
12 2521 5 1
12 2592 4 1
12 2594 5 1
12 2643 7 1
12 2635 3 2
12 2663 11 1
12 2663 11 1
12 2743 5 1
12 2725 10 2
12 2736 10 2
12 2802 4 1
12 2764 5 1
12 2781 4 1
12 2994 4 1
12 2914 8 1
12 2922 8 1
12 2966 8 1
12 2969 7 1
12 2986 7 1
