0 11 37 1
1 11 9 1
2 22 195 1
3 33 149 1
4 32 142 1
5 29 134 1
6 14 12 1
7 22 109 2
5 10 6 1
7 9 1 1
8 10 3 1
7 9 11 1
5 15 22 1
8 10 15 1
12 19 82 1
13 15 20 1
6 14 35 1
8 10 31 1
12 19 127 1
6 14 74 1
8 10 107 1
13 15 62 1
16 18 78 2
13 15 65 1
12 9 157 1
13 15 71 1
17 18 162 2
13 29 159 1
7 21 97 1
6 14 172 1
13 29 180 1
20 27 128 1
4 32 170 1
17 18 102 1
3 33 198 2
3 23 111 1
7 21 121 2
8 33 219 1
2 22 122 1
24 25 127 1
13 30 203 1
17 18 138 1
7 22 126 2
2 22 191 1
26 18 133 1
20 27 174 1
16 18 131 1
7 22 131 2
28 30 137 1
4 32 217 1
8 33 243 1
31 34 151 2
13 29 223 1
7 9 160 1
17 18 180 2
7 22 166 2
28 30 163 1
8 10 172 1
12 9 193 1
17 18 223 1
28 30 183 1
20 27 196 1
3 33 261 1
6 14 207 1
7 21 190 2
17 18 204 2
12 9 340 1
2 49 517 1
2 30 1692 1
20 27 207 1
20 27 214 1
6 14 220 1
17 18 272 2
26 18 216 1
28 29 226 1
6 14 222 1
6 14 232 1
17 18 251 1
6 14 272 1
17 18 388 2
7 22 271 2
6 14 281 1
6 33 350 1
20 38 310 1
17 18 310 1
7 22 352 2
35 36 375 1
37 38 315 1
7 22 310 1
37 40 327 1
7 21 322 1
20 32 382 1
20 19 393 1
6 33 374 1
17 18 323 2
7 21 335 1
39 32 373 1
20 19 411 1
7 21 339 1
41 42 339 1
12 9 428 1
6 33 397 1
20 32 404 1
20 19 424 1
43 44 354 1
7 22 430 2
26 18 361 1
16 18 361 1
16 18 366 1
20 32 419 1
45 18 372 1
20 11 437 1
45 18 397 2
35 36 375 1
6 49 415 2
20 32 429 1
17 18 438 2
35 11 460 1
46 18 560 2
47 53 442 2
20 19 478 1
48 53 461 2
20 52 441 1
7 21 428 1
6 33 494 1
13 64 531 1
20 32 466 1
12 9 437 1
50 51 439 2
7 9 483 2
12 56 482 1
6 33 506 1
17 18 444 1
20 32 488 1
54 53 457 1
55 33 475 1
45 18 472 1
7 21 460 1
6 14 462 1
17 18 469 2
48 33 524 1
39 40 475 1
7 22 490 1
45 18 484 1
17 18 496 2
0 58 503 1
12 67 536 2
20 27 493 1
12 49 529 1
6 33 549 1
37 32 533 2
39 34 506 1
26 18 500 1
45 18 512 1
26 18 505 1
57 58 505 1
59 51 509 1
6 33 567 1
20 40 523 1
60 25 522 1
39 40 525 1
39 32 556 1
24 63 529 1
47 61 525 1
62 65 535 1
66 67 538 1
17 18 602 2
46 68 557 1
7 70 588 1
5 64 790 1
69 70 566 2
6 44 579 2
17 18 597 1
7 67 617 1
13 15 821 1
7 67 614 1
47 51 598 2
69 70 587 1
20 27 595 1
20 53 618 1
7 70 636 1
47 33 623 2
17 68 739 1
17 18 626 2
7 70 648 1
46 68 614 1
7 70 643 1
48 53 648 1
13 15 620 1
6 33 663 1
54 33 630 1
7 67 661 1
46 68 667 1
17 18 762 1
50 53 651 1
7 70 681 1
7 11 720 1
7 67 684 1
7 22 662 1
17 18 706 2
7 19 735 1
7 22 716 1
7 22 719 1
17 18 716 2
7 70 740 1
7 70 745 1
17 18 782 2
17 18 757 1
7 21 767 1
8 23 788 1
7 22 776 2
12 70 798 2
17 18 825 1
12 56 776 2
6 14 774 1
0 58 779 1
6 33 804 1
7 21 781 1
7 21 780 1
57 67 785 1
2 70 802 1
17 18 785 2
24 25 789 1
7 67 821 1
17 18 866 2
4 23 817 1
69 67 793 1
7 22 807 1
5 64 818 1
66 67 796 1
0 11 844 1
57 71 819 1
4 23 822 1
46 11 979 1
13 15 1100 1
4 32 1156 1
5 29 1145 1
7 22 850 1
12 70 867 1
46 68 850 1
7 72 880 1
46 68 861 1
17 18 907 2
46 68 870 1
46 68 883 1
7 22 895 1
46 68 899 1
7 21 908 1
7 72 1424 1
73 74 912 1
75 19 1000 1
45 76 946 1
46 19 1023 1
77 78 953 1
16 71 1009 1
17 74 960 1
45 76 973 1
46 53 1016 1
60 79 1013 1
80 49 1019 1
54 32 1024 1
80 82 1054 1
81 11 1026 1
6 14 1035 1
6 14 1042 1
13 15 1071 1
8 33 1156 1
13 29 1190 1
5 30 1171 1
6 14 1139 1
8 33 1196 1
13 29 1211 1
28 30 1148 1
6 14 1160 1
6 14 1180 1
8 32 1231 1
28 29 1190 1
28 30 1192 1
6 14 1197 1
28 29 1214 1
6 33 1294 1
20 32 1303 1
20 19 1328 1
20 32 1327 1
6 33 1327 1
37 19 1363 1
20 32 1341 1
20 19 1382 1
83 84 1347 1
20 32 1365 1
6 44 1332 1
6 33 1381 2
6 33 1403 1
20 32 1392 1
45 76 1358 1
7 22 1380 1
20 27 1367 1
20 32 1406 1
46 33 1519 1
20 32 1420 1
7 72 1430 1
20 32 1437 1
20 27 1434 1
20 38 1445 2
48 40 1448 2
48 32 1487 2
7 72 1479 1
85 51 1456 2
59 53 1467 1
16 18 1494 1
45 18 1500 1
17 18 1492 1
7 72 1521 1
17 74 1514 2
17 74 1511 1
17 74 1523 2
17 74 1530 2
26 18 1533 1
73 74 1543 1
45 19 1915 2
7 21 1544 1
7 21 1543 1
2 72 1564 1
7 11 1603 1
7 21 1555 1
7 72 1575 1
7 72 1588 1
7 11 1621 1
7 21 1594 1
7 22 1592 1
7 22 1590 1
7 22 1595 1
7 9 1598 1
7 72 1612 1
12 22 1599 1
0 72 1614 1
7 30 1721 1
7 22 1654 1
7 11 1711 1
86 22 1669 1
7 30 1741 1
13 30 2084 1
4 23 1778 1
13 15 1780 1
13 15 1717 1
8 33 2111 1
7 22 1738 1
7 21 1742 1
7 72 1762 1
4 87 1758 1
7 49 1803 1
7 22 1750 1
4 87 1893 1
7 22 1765 2
7 72 1784 2
7 70 1801 1
7 30 1833 1
7 11 1827 1
4 23 1796 1
13 29 2098 1
5 64 1796 1
4 23 1839 1
69 70 1800 1
48 29 1813 1
28 30 1816 1
4 23 1880 1
46 19 1925 1
88 89 1856 1
7 21 1872 1
7 22 1864 1
45 33 1916 1
7 70 2366 1
26 18 1878 1
17 74 1876 2
16 11 1944 1
80 82 1902 1
7 11 2032 1
4 23 2000 1
4 87 1921 1
45 76 1904 2
46 91 1922 2
90 33 1955 1
45 76 1927 1
16 19 1988 1
4 87 1935 1
46 33 1977 1
4 87 1947 1
7 22 1954 1
45 76 1955 1
7 22 1980 2
4 87 1955 1
75 19 2012 1
75 68 1957 2
4 87 1991 1
7 21 2003 1
77 78 1959 1
77 78 1960 1
7 21 2117 2
4 32 2127 1
4 32 2094 1
7 21 2023 1
7 21 2032 1
7 21 2051 1
45 76 2064 2
16 11 2872 1
46 19 2896 2
7 21 2082 1
92 76 2104 1
28 29 2101 1
7 21 2348 2
92 76 2124 1
7 21 2124 1
92 76 2144 1
92 76 2163 1
92 76 2174 1
20 32 2245 1
6 33 2248 1
35 19 2255 1
7 21 2204 1
7 22 2209 1
20 32 2259 1
6 33 2267 1
7 22 2220 1
20 32 2278 1
92 76 2237 1
35 19 2284 1
6 33 2280 1
7 21 2235 1
7 21 2233 1
20 32 2287 1
73 74 2246 2
2 70 2374 1
6 33 2307 1
92 76 2270 1
7 22 2263 1
6 33 2318 1
7 22 2294 1
92 76 2293 1
6 33 2338 1
46 68 2305 1
46 68 2314 1
92 76 2314 1
6 33 2355 1
7 21 2352 1
92 76 2344 1
2 22 2349 1
20 32 2377 1
4 25 2395 1
2 22 2364 2
92 76 2374 1
12 22 2378 2
13 64 2403 1
93 70 2398 1
92 76 2384 1
7 25 2405 1
94 67 2391 2
94 70 2421 2
92 76 2431 1
4 25 2647 1
5 65 2652 1
92 76 2494 1
7 72 2497 1
7 22 2496 1
7 72 2520 1
92 76 2514 1
4 87 2649 1
92 76 2550 1
7 11 2591 1
92 76 2566 1
7 70 2594 1
92 76 2594 1
92 76 2641 1
48 32 2643 1
13 15 2649 1
7 58 2647 2
7 95 2632 2
2 22 2635 2
20 32 2663 1
96 22 2637 1
6 33 2663 1
57 25 2646 2
94 71 2644 1
97 25 2647 1
98 63 2650 1
92 76 2654 1
66 72 2651 1
99 65 2651 1
7 21 2661 2
7 9 2661 1
4 23 2676 1
4 87 2677 1
69 70 2664 2
12 58 2675 2
5 15 2680 1
5 15 2662 1
92 76 2724 1
5 15 2676 1
73 74 2684 2
4 -1 3000 1
4 -1 3000 1
5 -1 3000 1
5 15 2724 1
80 29 2742 2
7 95 2747 1
7 70 2743 1
100 49 2725 2
5 15 2726 1
92 76 2734 1
83 49 2736 2
5 15 2744 1
7 58 2751 1
7 11 2801 1
48 82 2750 2
92 76 2792 1
28 30 2746 2
94 72 2763 1
0 11 2780 1
28 30 2756 1
7 19 2994 1
5 15 2782 1
73 74 2792 2
7 -1 3000 1
5 15 2797 1
5 15 2844 1
46 68 2811 1
101 51 2809 1
75 51 2823 1
88 78 2823 1
102 51 2830 1
16 11 2913 1
20 -1 3000 1
5 15 2894 1
45 19 2922 1
73 74 2849 1
75 103 2861 1
77 91 2863 1
45 18 2894 2
5 -1 3000 1
75 19 2966 1
88 89 2898 1
45 76 2917 2
46 53 2967 1
7 95 2923 1
77 78 2932 1
7 9 2944 1
45 76 2934 2
46 68 2949 2
45 76 2956 1
12 -1 3000 1
90 33 2986 1
46 -1 3000 1
8 -1 3000 1
45 -1 3000 1
