0 519 817 537.6 435.6
1 1015 249 220.8 168
2 1492.5 399 459.6 277.2
3 1786.5 521 356.4 267.6
4 991.5 221 178.8 171.6
5 1862.5 981 174 517.2
6 1464.5 350 370.8 218.4
7 1232 462 398.4 331.2
8 1051 402 328.8 290.4
9 680.5 225 193.2 170.4
10 1082 225 160.8 64.8
11 1724 1095 489.6 355.2
12 1749.5 856 445.2 595.2
13 1749.5 856 445.2 595.2
14 1460 565 391.2 349.2
15 659.5 228 222 187.2
16 862.5 482 366 355.2
17 1049.5 680 548.4 421.2
18 1076 614 496.8 387.6
19 1815.5 348 291.6 52.8
20 802.5 320 363.6 181.2
21 864.5 414 414 294
22 540 1005 650.4 682.8
23 1391 1012 914.4 620.4
24 410 225 177.6 177.6
25 408 225 182.4 178.8
26 865 233 139.2 78
27 1429 1004 768 906
28 517.5 645 394.8 264
29 588 1097 1411.2 884.4
30 203 1097 487.2 728.4
31 59.5 617 142.8 154.8
32 59.5 617 142.8 154.8
33 1793.5 451 334.8 171.6
34 891 221 187.2 162
35 1506.5 597 493.2 362.4
36 1356.5 235 135.6 63.6
