28 388 1 1
28 10 2 1
28 112 2 1
28 95 2 1
28 139 2 1
28 145 1 1
28 95 2 1
28 118 2 1
28 177 2 1
28 236 1 1
28 347 2 1
28 366 2 1
28 434 2 1
28 844 1 1
28 457 1 1
28 592 1 1
28 646 2 1
28 719 2 1
28 861 2 1
28 794 2 1
28 791 2 1
28 1230 2 1
28 1277 2 1
28 1315 1 1
28 1350 2 1
28 1387 1 1
28 1421 2 1
28 1439 2 1
28 1464 2 1
28 1610 2 1
28 1802 1 2
28 1901 2 1
28 1952 2 1
28 2076 2 1
28 2318 1 1
28 2465 1 1
28 2483 2 1
28 2512 2 1
28 2604 2 1
28 2634 2 1
28 2656 2 1
28 2667 1 1
28 2737 2 1
28 2725 2 1
28 2765 2 1
28 2925 1 2
