0 22 388 1
1 4 10 1
2 6 59 2
3 19 376 1
2 6 55 1
5 6 174 1
2 6 49 1
2 14 327 2
5 4 112 1
7 8 69 2
7 4 95 1
2 6 79 1
5 4 139 1
9 11 145 1
2 6 91 1
1 10 95 1
1 4 118 1
5 8 145 1
2 6 136 1
7 4 177 1
9 11 236 1
2 6 229 1
2 6 240 1
2 6 251 1
2 6 255 1
2 6 264 1
2 6 276 1
2 6 294 1
5 4 347 1
2 6 311 1
2 6 308 1
5 4 366 1
12 13 316 2
2 6 328 1
2 6 613 2
9 15 340 2
9 15 329 1
2 6 353 1
9 8 369 1
9 20 381 2
16 18 373 2
2 6 368 1
9 15 360 1
5 4 434 1
17 11 394 1
2 6 388 1
16 21 386 2
3 33 1566 1
2 6 388 1
16 18 394 1
16 11 411 2
0 28 844 1
9 11 457 1
2 6 419 1
23 11 419 2
2 6 425 1
2 6 442 1
2 6 448 1
2 6 460 1
2 6 467 1
2 6 483 1
2 6 502 1
2 6 515 1
2 6 532 1
9 11 592 1
2 6 586 1
2 6 596 1
5 4 646 1
2 6 616 1
2 6 827 2
2 6 637 1
2 6 659 1
5 4 719 1
2 6 688 1
2 6 685 1
2 6 710 1
2 6 733 1
2 6 742 1
9 20 769 2
2 6 762 1
16 8 794 1
16 21 788 1
2 6 791 1
24 25 786 1
24 25 788 1
17 4 861 1
1 4 794 1
26 20 791 1
1 4 791 1
2 6 796 1
1 8 798 1
2 6 805 1
5 27 829 1
2 6 819 1
2 6 825 1
2 6 1244 2
23 22 871 2
2 14 828 2
2 6 837 1
2 6 831 1
29 22 863 2
29 -1 3000 1
29 30 882 1
2 6 891 1
31 32 889 1
2 6 945 1
2 6 962 1
2 6 1002 1
2 6 1116 1
2 6 1120 1
5 4 1230 1
2 6 1194 1
2 6 1196 2
5 6 1251 1
2 6 1380 2
7 4 1277 1
2 6 1259 1
9 11 1315 1
2 6 1271 1
5 4 1350 1
2 6 1302 1
2 6 1311 1
2 6 1311 1
2 6 1336 1
9 15 1328 1
9 11 1387 1
9 15 1332 1
9 20 1344 1
5 4 1421 1
2 6 1381 1
2 6 1425 2
12 4 1439 1
7 14 1386 2
2 6 1401 1
2 6 1404 1
7 18 1416 1
5 18 1434 1
2 6 1428 1
2 6 1863 2
7 4 1464 1
2 6 1446 1
2 6 1465 1
2 6 1518 1
2 6 1525 1
2 6 1547 1
5 13 1562 1
12 4 1610 1
3 -1 3000 1
2 6 1574 1
2 6 1575 1
2 6 1592 1
2 6 1633 1
2 6 1647 1
2 6 1677 1
2 6 1679 1
2 6 1702 1
2 6 1710 1
2 6 1723 1
9 27 1802 2
2 6 1776 1
2 6 1802 1
23 11 1807 2
2 6 1814 1
2 6 1824 1
2 6 1838 1
2 6 1926 2
5 14 1861 1
7 34 1901 1
7 6 1882 1
2 6 1893 1
2 6 1912 1
5 4 1952 1
2 6 1923 1
2 6 2448 2
7 14 1927 2
2 6 1935 1
2 6 1941 1
2 6 1967 1
2 6 2022 1
5 4 2076 1
2 6 2043 1
2 6 2064 1
2 6 2068 1
2 6 2095 1
2 6 2122 1
2 6 2139 1
2 6 2146 1
2 6 2161 1
2 6 2242 1
9 11 2318 1
2 6 2279 1
2 6 2292 1
2 6 2325 1
2 6 2350 1
2 6 2370 1
2 6 2389 1
2 6 2399 1
9 15 2405 1
2 6 2405 1
9 11 2465 1
2 6 2417 1
2 6 2426 1
5 4 2483 1
2 6 2453 1
2 6 2454 1
2 6 2617 2
2 6 2480 1
12 4 2512 1
12 13 2468 1
2 6 2480 1
7 14 2479 1
2 6 2497 1
2 6 2499 1
2 6 2515 1
2 6 2526 1
5 14 2546 1
2 6 2536 1
2 36 2551 1
35 14 2551 1
2 6 2588 1
5 4 2604 1
2 36 2571 1
2 6 2568 1
5 4 2634 1
2 6 2581 1
2 6 2598 1
2 6 2600 1
5 4 2656 1
2 6 2622 1
9 11 2667 1
2 6 2697 2
7 14 2625 2
2 6 2643 1
2 6 2649 1
2 6 2672 1
2 6 2690 1
5 6 2991 2
12 13 2680 1
2 6 2685 1
5 4 2737 1
7 4 2725 1
2 6 2708 1
2 6 2704 1
1 8 2708 2
7 14 2733 1
5 4 2765 1
2 6 2732 1
2 6 2748 1
2 6 2751 1
2 6 2767 1
2 6 2826 1
9 18 2912 2
9 15 2880 1
16 27 2925 2
23 11 2935 2
2 6 2968 1
5 -1 3000 1
2 36 2986 1
2 6 2980 1
5 -1 3000 1
2 -1 2999 2
2 -1 3000 1
2 -1 3000 1
