0 1308 617 348 310.8
1 1204 101 122.4 78
2 692 202 232.8 99.6
3 1137 75 105.6 60
4 968.5 21 78 25.2
5 858 31 67.2 37.2
6 1308 617 348 310.8
7 1594 976 393.6 415.2
8 1197.5 67 82.8 31.2
9 1269 52 88.8 62.4
10 1193.5 95 109.2 61.2
11 857.5 29 68.4 34.8
12 1841 1123 304.8 374.4
13 148.5 409 140.4 112.8
14 1109.5 173 150 133.2
15 968 21 79.2 25.2
16 1110 165 151.2 110.4
17 1086.5 231 231.6 174
18 1072.5 334 183.6 252
19 186 493 194.4 188.4
20 939 960 2176.8 1024.8
21 931.5 971 2158.8 1057.2
22 1263 156 141.6 76.8
23 1335.5 114 94.8 72
24 1349 90 62.4 72
25 380.5 335 188.4 151.2
26 1190 44 88.8 52.8
27 1388.5 174 130.8 73.2
28 1379 266 134.4 206.4
29 1433 142 72 115.2
30 1019.5 322 164.4 204
31 1125.5 96 154.8 46.8
32 1264 52 76.8 62.4
33 1038 104 156 124.8
34 1038 104 156 124.8
35 793 166 254.4 97.2
36 1131.5 62 104.4 74.4
37 754 334 182.4 136.8
38 678 407 432 230.4
39 700 379 314.4 188.4
40 459 280 194.4 112.8
41 1538.5 443 226.8 152.4
42 336.5 386 87.6 109.2
43 1395.5 212 116.4 127.2
44 1384.5 127 99.6 91.2
45 1381 103 81.6 94.8
46 1668.5 244 121.2 79.2
47 1467 194 91.2 106.8
48 198 355 132 74.4
49 1451.5 297 118.8 169.2
50 1339.5 127 94.8 81.6
51 263 357 163.2 133.2
52 1448.5 295 99.6 92.4
53 1262 90 108 108
54 260 441 216 193.2
55 562.5 228 176.4 84
