19 20 1 1
19 66 1 1
19 98 1 1
19 270 6 1
19 320 4 1
19 405 4 1
19 451 5 1
19 555 1 1
19 477 6 1
19 509 4 1
19 688 2 1
19 655 1 1
19 613 4 1
19 709 1 1
19 673 3 1
19 703 5 1
19 778 1 1
19 767 2 1
19 765 2 1
19 854 2 1
19 806 6 1
19 832 4 1
19 836 4 1
19 891 3 1
19 954 1 1
19 923 4 1
19 937 2 1
19 946 5 1
19 1019 2 1
19 1075 4 1
19 1202 1 1
19 1080 4 1
19 1234 1 1
19 1175 4 1
19 1337 1 1
19 1418 1 1
19 1348 1 1
19 1319 4 1
19 1302 6 1
19 1297 4 1
19 1317 4 1
19 1383 3 1
19 1356 5 1
19 1400 4 1
19 1373 4 1
19 1449 6 1
19 1484 4 1
19 1555 4 1
19 1581 2 1
19 1694 2 1
19 1677 1 1
19 1633 2 1
19 1646 3 1
19 1669 6 1
19 1685 2 1
19 1703 5 1
19 1751 4 1
19 1853 1 1
19 1936 1 1
19 1840 4 1
19 1893 3 1
19 1859 4 1
19 1912 4 1
19 2004 1 1
19 1995 1 1
19 1967 4 1
19 1962 6 1
19 2066 2 1
19 2069 1 1
19 2010 1 1
19 1992 1 1
19 2001 5 1
19 2097 1 1
19 2054 4 1
19 2026 6 1
19 2117 3 1
19 2145 4 1
19 2134 3 1
19 2160 1 1
19 2240 4 1
19 2215 6 1
19 2371 1 1
19 2300 1 1
19 2325 6 1
19 2349 4 1
19 2327 6 1
19 2355 3 1
19 2537 2 1
19 2455 4 1
19 2442 3 1
19 2559 1 1
19 2525 3 1
19 2508 4 1
19 2640 1 1
19 2612 4 1
19 2629 5 1
19 2672 6 1
19 2704 4 1
19 2814 2 1
19 2774 3 1
19 2785 4 1
19 2908 1 1
19 2833 5 1
19 2986 2 1
19 2841 6 1
19 2880 4 1
19 2940 6 1
19 2908 1 1
19 2992 2 1
19 2970 3 1
