0 6 1 1
1 10 11 1
2 13 20 1
3 13 66 1
4 15 26 1
5 11 13 1
7 12 15 1
1 8 9 1
1 16 26 1
9 19 98 1
5 11 21 1
14 17 29 2
18 6 49 1
4 15 57 1
5 11 38 1
5 11 57 1
7 12 59 1
4 15 80 1
5 11 76 1
4 15 89 1
9 17 119 1
4 15 94 1
18 6 137 1
7 12 147 1
9 17 188 1
4 15 187 1
18 17 196 1
18 6 214 1
20 21 214 1
20 22 258 1
7 12 225 1
20 21 276 1
23 24 270 1
0 19 320 1
9 10 309 1
1 22 469 1
20 21 320 1
4 15 322 1
20 21 351 1
20 21 378 1
4 15 384 1
0 19 405 1
20 21 375 1
4 15 401 1
5 11 390 1
4 15 414 1
20 21 410 2
20 21 443 2
4 15 428 1
3 25 526 1
20 21 441 1
4 15 522 1
7 21 451 1
20 12 515 1
7 12 469 1
9 19 555 1
23 24 477 1
20 21 481 1
0 19 509 1
5 11 497 1
5 11 523 1
20 12 499 1
20 12 511 1
4 15 527 1
9 21 688 1
4 15 531 1
4 15 550 1
20 27 575 1
20 21 562 1
4 15 672 1
26 13 655 1
20 21 577 1
0 19 613 1
20 21 579 1
20 21 584 1
20 21 597 1
5 11 603 1
26 13 709 1
5 11 607 1
5 11 622 1
20 24 673 1
5 11 633 1
20 21 662 1
20 21 637 1
5 11 649 1
20 21 649 1
5 11 672 1
9 30 753 1
20 21 670 1
20 28 685 2
4 15 734 1
5 11 687 1
7 12 681 1
5 11 696 1
9 16 785 1
20 21 703 1
7 21 703 1
20 28 713 1
20 21 729 1
26 13 778 1
20 21 711 1
5 11 742 1
0 21 767 1
20 21 730 1
29 27 725 1
4 15 782 1
5 11 746 1
5 11 751 1
18 21 765 1
20 22 798 1
20 21 774 1
5 11 764 1
20 21 774 1
5 11 773 1
9 17 914 1
4 15 788 1
20 21 804 1
14 21 854 1
4 15 814 1
23 24 806 1
20 21 806 1
0 13 832 1
3 31 810 1
4 15 833 1
20 21 830 1
4 15 845 1
20 21 861 1
20 19 836 1
20 24 891 1
4 15 882 1
9 32 855 1
20 27 898 1
9 16 973 1
20 21 870 1
26 13 954 1
4 15 975 1
20 21 886 1
0 19 923 1
5 11 898 1
5 11 904 1
5 11 922 1
33 34 914 2
18 17 916 1
20 21 930 1
18 21 937 1
20 28 968 1
5 11 945 1
7 21 946 1
1 19 1031 1
4 15 1006 1
0 21 1019 1
20 21 986 1
20 21 998 1
20 21 1002 1
20 21 1029 1
4 15 1021 1
5 11 1014 1
20 21 1023 1
20 12 1049 1
26 31 1055 1
4 15 1089 1
0 19 1075 1
0 6 1051 2
3 13 1202 1
5 11 1058 1
20 21 1085 1
26 36 1177 1
20 19 1080 1
5 11 1082 1
20 21 1092 1
20 28 1119 1
4 15 1104 1
5 11 1102 1
9 19 1234 1
20 21 1102 1
4 15 1522 1
5 11 1118 1
20 21 1155 1
5 11 1141 1
0 19 1175 1
20 21 1137 1
5 11 1143 1
5 11 1162 1
5 11 1175 1
2 35 1174 1
3 13 1337 1
5 11 1192 1
26 13 1418 1
5 11 1200 1
20 22 1229 1
20 21 1227 1
5 11 1219 1
20 21 1225 1
5 11 1221 1
20 21 1245 1
9 19 1348 1
5 11 1232 1
20 12 1245 1
20 21 1240 1
20 21 1287 1
5 11 1255 1
20 22 1294 1
7 12 1252 1
20 21 1269 1
5 11 1272 1
20 21 1264 1
20 21 1277 1
5 11 1319 1
0 13 1319 1
20 21 1297 1
23 24 1302 1
20 19 1297 1
33 34 1298 1
20 19 1317 1
9 6 1421 1
20 21 1315 1
20 21 1312 2
5 11 1322 1
5 11 1331 1
20 21 1337 1
20 24 1383 1
5 11 1336 1
20 21 1336 1
5 11 1339 1
20 21 1343 1
7 21 1356 1
20 19 1400 1
5 11 1363 1
20 21 1413 1
20 19 1373 1
20 21 1378 1
5 11 1396 1
20 21 1409 1
26 35 1483 1
9 25 1495 1
20 21 1405 1
20 21 1435 1
5 11 1406 1
20 39 1417 2
37 39 1418 1
38 24 1449 1
5 11 1416 1
20 12 1435 1
20 21 1434 1
5 11 1442 1
20 21 1436 1
9 10 1518 1
20 21 1446 1
0 13 1484 1
20 12 1465 1
5 11 1452 1
5 11 1460 1
20 21 1495 1
5 11 1475 1
20 21 1476 1
9 8 1525 1
40 25 1496 1
20 21 1494 2
20 28 1570 1
0 19 1555 1
20 21 1530 1
4 15 1615 1
14 21 1581 1
1 21 1694 1
26 13 1677 1
9 6 1760 1
20 21 1587 1
33 34 1591 1
20 21 1589 1
5 11 1601 1
7 12 1596 1
33 34 1610 1
0 21 1633 1
20 21 1602 1
20 28 1628 2
41 21 1613 1
20 21 1636 1
4 15 1658 1
20 21 1627 1
42 25 1625 1
3 31 1637 1
43 27 1634 1
20 22 1666 1
20 46 1707 1
44 45 1646 1
5 11 1643 1
20 21 1736 1
4 15 1667 1
20 47 1710 1
23 24 1669 1
4 15 1674 1
4 15 1722 1
38 21 1685 1
20 21 1689 2
7 21 1703 1
20 21 1701 2
20 12 1708 1
20 21 1703 1
0 19 1751 1
4 15 1727 1
9 32 1732 1
4 15 1738 1
9 19 1853 1
20 21 1741 1
20 21 1759 1
4 15 2155 1
7 12 1777 1
20 21 1803 1
20 21 1774 1
20 21 1782 1
7 12 1792 1
26 13 1936 1
20 21 1814 1
0 19 1840 1
20 21 1823 1
20 21 1840 1
5 11 1831 1
5 11 1844 1
9 10 1858 1
20 24 1893 1
20 21 1851 2
20 19 1859 1
1 19 1944 1
0 13 1912 1
9 19 2004 1
5 11 1901 1
26 13 1995 1
14 16 1903 1
5 11 1911 1
20 22 1952 1
38 39 1931 1
26 31 1968 1
20 21 1970 1
33 34 1937 1
20 21 1953 1
0 13 1967 1
33 34 1956 1
5 11 1959 1
23 24 1962 1
20 21 1958 1
9 32 1961 1
5 11 1966 1
9 21 2066 1
26 13 2069 1
3 13 2010 1
20 21 2015 1
5 11 1983 1
20 21 2032 1
5 11 1991 1
48 13 1992 1
20 21 1998 2
40 25 1995 1
7 21 2001 1
9 30 2148 1
26 13 2097 1
0 19 2054 1
23 45 2026 1
5 11 2022 1
1 10 2021 1
5 11 2048 1
20 21 2037 1
26 25 2154 1
33 34 2061 2
5 11 2074 1
20 21 2078 1
9 6 2264 1
20 24 2117 1
20 21 2114 1
5 11 2095 1
26 36 2083 1
20 21 2083 1
20 21 2091 1
20 12 2093 1
20 21 2084 1
20 21 2097 1
5 11 2133 1
20 49 2121 1
0 19 2145 1
33 34 2110 1
20 12 2200 1
43 27 2129 1
20 21 2141 1
29 45 2134 1
5 11 2137 1
9 32 2367 1
20 6 2160 1
48 13 2160 1
4 15 2212 1
20 21 2166 1
20 22 2205 1
7 12 2174 1
20 12 2185 1
20 21 2213 1
20 19 2240 1
23 50 2215 1
26 34 2265 1
4 15 2248 1
20 21 2220 1
20 21 2216 1
41 49 2233 1
3 36 2228 1
20 21 2293 1
4 15 2366 1
33 51 2295 1
5 11 2271 1
20 21 2267 1
7 12 2277 1
26 13 2371 1
9 30 2447 1
5 11 2330 1
20 22 2319 1
3 36 2284 1
20 21 2291 1
42 13 2300 1
20 21 2357 1
20 49 2343 1
23 50 2325 1
0 19 2349 1
20 21 2322 1
23 24 2327 1
20 21 2346 1
5 11 2348 1
52 49 2337 1
26 36 2371 2
29 45 2355 1
9 53 2392 1
20 12 2380 1
20 21 2433 1
20 50 2434 1
20 21 2392 1
20 21 2399 1
1 53 2399 1
9 53 2407 1
20 21 2411 1
33 34 2406 2
1 21 2537 1
0 19 2455 1
20 21 2421 1
44 45 2442 1
20 21 2444 1
26 13 2559 1
18 6 2460 1
7 12 2473 1
20 45 2525 1
20 21 2496 1
9 32 2486 1
4 15 2537 1
5 11 2489 1
9 10 2552 1
20 21 2498 1
20 21 2522 1
20 19 2508 1
5 11 2518 1
5 11 2535 1
20 6 2548 1
4 15 2553 1
20 21 2564 1
20 21 2564 1
4 15 2604 1
20 21 2576 1
9 30 2713 1
3 13 2640 1
1 30 2609 1
20 21 2578 1
0 19 2612 1
20 21 2595 1
5 11 2598 1
20 21 2608 1
4 15 2606 1
18 6 2621 1
18 30 2616 2
4 15 2646 1
20 22 2662 1
7 21 2629 1
9 53 2704 1
20 21 2643 1
20 21 2647 1
4 15 2701 1
20 12 2669 1
23 24 2672 1
0 19 2704 1
5 11 2695 1
26 36 2704 1
20 21 2701 1
3 31 2717 1
9 21 2814 1
4 15 2730 1
20 21 2726 1
33 34 2724 1
20 21 2727 1
20 12 2740 1
20 24 2774 1
4 -1 3000 1
20 21 2736 1
20 21 2759 1
5 11 2748 1
9 32 2747 1
9 10 2826 1
20 21 2764 1
0 19 2785 1
20 21 2815 1
3 31 2766 1
33 16 2772 2
20 21 2782 1
5 11 2774 1
33 35 2791 1
33 34 2781 1
20 22 2832 1
20 21 2854 1
26 19 2908 1
38 39 2794 2
5 11 2801 1
54 19 2806 2
9 32 2808 1
9 32 2826 1
20 21 2836 1
20 12 2827 1
1 16 2833 1
9 53 2834 1
5 11 2829 1
20 21 2835 1
7 21 2833 1
9 21 2986 1
23 24 2841 1
5 11 2852 1
1 10 2860 1
20 21 2844 1
1 10 2852 1
20 21 2856 1
0 19 2880 1
26 -1 3000 1
5 11 2882 1
20 21 2867 1
14 16 2862 1
26 -1 3000 1
5 11 2888 1
54 24 2940 1
9 -1 3000 1
20 49 2936 1
5 11 2898 1
55 13 2908 1
5 11 2904 1
5 11 2914 1
5 11 2920 1
20 21 2935 1
20 21 2935 1
20 27 2960 1
0 21 2992 1
5 11 2955 1
26 -1 3000 1
44 45 2970 1
5 11 2968 1
20 21 2989 1
20 21 2994 1
5 11 2987 1
20 -1 3000 1
7 12 2998 1
5 11 2991 1
9 -1 3000 1
