0 97.5 534 174 80.4
1 1248 555 88.8 105.6
2 207 399 158.4 111.6
3 207 399 158.4 111.6
4 355 359 129.6 79.2
5 355 359 129.6 79.2
6 558 320 100.8 74.4
7 558 320 100.8 74.4
8 976.5 173 25.2 14.4
9 976.5 173 25.2 14.4
10 79.5 390 123.6 67.2
11 626 302 225.6 124.8
12 973 186 40.8 21.6
13 89 387 122.4 67.2
14 973 186 40.8 21.6
15 695.5 311 32.4 21.6
16 817 272 148.8 68.4
17 927 203 48 33.6
18 923.5 201 44.4 31.2
19 853 207 40.8 27.6
20 993 233 103.2 52.8
21 888.5 209 58.8 27.6
22 750.5 228 58.8 30
23 866 209 31.2 25.2
24 701 235 67.2 27.6
25 761 220 43.2 28.8
26 912 238 55.2 34.8
27 1245.5 498 73.2 102
28 1051 219 93.6 52.8
29 600.5 244 92.4 27.6
30 554.5 260 94.8 33.6
31 163.5 517 339.6 99.6
32 656.5 226 56.4 25.2
33 353.5 279 66 33.6
34 276.5 295 58.8 42
35 176.5 309 85.2 42
36 907 256 45.6 38.4
37 282 289 64.8 38.4
38 43 337 103.2 58.8
39 192 305 88.8 42
40 1203.5 588 200.4 98.4
41 998 228 48 33.6
42 404 276 69.6 40.8
43 808.5 212 44.4 31.2
44 892 228 88.8 58.8
45 218.5 538 438 174
46 476.5 270 87.6 48
47 324.5 297 99.6 44.4
48 417 261 40.8 31.2
49 368 271 57.6 40.8
50 1227.5 645 114 262.8
51 885 203 55.2 33.6
52 947.5 182 30 27.6
53 927 186 40.8 30
54 943.5 183 39.6 28.8
55 844 205 40.8 42
56 661.5 239 61.2 56.4
57 899.5 191 56.4 38.4
58 807 221 62.4 61.2
59 500.5 272 94.8 46.8
60 64 325 74.4 61.2
61 150 330 360 140.4
62 241.5 309 92.4 31.2
63 1033.5 205 37.2 25.2
64 773 281 48 38.4
65 696.5 233 56.4 36
66 653 237 48 33.6
67 626 239 48 32.4
68 675 286 55.2 56.4
69 731.5 223 37.2 30
70 506.5 241 73.2 21.6
71 783 226 40.8 22.8
72 993.5 184 30 24
73 1256 496 48 69.6
74 1264 461 28.8 30
75 978 454 177.6 63.6
76 850 193 48 38.4
77 404 278 74.4 32.4
