2 42 4 1
2 231 4 1
2 210 2 1
2 231 1 1
2 237 1 1
2 251 1 1
2 262 4 2
2 245 1 1
2 273 4 1
2 240 1 1
2 247 2 1
2 299 1 1
2 266 2 1
2 297 4 1
2 278 2 1
2 285 2 1
2 306 2 1
2 330 2 1
2 370 1 1
2 354 2 1
2 348 2 1
2 400 4 1
2 378 2 1
2 429 4 1
2 417 2 1
2 418 2 1
2 418 1 1
2 434 1 1
2 470 4 2
2 472 1 1
2 462 1 1
2 460 1 1
2 469 2 1
2 512 1 1
2 548 4 1
2 534 2 1
2 565 2 1
2 614 1 1
2 619 1 1
2 632 1 1
2 712 1 1
2 677 1 2
2 687 1 1
2 683 1 1
2 751 1 1
2 802 1 2
2 822 2 1
2 815 1 1
2 856 1 1
2 854 4 1
2 823 1 1
2 912 1 1
2 919 2 1
2 976 4 1
2 1034 4 1
2 1070 2 1
2 1113 1 1
2 1096 2 1
2 1161 4 1
2 1139 2 1
2 1173 2 1
2 1175 2 1
2 1192 2 1
2 1218 2 1
2 1247 1 1
2 1222 2 1
2 1233 2 1
2 1270 2 1
2 1330 1 1
2 1279 1 1
2 1305 2 1
2 1320 2 1
2 1378 1 1
2 1339 2 1
2 1347 2 1
2 1376 4 1
2 1393 4 1
2 1370 2 1
2 1409 4 1
2 1481 1 1
2 1474 1 1
2 1467 1 1
2 1526 1 1
2 1458 2 1
2 1546 1 1
2 1539 1 1
2 1555 1 1
2 1584 2 1
2 1614 2 1
2 1642 2 1
2 1686 1 1
2 1748 1 2
2 1749 1 1
2 1733 1 1
2 1808 1 1
2 1832 2 1
2 1943 4 1
2 1971 4 1
2 1957 2 1
2 1976 2 1
2 2087 1 1
2 2094 4 1
2 2064 2 1
2 2104 2 1
2 2184 1 1
2 2242 1 1
2 2214 2 1
2 2283 2 1
2 2340 1 1
2 2297 2 1
2 2329 1 1
2 2360 1 1
2 2351 1 1
2 2377 2 1
2 2380 1 1
2 2393 1 1
2 2400 1 1
2 2384 2 1
2 2416 1 1
2 2422 1 1
2 2428 2 1
2 2450 1 1
2 2486 1 1
2 2461 1 1
2 2525 1 1
2 2510 1 1
2 2562 1 1
2 2522 1 1
2 2586 2 1
2 2673 1 1
2 2662 1 1
2 2708 1 1
2 2724 1 2
2 2766 1 1
2 2717 1 1
2 2780 1 1
2 2805 1 2
2 2844 2 1
2 2928 1 1
2 2891 2 1
2 2958 1 1
2 2977 2 1