0 1 42 1
2 16 178 2
2 3 148 2
4 5 152 2
6 7 159 2
8 9 165 1
10 13 171 2
11 16 183 2
11 15 177 1
2 26 205 1
12 14 173 1
10 26 219 1
17 18 184 1
11 15 194 1
0 1 231 1
19 25 203 1
20 28 210 1
21 23 198 1
10 36 230 1
17 18 201 1
19 29 215 1
6 7 199 1
21 32 222 1
22 25 205 1
11 15 209 1
10 13 204 1
22 30 218 1
11 7 201 1
2 26 237 1
24 38 231 1
27 16 504 1
0 31 221 1
11 38 237 1
24 38 251 1
11 15 233 1
10 26 255 1
0 1 262 2
11 38 245 1
33 37 230 1
10 36 262 1
0 1 273 1
34 39 233 1
35 38 240 1
20 28 247 1
11 15 240 1
10 16 276 1
11 15 253 1
10 16 277 1
19 38 299 1
20 28 266 1
0 40 297 1
10 16 296 1
11 15 276 1
20 28 278 1
20 28 285 1
11 15 290 1
10 36 327 1
11 15 295 1
20 28 306 1
11 15 303 1
10 26 338 1
27 36 524 1
11 15 316 1
20 28 330 1
10 16 347 1
17 38 370 1
11 15 326 1
11 15 345 1
20 28 354 1
10 26 385 1
20 28 348 1
10 16 390 1
0 40 400 1
8 9 402 1
20 28 378 1
12 14 405 1
12 14 388 1
11 15 385 1
2 16 421 2
17 32 411 1
0 1 429 1
20 41 395 1
8 18 412 1
20 28 417 1
20 28 418 1
12 18 427 1
12 18 416 1
42 38 418 1
21 23 421 1
11 38 434 1
10 16 454 1
43 30 441 1
45 50 470 2
44 26 426 1
21 38 472 1
11 48 448 1
46 49 450 1
12 14 456 1
42 38 462 1
47 38 460 1
17 23 472 1
20 28 469 1
43 38 512 1
11 15 486 1
11 15 502 1
0 1 548 1
11 15 512 1
20 28 534 1
20 28 565 1
12 18 567 1
52 51 623 1
12 14 575 1
21 51 571 1
43 38 614 1
19 38 619 1
17 38 632 1
52 54 601 1
53 18 610 1
12 14 635 1
19 55 700 2
21 51 630 1
43 55 632 1
22 25 635 1
12 14 641 1
17 54 640 1
12 38 712 1
21 23 648 1
24 56 647 2
11 38 677 2
52 54 649 1
19 59 670 1
57 51 656 1
43 58 683 2
46 38 687 1
12 14 701 1
60 38 683 1
33 49 685 2
17 38 751 1
24 56 727 1
43 55 756 1
43 61 802 2
10 36 798 1
11 48 785 2
11 15 791 1
8 14 793 1
43 49 812 1
53 51 808 1
20 28 822 1
42 61 815 1
43 38 856 1
47 37 817 1
0 40 854 1
62 39 819 1
35 61 821 1
60 38 823 1
10 26 898 1
21 51 872 1
19 38 912 1
11 15 890 1
20 28 919 1
10 16 960 1
0 1 976 1
11 15 955 1
0 1 1034 1
10 26 1046 1
11 15 1038 1
10 16 1070 1
11 15 1054 1
52 51 1069 1
11 15 1063 1
20 28 1070 1
19 38 1113 1
44 36 1072 1
10 16 1116 1
20 28 1096 1
10 16 1129 1
11 15 1131 1
10 26 1142 1
10 16 1149 1
27 16 1235 1
44 26 1118 1
0 40 1161 1
10 16 1160 1
20 28 1139 1
11 15 1141 1
11 15 1154 1
20 28 1173 1
10 26 1190 1
10 16 1197 1
63 28 1175 1
11 15 1173 1
20 28 1192 1
11 15 1193 1
8 51 1199 1
10 26 1216 1
11 15 1211 1
20 28 1218 1
19 38 1247 1
20 28 1222 1
11 15 1225 1
20 41 1223 1
64 16 1227 1
63 28 1233 1
11 15 1232 1
8 51 1276 1
10 36 1270 1
43 55 1290 2
10 26 1296 1
11 15 1261 1
20 28 1270 1
24 65 1259 1
66 56 1262 1
66 29 1264 2
67 29 1267 1
11 30 1270 1
10 26 1309 1
46 59 1275 1
11 15 1287 1
42 37 1283 1
10 36 1315 1
19 38 1330 1
47 61 1279 1
20 28 1305 1
11 15 1310 1
20 28 1320 1
10 26 1343 1
12 38 1378 1
20 28 1339 1
11 15 1333 1
20 28 1347 1
0 40 1376 1
0 1 1393 1
20 28 1370 1
10 16 1393 1
0 40 1409 1
11 15 1390 1
12 55 1430 1
2 16 1431 1
12 38 1481 1
11 15 1429 1
11 68 1422 1
43 69 1440 1
22 38 1474 1
24 38 1467 1
8 38 1526 1
11 30 1446 1
20 28 1458 1
34 37 1456 1
8 38 1546 1
12 14 1494 1
43 55 1502 1
17 18 1505 1
43 38 1539 1
21 38 1555 1
10 16 1564 1
11 15 1557 1
10 16 1593 1
10 36 1611 1
11 15 1586 1
20 28 1584 1
11 15 1595 1
11 15 1604 1
63 28 1614 1
20 28 1642 1
12 14 1630 1
52 -1 1662 1
21 51 1645 1
19 38 1686 1
21 61 1748 2
12 14 1677 1
17 23 1692 1
12 38 1749 1
43 29 1710 1
66 29 1704 2
10 16 1728 1
11 30 1706 2
46 59 1713 2
46 59 1715 1
11 15 1723 1
47 38 1733 1
19 38 1808 1
10 16 1809 1
11 15 1789 1
11 15 1805 1
20 28 1832 1
10 16 1914 1
11 15 1894 1
11 15 1899 1
10 16 1931 1
11 15 1922 1
10 16 1935 2
0 40 1943 1
10 26 1957 1
0 1 1971 1
11 15 1948 1
20 28 1957 1
63 28 1976 1
10 16 2016 1
11 15 2002 1
10 16 2022 1
11 15 2007 1
11 15 2019 1
10 26 2048 1
11 15 2040 1
52 38 2087 1
27 16 2134 1
10 16 2059 1
11 15 2059 1
10 16 2076 1
0 1 2094 1
63 28 2064 1
11 15 2074 1
34 37 2082 1
63 28 2104 1
11 15 2124 1
12 14 2131 1
17 39 2177 1
10 5 2177 1
34 37 2171 1
62 38 2184 1
4 16 2196 1
12 38 2242 1
11 15 2194 1
20 28 2214 1
10 36 2256 1
10 16 2266 1
34 37 2240 1
11 15 2245 1
11 15 2259 1
20 28 2283 1
12 38 2340 1
63 28 2297 1
17 38 2329 1
8 51 2312 1
12 14 2310 1
10 26 2346 1
11 15 2311 1
52 38 2360 1
19 38 2351 1
12 14 2342 1
11 15 2327 1
12 23 2344 1
11 15 2335 1
52 29 2378 1
10 26 2371 1
53 70 2376 1
19 49 2369 1
12 51 2384 1
11 15 2363 1
20 28 2377 1
2 16 2394 2
34 37 2360 1
12 14 2364 1
17 55 2378 1
47 38 2380 1
46 38 2393 1
19 25 2385 1
11 38 2400 1
11 15 2385 1
63 28 2384 1
24 38 2416 1
52 18 2399 1
71 38 2422 1
11 15 2402 1
8 51 2415 1
21 51 2404 1
34 37 2402 1
20 28 2428 1
19 38 2450 1
11 15 2415 1
8 38 2486 1
19 38 2461 1
11 15 2425 1
12 18 2468 1
72 55 2486 1
27 73 2472 1
17 18 2468 1
57 38 2525 1
27 74 2467 1
21 38 2510 1
75 16 2551 1
8 38 2562 1
19 30 2503 1
11 15 2496 1
11 15 2512 1
62 38 2522 1
11 15 2545 1
44 16 2553 1
63 28 2586 1
8 14 2599 1
52 18 2608 1
8 38 2673 1
21 38 2662 1
11 15 2644 1
12 14 2672 1
12 18 2664 1
34 37 2661 1
53 51 2677 1
43 38 2708 1
19 61 2724 2
76 55 2676 1
17 51 2683 1
11 15 2680 1
67 29 2696 1
11 59 2704 2
72 38 2766 1
52 51 2754 1
60 38 2717 1
27 16 2854 1
21 23 2743 1
19 38 2780 1
10 16 2783 1
11 15 2760 1
76 49 2792 2
34 37 2770 1
11 15 2776 1
10 16 2820 1
34 38 2805 2
62 39 2796 1
11 15 2817 1
11 15 2846 1
63 28 2844 1
8 38 2928 1
63 28 2891 1
8 18 2903 1
27 -1 3000 1
10 26 2948 1
43 38 2958 1
8 -1 3000 1
11 15 2922 1
72 14 2954 1
11 15 2938 1
11 15 2954 1
20 28 2977 1
17 23 2968 1
10 16 2995 1
43 77 2993 1
10 -1 3000 1
11 15 2988 1
0 -1 3000 1
11 -1 3000 1
8 -1 3000 1
