0 876.5 480 454.8 175.2
1 1490 498 398.4 146.4
2 246.5 293 205.2 81.6
3 830 379 122.4 97.2
4 830 379 122.4 97.2
5 1904 430 74.4 115.2
6 685 358 148.8 40.8
7 685 358 148.8 40.8
8 83.5 300 200.4 86.4
9 1686.5 430 349.2 152.4
10 28.5 532 68.4 158.4
11 1331 451 525.6 158.4
12 346 1094 830.4 235.2
13 2323.5 1092 442.8 357.6
14 1648 1097 688.8 92.4
15 1648 1097 688.8 92.4
16 849 528 530.4 160.8
17 1844 490 218.4 158.4
18 43.5 319 104.4 58.8
19 268 280 108 48
20 315 516 756 327.6
21 648.5 328 150 79.2
22 1213.5 480 1251.6 271.2
23 348 1084 835.2 644.4
24 1909 436 62.4 134.4
25 1923 728 24 284.4
26 1892.5 763 102 296.4
27 46 945 110.4 315.6
28 2036.5 1097 -174 427.2
29 2060.5 1094 -210 310.8
30 428.5 495 366 164.4
31 1045 324 194.4 68.4
32 1045 324 194.4 68.4
33 1035 361 187.2 117.6
34 194.5 314 253.2 78
35 373.5 314 133.2 81.6
36 629.5 337 193.2 105.6
37 133.5 503 320.4 127.2
38 1312.5 573 382.8 302.4
39 119.5 319 222 58.8
40 1818.5 669 267.6 242.4
41 1845 691 213.6 250.8
42 507 292 220.8 63.6
43 475 332 309.6 97.2
44 506.5 332 289.2 98.4
45 1999 1053 -120 314.4
46 111 908 266.4 333.6
