0 10 14 1
1 10 26 1
2 8 8 1
3 4 22 1
5 10 35 1
6 7 4 1
1 9 10 1
5 10 46 1
1 11 16 2
12 13 31 1
3 4 184 1
5 10 61 1
5 10 70 1
12 13 51 1
5 10 77 1
5 10 88 1
12 13 80 1
5 10 100 1
14 15 77 1
5 10 111 1
5 10 132 1
5 19 173 1
5 10 151 1
0 16 144 2
5 10 171 1
17 10 166 1
12 13 158 1
17 10 175 1
18 21 213 1
12 13 170 1
5 10 187 1
2 8 179 1
5 20 191 2
12 13 183 1
5 20 195 1
3 4 209 1
17 20 205 1
12 13 202 1
17 10 227 2
17 20 216 1
17 10 231 1
3 4 283 1
6 7 285 1
5 10 248 1
17 10 251 1
5 11 280 2
0 16 289 2
6 23 835 1
3 4 300 1
5 10 310 2
22 20 307 2
3 4 302 1
12 13 311 1
3 23 809 1
5 10 329 1
12 13 324 1
12 23 356 1
5 24 359 1
17 20 375 2
12 13 450 1
5 24 480 1
17 20 492 2
17 9 481 1
5 10 521 1
5 24 523 1
17 10 539 1
18 8 851 1
2 25 647 1
14 10 677 1
26 8 865 1
26 8 891 1
27 8 1040 1
27 28 974 1
27 8 1053 1
12 29 991 1
5 8 1093 1
12 13 1051 1
12 13 1071 2
5 10 1120 1
12 13 1101 1
5 10 1142 1
5 10 1155 1
18 33 1462 1
5 10 1170 1
5 10 1181 1
5 10 1198 1
17 10 1196 1
5 20 1208 1
5 20 1213 2
30 10 1218 2
5 8 1273 1
5 10 1249 1
12 13 1241 1
5 10 1257 2
17 10 1260 1
0 16 1251 2
17 10 1273 1
5 24 1258 1
17 20 1276 1
5 20 1288 1
17 10 1291 2
5 10 1307 1
12 13 1303 1
5 20 1310 1
17 20 1327 1
5 24 1322 1
17 16 1330 1
5 24 1328 1
2 20 1464 1
30 20 1335 1
17 10 1353 1
17 10 1377 1
17 20 1383 1
17 10 1389 2
17 9 1381 2
22 11 1391 2
0 20 1385 1
5 10 1404 1
12 13 1397 1
5 24 1395 1
17 20 1410 1
17 10 1423 2
5 10 1434 2
12 13 1431 1
31 32 1425 1
12 23 1446 2
5 10 1478 2
18 34 1468 1
22 25 1712 1
0 20 1551 1
17 11 1478 1
35 25 1729 2
18 8 1480 1
0 20 1481 2
36 10 1665 1
5 20 1498 2
12 13 1491 1
22 9 1490 2
36 21 1488 1
0 20 1499 2
5 10 1548 1
12 13 1547 1
37 20 1558 1
17 10 1619 1
31 33 1671 1
22 38 1691 2
14 20 1729 1
39 20 1802 1
14 20 1749 1
40 41 1727 1
14 10 1763 1
14 20 1783 1
18 10 1840 1
18 42 1867 1
36 -1 1966 1
39 20 1917 1
2 34 1873 1
43 44 1888 2
12 45 1935 2
30 10 1927 1
27 -1 1966 1
46 -1 1966 2
27 -1 1966 1
