0 790 343 192 96
1 741 276 170.4 80.4
2 738 166 88.8 44.4
3 90.5 565 217.2 180
4 870.5 131 66 30
5 647.5 138 92.4 42
6 207 669 446.4 285.6
7 796.5 138 66 38.4
8 1019.5 203 63.6 44.4
9 745.5 129 85.2 42
10 81.5 966 195.6 243.6
11 237 661 429.6 295.2
12 1073 186 38.4 32.4
13 696.5 133 70.8 30
14 828 332 240 133.2
15 696.5 133 70.8 30
16 1132.5 750 193.2 274.8
17 1092 214 55.2 38.4
18 1243 786 127.2 182.4
19 1115 200 55.2 30
20 1254 795 100.8 188.4
21 650 138 105.6 42
22 1010.5 246 78 85.2
23 821 115 60 38.4
24 1010.5 246 78 85.2
25 821 115 60 38.4
26 1124.5 203 56.4 39.6
27 1051 192 50.4 37.2
28 599.5 131 73.2 25.2
29 910.5 129 58.8 31.2
30 910.5 129 58.8 31.2
31 -2 353 -4.8 78
32 720 115 52.8 36
33 748.5 117 114 49.2
34 699.5 113 70.8 36
35 -3 315 -7.2 61.2
36 131.5 401 190.8 80.4
37 -1 316 -2.4 58.8
38 590 138 144 60
39 -5.5 359 -13.2 78
40 524 145 115.2 63.6
41 494 145 96 52.8
42 84 316 151.2 92.4
43 422.5 156 78 40.8
44 65 322 156 109.2
45 422.5 156 78 40.8
46 225.5 223 70.8 68.4
47 325.5 227 169.2 86.4
48 225.5 223 70.8 68.4
49 170 270 247.2 160.8
50 170 270 247.2 160.8
51 324.5 196 99.6 50.4
52 3 341 7.2 85.2
53 153.5 159 44.4 36
54 368 177 74.4 60
55 422.5 191 298.8 122.4
56 468.5 177 330 106.8
57 161 815 386.4 452.4
58 636.5 424 303.6 205.2
59 681 401 276 195.6
60 927 272 158.4 88.8
61 955 145 48 31.2
62 818 150 52.8 37.2
63 199.5 150 44.4 50.4
64 779 150 33.6 32.4
65 681 170 48 36
66 681 170 48 36
67 1282.5 542 32.4 120
68 263 129 57.6 27.6
69 1271 565 60 99.6
70 1229.5 521 159.6 91.2
71 1195 512 108 88.8
72 16.5 837 39.6 290.4
73 115 473 276 139.2
74 111 472 266.4 140.4
75 287 126 55.2 27.6
76 1061 198 60 86.4
77 246 977 590.4 854.4
78 1008 197 50.4 38.4
79 1063.5 223 68.4 67.2
80 241 136 48 36
81 358 424 247.2 152.4
82 390 419 312 165.6
83 283.5 149 56.4 36
84 872 124 84 55.2
85 163 176 60 54
86 165.5 182 58.8 52.8
87 -19 352 -45.6 127.2
88 1144 551 199.2 133.2
89 1266 630 72 116.4
90 1266 630 72 116.4
91 456.5 279 188.4 91.2
92 181 392 206.4 99.6
93 400 509 242.4 153.6
94 655 115 74.4 27.6
95 669.5 110 80.4 26.4
96 646 290 206.4 57.6
97 646 290 206.4 57.6
98 775 265 192 74.4
99 585 547 607.2 423.6
100 875.5 235 111.6 57.6
101 945 131 132 61.2
102 849 153 88.8 45.6
103 849 152 96 42
104 477.5 858 1146 843.6
105 927.5 219 78 52.8
106 1156.5 632 207.6 158.4
107 927 459 261.6 180
108 1246 445 120 78
109 870.5 115 58.8 33.6
