9 50 11 1
9 57 11 1
9 761 6 1
9 72 11 1
9 222 5 1
9 204 5 1
9 18 11 1
9 196 5 1
9 48 10 1
9 111 11 1
9 86 11 1
9 111 11 1
9 124 11 2
9 60 10 1
9 59 11 1
9 146 5 1
9 87 11 1
9 169 5 1
9 172 11 1
9 178 11 1
9 187 11 1
9 222 11 1
9 223 11 1
9 248 11 1
9 250 5 1
9 185 11 1
9 288 5 1
9 249 11 1
9 276 11 1
9 266 5 2
9 295 11 1
9 266 5 2
9 323 5 1
9 358 5 1
9 306 5 1
9 377 11 2
9 395 5 1
9 418 5 1
9 452 5 1
9 422 5 1
9 491 5 1
9 477 3 1
9 802 6 1
9 1065 2 1
9 843 6 1
9 724 5 1
9 734 5 1
9 918 6 1
9 901 4 1
9 803 10 1
9 810 10 1
9 846 10 1
9 851 10 1
9 927 10 1
9 1063 8 1
9 1059 1 1
9 1691 5 1
9 1066 10 1
9 1072 10 1
9 1263 11 1
9 1292 11 1
9 1277 3 1
9 1346 11 2
9 1401 3 1
9 1340 7 1
9 1454 11 2
9 1350 7 1
9 1394 11 1
9 1497 11 1
9 1531 1 1
9 1435 11 1
9 1530 11 1
9 1495 11 1
9 1556 11 1
9 2193 6 1
9 1526 11 1
9 1583 11 1
9 1640 1 1
9 1615 11 1
9 1590 11 1
9 1621 11 1
9 1640 11 1
9 1644 11 1
9 1598 7 1
9 1885 1 1
9 1710 5 1
9 1699 11 1
9 1716 11 1
9 1731 5 1
9 1746 5 1
9 1762 5 1
9 1787 5 1
9 1811 5 1
9 1834 5 1
9 1852 5 1
9 2242 6 1
9 2004 11 1
9 2033 5 1
9 2073 5 1
9 2077 5 1
9 2105 5 2
9 2131 5 1
9 2150 5 1
9 2211 5 2
9 2278 6 1
9 2229 5 1
9 2193 10 1
9 2200 10 1
9 2495 11 1
9 2335 6 1
9 2284 5 1
9 2240 10 1
9 2251 10 1
9 2279 10 1
9 2449 9 1
9 2290 10 1
9 2345 10 1
9 2521 3 1
9 2545 3 1
9 2892 11 1
9 2516 9 1
9 2497 7 1
9 2501 7 1
9 2533 7 1
9 2911 11 1
9 2677 7 1
9 3146 5 2
9 2720 7 1
9 3089 5 1
9 2967 12 1
9 3104 5 1
9 2952 11 2
9 3072 4 1
9 2969 11 1
9 3007 12 1
9 2898 11 1
9 2995 11 1
9 3114 11 1
9 3081 11 1
9 3138 11 1
9 3111 11 1
9 3094 5 1
9 3134 11 1
9 3156 11 1
9 3182 5 1
9 3181 11 1
9 3178 5 2
9 3210 11 1
9 3242 11 1
9 3291 5 1
9 3320 5 1
9 3317 11 2
9 3369 11 1
9 4323 12 1
9 3341 11 1
9 3622 6 1
9 3402 11 1
9 3671 6 1
9 3326 7 2
9 3373 5 1
9 3343 7 1
9 3416 5 1
9 3480 5 1
9 3906 3 1
9 3520 5 1
9 3604 5 1
9 3614 5 1
9 3663 5 1
9 3620 10 1
9 3628 10 1
9 3712 5 1
9 3675 10 1
9 3683 10 1
9 3791 7 1
9 3747 5 1
9 4416 4 1
9 4486 5 1
9 3913 9 1
9 4003 1 1
9 4095 8 1
9 4337 11 1
9 4290 11 1
9 4205 9 1
9 4236 10 1
9 4353 11 1
9 4247 10 1
9 4429 1 1
9 4388 11 1
9 4415 11 2
9 4442 11 1
9 4460 11 1
9 4456 11 1
9 4434 11 1
9 4484 11 1
9 4420 11 2
9 4458 7 1
9 4462 7 1
