0 17 49 1
1 17 56 1
2 16 761 1
3 12 72 1
4 44 220 1
5 21 66 1
6 11 4 2
7 39 204 1
8 12 18 1
5 21 80 1
9 37 196 1
6 14 28 1
10 16 48 1
3 24 80 1
6 26 111 1
13 15 34 1
0 26 86 1
6 17 110 1
3 12 124 2
18 20 60 1
19 17 58 1
5 31 146 1
22 24 77 2
23 25 82 1
8 27 87 1
28 35 169 1
6 26 172 1
29 30 118 1
19 26 124 1
23 32 161 1
6 17 177 1
29 33 207 1
3 36 173 2
3 12 187 1
6 26 222 1
23 25 157 1
9 33 163 1
29 47 244 1
3 12 223 1
34 41 214 1
3 11 171 1
6 26 248 1
3 36 1136 2
7 44 248 1
5 21 186 1
19 17 184 1
23 25 187 1
4 44 286 1
28 38 201 2
3 12 249 1
29 33 236 1
7 33 202 1
28 38 209 2
6 26 276 1
40 44 264 2
42 44 227 1
13 47 264 1
43 45 222 1
6 26 295 1
43 45 237 1
43 44 264 2
13 44 321 1
46 48 245 1
4 44 356 1
49 50 270 2
51 44 304 1
52 44 285 1
53 50 413 1
6 26 377 2
29 44 393 1
4 30 358 1
23 54 402 1
4 33 376 1
29 44 416 1
13 15 385 1
28 38 403 1
29 50 449 1
40 56 408 2
51 44 420 1
49 50 412 1
40 38 409 1
55 56 410 2
40 48 430 1
6 57 422 1
6 11 427 2
58 59 434 2
49 44 539 1
49 44 443 2
42 44 439 1
4 44 489 1
60 26 477 1
49 44 452 1
42 44 454 1
52 44 488 1
61 16 802 1
7 62 614 1
7 62 627 1
63 16 1065 1
7 62 649 1
61 16 843 1
7 62 679 1
4 44 722 1
29 44 732 1
52 44 721 1
61 67 898 1
61 16 918 1
7 64 788 1
4 68 901 1
18 20 803 1
18 20 810 1
65 66 839 1
18 20 846 1
18 20 851 1
18 20 927 1
69 67 961 1
70 68 1063 1
70 71 964 1
69 67 965 1
53 44 1057 1
29 44 1689 1
29 30 983 1
23 32 1054 1
34 38 1625 1
18 20 1066 1
18 20 1072 1
5 21 1076 1
3 12 1263 1
5 21 1118 1
72 14 1229 1
3 56 1312 1
5 21 1157 1
73 74 1163 1
73 74 1177 1
63 83 2094 1
3 12 1292 1
5 21 1223 1
60 26 1277 1
5 21 1313 1
72 11 1288 1
3 24 1329 2
6 11 1295 1
72 79 1401 2
58 59 1310 1
58 14 1324 1
75 68 1320 1
60 14 1339 2
5 21 1328 1
29 33 1631 1
5 21 1343 1
8 12 1346 2
60 26 1401 1
76 27 1340 1
72 17 1453 2
22 24 1346 2
76 12 1350 1
5 21 1362 1
77 57 1361 1
5 21 1416 1
58 78 1392 1
58 14 1382 1
0 14 1384 1
72 26 1497 1
53 44 1529 1
3 78 1433 1
29 25 1510 1
5 21 1455 1
6 17 1529 1
80 68 1748 1
3 12 1495 1
5 21 1505 1
72 26 1556 1
61 16 2193 1
3 12 1526 1
72 26 1583 1
49 50 1498 1
1 14 1500 2
29 25 1693 1
42 44 1519 1
23 33 1664 1
19 26 1538 1
5 21 1553 1
53 44 1638 1
6 26 1615 1
3 78 1588 1
3 12 1621 1
3 74 1590 1
3 57 1587 1
3 12 1640 1
72 26 1644 1
76 12 1598 1
73 74 2805 1
81 82 1599 2
69 67 1605 1
3 74 1608 1
69 71 2279 1
5 21 1616 1
69 67 1617 1
53 44 1883 1
5 54 1662 1
28 38 1632 1
9 44 1708 1
7 62 1643 1
3 12 1699 1
46 48 1670 1
3 57 1667 1
3 12 1716 1
13 44 1729 1
49 50 1674 1
29 30 1682 1
4 33 1696 1
29 62 1726 1
7 44 1744 1
73 74 1695 1
73 74 1704 1
9 44 1760 1
5 21 1716 1
7 44 1785 1
73 74 1741 1
29 50 1808 1
52 44 1743 1
80 68 1785 1
29 33 1804 1
9 44 1832 1
80 68 1805 1
13 44 1850 1
49 44 1817 1
13 15 1808 1
52 44 1816 1
61 16 2242 1
80 68 1829 1
80 68 1838 1
80 68 1870 1
80 68 1898 1
80 68 1913 1
80 68 1958 1
3 12 2004 1
29 25 1997 1
7 33 2003 1
13 44 2031 1
4 44 2071 1
29 25 2038 1
13 44 2075 1
80 68 2060 1
29 44 2103 2
80 68 2068 1
29 25 2093 1
7 62 2091 1
80 68 2103 1
55 54 2093 1
51 47 2095 1
55 83 2194 1
7 44 2129 1
49 47 2097 1
49 50 2100 1
4 44 2148 1
42 44 2108 1
7 64 2111 1
80 68 2125 1
80 68 2164 1
61 62 2171 1
29 84 2164 1
58 59 2167 2
4 87 2211 2
53 85 2197 1
9 15 2176 1
7 16 2278 1
29 44 2227 1
80 68 2197 1
18 20 2193 1
18 20 2200 1
55 12 2495 1
80 68 2227 1
86 44 2332 1
61 16 2335 1
29 44 2282 1
18 20 2240 1
18 20 2251 1
80 68 2282 1
18 20 2279 1
70 44 2447 1
18 20 2290 1
80 68 2296 1
80 68 2314 1
49 50 2301 1
80 68 2325 1
73 74 2320 1
80 68 2340 1
18 20 2345 1
80 68 2385 1
80 79 2521 1
88 71 2449 2
61 64 3286 1
80 26 2545 1
89 90 2418 1
72 17 2891 1
29 21 2696 1
88 44 2514 1
91 44 2486 1
76 12 2497 1
76 12 2501 1
76 12 2533 1
3 12 2911 1
19 26 2550 1
29 25 2613 1
29 30 2579 1
70 26 2677 1
4 84 2597 1
29 84 2618 1
23 25 2630 1
29 50 3143 2
4 25 2625 1
69 26 2720 1
23 64 2640 1
23 33 2649 1
7 44 3087 1
9 33 2647 1
9 33 2667 1
7 33 2742 1
29 33 2832 1
9 33 2935 1
61 102 3174 1
3 11 2801 2
5 21 2799 1
5 21 2808 1
73 36 2820 1
3 68 2967 1
3 59 2871 1
9 95 2864 1
81 68 2919 1
72 24 2902 1
5 21 2846 1
9 44 3102 1
6 93 2856 1
5 21 2858 1
92 82 2863 1
6 26 2952 2
94 68 3072 1
96 97 2872 1
3 12 2969 1
73 68 3007 1
19 17 2897 1
19 26 2901 1
8 78 2912 1
3 12 2995 1
72 99 2965 2
1 98 2919 1
9 33 2942 1
9 33 3039 1
77 26 3090 2
81 82 2972 1
81 82 2977 1
5 21 2987 1
3 100 3021 1
5 21 2989 1
5 95 3010 1
60 14 2998 2
60 14 3002 2
72 17 3113 1
5 21 3017 1
3 12 3081 1
72 17 3137 1
9 15 3072 1
3 12 3111 1
43 44 3092 1
3 12 3134 1
5 21 3080 1
28 38 3090 1
5 21 3088 2
28 38 3098 1
42 44 3108 1
3 12 3156 1
29 30 3104 1
29 84 3117 1
3 36 3201 1
19 26 3125 1
29 30 3120 2
23 44 3180 1
3 12 3181 1
29 30 3127 2
23 25 3131 1
23 25 3139 1
55 44 3176 2
23 38 3180 2
53 85 3144 1
19 26 3151 1
61 101 3154 2
9 33 3148 2
42 44 3154 2
9 32 3162 2
7 25 3154 2
3 12 3210 1
4 21 3188 2
28 38 3171 1
86 85 3203 1
103 102 3291 1
5 79 3306 2
80 83 3199 1
5 56 3195 1
72 57 3186 1
55 45 3186 1
3 12 3242 1
6 104 3221 2
51 50 3205 2
4 44 3289 1
92 82 3211 1
49 50 3208 1
6 11 3209 2
81 82 3215 1
55 79 3867 1
42 44 3242 2
86 85 3592 1
92 82 3267 1
4 44 3318 1
105 12 3260 1
3 27 3317 2
72 26 3369 1
92 68 4323 1
3 27 3341 1
2 16 3622 1
72 26 3402 1
4 16 3671 1
76 12 3326 2
4 44 3371 1
19 26 3343 2
19 26 3331 1
76 27 3343 1
4 44 3414 1
19 26 3399 1
29 44 3478 1
80 68 3438 1
80 12 3906 1
4 44 3518 1
4 44 3602 1
29 64 3579 1
9 44 3612 1
86 44 3817 1
4 44 3661 1
18 20 3620 1
18 20 3628 1
4 44 3710 1
18 20 3675 1
106 16 3673 1
69 67 3678 1
18 20 3683 1
70 26 3791 1
4 25 3703 1
7 44 3745 1
52 44 3709 1
4 68 4416 1
29 44 4484 1
89 90 3814 1
88 44 3911 1
7 62 3832 1
88 50 3925 1
89 90 3854 1
88 104 3861 1
53 44 4001 1
107 104 3867 1
19 26 3884 1
49 50 3943 1
42 44 3934 1
52 44 3942 1
70 68 4095 1
72 26 4337 1
69 67 4129 1
3 12 4290 1
4 25 4140 1
29 30 4123 2
88 44 4203 1
19 26 4144 1
4 25 4188 2
23 25 4205 1
10 16 4236 1
4 84 4159 2
7 25 4179 2
7 33 4197 2
108 -1 4500 1
9 33 4203 2
34 15 4208 1
29 62 4239 1
7 25 4209 1
7 25 4216 2
72 57 4224 1
109 84 4221 1
7 33 4228 2
72 26 4353 1
7 33 4283 2
7 33 4450 1
9 33 4242 2
18 20 4247 1
94 95 4248 1
53 44 4427 1
34 15 4263 2
94 95 4260 1
94 38 4305 1
3 74 4296 1
72 26 4388 1
3 82 4309 2
94 95 4300 1
3 74 4309 2
6 97 4321 2
3 12 4415 2
94 95 4315 1
7 33 4324 2
40 41 4436 1
96 97 4323 2
1 98 4335 2
72 59 4372 2
60 100 4342 2
109 84 4349 1
61 -1 4500 1
53 85 4376 1
109 84 4357 1
3 27 4442 1
34 95 4365 1
73 74 4361 2
109 84 4428 1
7 33 4367 2
58 14 4384 2
72 26 4460 1
3 27 4456 1
86 85 4378 1
0 26 4434 1
49 50 4393 1
7 33 4404 2
86 -1 4500 1
72 26 4484 1
3 11 4494 1
9 15 4414 1
19 17 4419 2
13 95 4445 1
13 15 4442 2
109 84 4442 1
6 -1 4500 1
13 -1 4500 1
61 -1 4500 1
13 15 4451 1
3 11 4455 1
7 33 4453 2
3 -1 4500 1
94 95 4458 1
109 84 4462 1
55 -1 4499 1
76 27 4458 1
76 27 4462 1
6 -1 4500 1
13 15 4491 2
109 84 4478 1
3 -1 4500 1
9 32 4483 2
53 -1 4500 1
7 -1 4500 1
4 -1 4500 1
28 -1 4500 2
3 -1 4500 1
28 -1 4500 1
