0 330.5 214 121.2 44.4 1 77
1 461.5 249 140.4 55.2 1 11
2 274.5 263 92.4 50.4 1 44
3 671.5 198 99.6 33.6 1 1
4 408.5 406 162 97.2 1 17
5 232 212 55.2 33.6 1 145
6 181.5 235 51.6 33.6 1 179
7 199.5 288 73.2 44.4 1 36
8 413.5 161 85.2 38.4 1 6
9 106 237 40.8 30 1 336
10 43 789 103.2 180 1 259
11 573.5 147 63.6 36 1 235
12 619.5 150 63.6 28.8 1 302
13 131.5 219 51.6 31.2 1 164
14 131.5 219 51.6 31.2 2 157
15 181.5 198 51.6 30 1 270
16 29 620 69.6 99.6 1 199
17 649.5 164 61.2 30 2 148
18 533 145 48 27.6 1 75
19 29 620 69.6 99.6 2 130
20 551 145 57.6 32.4 2 114
21 873 176 60 33.6 2 377
22 245 168 60 28.8 2 311
23 930.5 688 243.6 152.4 2 26
24 730 143 55.2 44.4 1 211
25 670.5 150 58.8 31.2 1 279
26 730 143 55.2 44.4 2 245
27 1115 722 211.2 133.2 1 60
28 648.5 166 58.8 33.6 1 136
29 1136 723 189.6 134.4 2 20
30 935 195 48 38.4 2 361
31 917.5 779 226.8 194.4 2 123
32 629 129 69.6 33.6 1 244
33 629 129 69.6 33.6 2 266
34 62.5 251 32.4 25.2 1 21
35 582.5 133 63.6 24 2 113
36 605.5 154 51.6 30 2 215
37 28.5 389 68.4 97.2 2 528
38 201 963 321.6 187.2 1 37
39 1090 899 254.4 243.6 1 94
40 1105 883 228 184.8 2 103
41 487 965 400.8 199.2 2 3
42 203 237 67.2 30 2 187
43 1197 572 208.8 147.6 1 154
44 1159.5 530 114 123.6 2 55
45 1019.5 470 166.8 133.2 1 416
46 1014 472 172.8 140.4 2 352
47 235 478 93.6 66 2 12
48 339.5 417 85.2 63.6 2 15
49 561 304 55.2 57.6 1 10
50 669 249 40.8 42 1 5
51 587 288 55.2 51.6 2 6
52 669 249 40.8 42 2 5
53 755 212 26.4 31.2 1 2
54 755 212 26.4 31.2 2 5
55 32 671 76.8 154.8 1 267
56 189 196 48 36 2 149
57 98.5 717 236.4 176.4 1 47
58 504.5 184 58.8 44.4 1 51
59 436.5 184 44.4 38.4 1 37
60 215 199 48 31.2 2 169
61 509 182 64.8 44.4 2 45
62 441 188 84 57.6 2 87
63 391 204 115.2 60 2 58
64 252 215 60 28.8 2 101
65 681 133 69.6 27.6 1 431
66 225 258 60 42 2 34
67 178 332 132 82.8 1 26
68 53.5 694 128.4 127.2 2 69
69 527 159 55.2 50.4 1 58
70 117 354 108 82.8 2 53
71 218 627 117.6 118.8 1 24
72 281 593 108 120 1 20
73 229 628 132 172.8 2 21
74 628.5 348 176.4 145.2 2 21
75 520.5 155 171.6 55.2 2 102
76 468.5 196 195.6 105.6 1 104
77 644 435 468 327.6 1 88
78 301.5 226 54 69.6 2 40
79 187.5 253 66 66 1 54
80 187.5 253 66 66 2 68
81 90 336 62.4 68.4 1 33
82 143.5 312 102 93.6 2 59
83 39.5 455 94.8 146.4 2 189
84 840 259 379.2 158.4 2 86
85 692.5 138 116.4 43.2 2 478
86 119 243 55.2 33.6 2 295
87 55 392 132 171.6 1 130
88 679.5 115 51.6 27.6 1 187
89 748.5 980 390 250.8 2 18
90 130.5 251 70.8 44.4 1 301
91 578 166 81.6 39.6 1 76
92 922.5 249 58.8 61.2 1 2
93 996.5 590 222 129.6 1 173
94 1122.5 493 73.2 68.4 1 20
95 993.5 589 222 135.6 2 168
96 991.5 401 92.4 66 1 76
97 991.5 401 92.4 66 2 47
98 902.5 320 70.8 52.8 1 3
99 864.5 249 58.8 61.2 1 12
100 332 207 74.4 30 2 27
101 159.5 288 73.2 50.4 1 47
102 1103 461 40.8 58.8 2 60
103 758 140 55.2 36 1 134
104 612.5 176 54 34.8 2 20
105 270 276 112.8 84 2 39
106 539.5 228 58.8 31.2 2 5
107 1146 984 235.2 278.4 2 98
108 890 708 232.8 222 1 22
109 701 147 28.8 27.6 1 134
110 927.5 883 394.8 229.2 1 71
111 731.5 198 44.4 25.2 1 3
112 748.5 339 92.4 55.2 2 4
113 281 175 55.2 33.6 1 54
114 159.5 205 58.8 33.6 2 63
115 287 362 158.4 72 1 14
116 172.5 379 205.2 91.2 2 13
117 30.5 776 73.2 222 2 41
118 616.5 239 128.4 55.2 1 8
119 616.5 239 128.4 55.2 2 10
120 158 214 84 46.8 1 127
121 936.5 371 70.8 78 1 15
122 930 365 69.6 72 2 9
123 280 358 120 90 2 13
124 113 625 199.2 130.8 1 36
125 113 625 199.2 130.8 2 43
126 362.5 479 176.4 102 1 16
127 328 475 100.8 76.8 2 6
128 505.5 410 114 91.2 2 15
129 10.5 567 25.2 99.6 1 64
130 258 456 96 91.2 1 13
131 813.5 212 70.8 52.8 1 13
132 827 251 117.6 61.2 1 13
133 923 196 88.8 52.8 1 5
134 211.5 530 236.4 163.2 1 27
135 283 166 48 26.4 2 125
136 121 708 216 174 2 17
137 426 477 160.8 108 2 19
138 139.5 537 106.8 66 2 10
139 68 302 40.8 45.6 2 37
140 356.5 244 133.2 69.6 1 17
141 147.5 248 58.8 33.6 2 91
142 67.5 300 44.4 42 1 44
143 608.5 186 51.6 38.4 1 19
144 606 443 206.4 232.8 2 10
145 719.5 567 243.6 174 2 3
146 872.5 528 186 118.8 2 18
147 756 471 134.4 102 2 8
148 855 403 206.4 104.4 2 11
149 278 182 43.2 33.6 2 17
150 241 177 55.2 36 1 7
151 90 237 48 33.6 2 70
152 990.5 882 310.8 199.2 2 56
153 333 248 122.4 110.4 2 19
154 261.5 214 44.4 42 1 49
155 373.5 970 313.2 193.2 1 11
156 470 343 103.2 87.6 2 9
157 533.5 313 70.8 80.4 2 8
158 1181 470 117.6 76.8 1 11
159 161.5 383 387.6 304.8 1 32
160 359.5 168 87.6 33.6 1 9
161 581.5 200 51.6 36 1 6
162 581.5 200 51.6 36 2 7
163 421 246 220.8 129.6 2 14
164 924 449 225.6 123.6 1 16
165 43 544 103.2 91.2 1 96
166 82 269 38.4 39.6 2 20
167 913.5 512 80.4 91.2 1 9
168 81.5 973 195.6 246 2 7
169 59.5 339 39.6 31.2 2 7
170 755 823 151.2 148.8 2 3
171 218 963 309.6 195.6 2 14
172 1119.5 456 73.2 60 1 1
173 89 291 31.2 28.8 2 9
174 1159.5 618 183.6 135.6 2 41
175 329 171 69.6 28.8 2 18
176 1170.5 650 188.4 154.8 1 64
177 676.5 115 58.8 27.6 2 48
178 223 536 412.8 313.2 2 46
179 870.5 189 169.2 84 1 5
180 701 162 120 36 2 41
181 718 117 136.8 55.2 1 175
182 204.5 310 114 70.8 2 22
183 881 560 204 135.6 1 15
184 966 362 110.4 91.2 2 4
185 889 293 81.6 103.2 1 1
186 147.5 820 354 386.4 2 4
187 250 196 40.8 22.8 2 35
188 210 186 55.2 32.4 1 55
189 379.5 166 56.4 36 2 6
190 233 230 96 46.8 1 9
191 15 551 36 99.6 2 37
192 313.5 170 66 27.6 1 7
193 728.5 230 37.2 32.4 1 4
194 549 207 55.2 30 2 6
195 690 253 62.4 60 1 2
196 359.5 533 207.6 160.8 1 5
197 905 461 264 165.6 2 4
198 570.5 923 366 202.8 1 2
199 396 373 96 72 2 4
200 135 265 45.6 38.4 2 88
201 592 270 136.8 50.4 1 3
202 416.5 157 68.4 31.2 2 2
203 345 367 96 55.2 2 2
204 771.5 212 37.2 33.6 1 2
205 59 250 43.2 34.8 2 3
206 350.5 191 51.6 33.6 1 1
207 667.5 609 222 156 1 1
208 -11 386 -26.4 39.6 2 1
209 545 188 64.8 27.6 2 1
