11 47 3 1
11 40 3 1
11 51 3 1
11 17 3 1
11 25 2 1
11 67 3 1
11 74 3 1
11 43 2 1
11 24 4 1
11 71 2 1
11 209 11 1
11 76 3 1
11 55 4 1
11 90 2 1
11 111 3 1
11 108 3 1
11 78 4 1
11 113 2 1
11 131 3 1
11 126 3 1
11 94 1 1
11 119 4 1
11 148 3 1
11 193 4 1
11 225 12 1
11 244 4 1
11 233 11 1
11 236 11 1
11 248 11 1
11 251 11 1
11 265 11 1
11 269 11 1
11 282 4 1
11 284 11 1
11 281 11 1
11 292 11 1
11 298 11 1
11 309 11 1
11 320 4 1
11 315 11 1
11 321 11 1
11 339 5 1
11 328 11 1
11 333 11 1
11 428 5 1
11 341 5 1
11 351 11 1
11 352 11 1
11 360 5 1
11 371 11 1
11 372 5 1
11 398 5 1
11 387 11 1
11 415 5 1
11 414 11 1
11 417 7 2
11 427 11 1
11 436 11 1
11 442 5 1
11 403 5 1
11 526 5 1
11 442 11 1
11 454 11 1
11 458 11 1
11 470 11 1
11 480 4 1
11 482 11 1
11 463 5 1
11 453 5 2
11 479 11 1
11 487 5 1
11 490 11 1
11 497 11 1
11 469 5 1
11 509 11 1
11 515 11 1
11 511 5 1
11 553 5 1
11 538 11 1
11 541 5 1
11 568 5 1
11 554 11 1
11 568 5 1
11 713 6 1
11 567 8 1
11 579 11 1
11 587 5 1
11 607 4 1
11 602 5 1
11 595 11 1
11 618 5 1
11 631 5 1
11 638 5 1
11 649 5 1
11 666 5 1
11 677 5 1
11 683 5 1
11 734 6 1
11 673 7 1
11 705 5 1
11 714 5 1
11 732 7 1
11 751 4 1
11 777 6 1
11 755 6 1
11 750 5 1
11 745 5 1
11 773 5 1
11 771 7 1
11 793 6 1
11 796 5 1
11 839 6 1
11 799 5 1
11 860 6 1
11 879 7 1
11 891 6 1
11 859 5 1
11 838 5 1
11 849 5 1
11 921 6 1
11 842 5 1
11 876 5 1
11 1332 3 1
11 906 6 1
11 1326 2 1
11 938 6 1
11 888 5 1
11 955 6 1
11 903 5 1
11 970 6 1
11 1114 4 1
11 1010 9 1
11 1156 4 1
11 1028 7 1
11 1039 9 1
11 1060 9 1
11 2014 6 1
11 1088 9 1
11 1309 3 1
11 1102 9 1
11 1143 7 1
11 1212 4 1
11 1245 4 1
11 1276 4 1
11 1340 3 1
11 1306 4 1
11 1357 3 1
11 1358 3 1
11 1340 2 1
11 1370 3 1
11 1367 2 1
11 1477 7 2
11 1390 3 1
11 1368 4 1
11 1383 3 1
11 1388 2 1
11 1403 3 1
11 1416 3 1
11 1392 4 1
11 1407 2 1
11 1426 3 1
11 1443 3 1
11 1416 4 1
11 1430 3 1
11 1451 3 1
11 2327 8 1
11 1445 4 1
11 1449 2 1
11 1437 2 1
11 1481 4 1
11 1539 12 1
11 1515 11 1
11 1728 4 1
11 1541 11 1
11 1573 12 1
11 1554 11 1
11 1555 11 1
11 1593 12 1
11 1566 11 1
11 1572 11 1
11 1582 11 1
11 1619 12 1
11 1589 11 1
11 1604 11 1
11 1601 11 1
11 1617 11 1
11 1633 11 1
11 1669 11 1
11 1660 11 1
11 1679 11 1
11 1691 11 1
11 1695 11 1
11 1708 11 1
11 1727 5 1
11 1716 11 1
11 1724 11 1
11 1711 5 1
11 1737 5 1
11 1745 11 1
11 1741 11 1
11 1737 5 1
11 1751 5 1
11 1762 11 1
11 1772 4 1
11 1770 5 1
11 1779 11 1
11 1785 4 1
11 1791 5 1
11 1775 5 1
11 1799 11 1
11 1834 5 1
11 1812 5 1
11 1793 5 1
11 1833 11 1
11 1824 11 1
11 1857 4 1
11 1820 5 1
11 1863 5 1
11 1849 5 1
11 2085 7 1
11 1902 5 1
11 2565 3 1
11 2583 3 1
11 2571 2 1
11 1909 5 1
11 1928 5 1
11 1922 11 1
11 1946 5 1
11 1961 5 1
11 1945 5 1
11 2609 3 1
11 1984 4 1
11 1977 5 1
11 1995 5 1
11 2036 4 1
11 2588 3 1
11 2047 6 1
11 2030 5 1
11 2012 5 1
11 2037 5 1
11 2018 5 1
11 2258 1 1
11 2062 5 1
11 2105 6 1
11 2077 4 1
11 2083 5 1
11 2117 6 1
11 2102 4 1
11 2092 5 1
11 2143 4 1
11 2115 5 1
11 2153 6 1
11 2135 5 1
11 2146 5 1
11 2188 6 1
11 2190 4 1
11 2205 6 1
11 2164 5 1
11 2194 5 1
11 2215 5 1
11 2950 5 1
11 2309 9 1
11 2340 8 1
11 2522 4 1
11 2326 9 1
11 2382 8 1
11 2344 9 1
11 2389 8 1
11 2374 8 1
11 2365 9 1
11 2414 8 1
11 2396 8 1
11 2409 8 1
11 2434 8 1
11 2458 8 1
11 2567 4 1
11 2620 3 1
11 2592 2 1
11 2605 3 1
11 2624 2 1
11 2735 10 1
11 2626 3 1
11 2638 3 1
11 2608 4 1
11 2659 2 1
11 2653 3 1
11 2658 3 1
11 2633 4 1
11 2638 2 1
11 2670 4 1
11 3301 7 1
11 2675 2 1
11 2690 2 1
11 2704 3 1
11 2700 4 1
11 2723 3 1
11 2724 4 1
11 2758 4 1
11 2795 4 1
11 2812 11 1
11 2844 12 1
11 2820 11 1
11 2825 11 2
11 2858 11 1
11 2843 7 1
11 2874 11 1
11 2880 11 1
11 2896 11 1
11 2905 11 1
11 2913 11 1
11 2925 11 1
11 2932 11 1
11 2940 11 1
11 2954 11 1
11 2966 11 1
11 2964 5 1
11 2966 11 1
11 2995 5 1
11 2983 11 1
11 2986 11 1
11 3007 5 1
11 3024 5 1
11 3336 6 1
11 3016 11 1
11 3023 11 1
11 3046 4 1
11 3048 11 2
11 3041 5 1
11 3046 11 1
11 3078 5 1
11 3063 11 1
11 3058 5 1
11 3064 11 1
11 3075 11 1
11 3358 6 1
11 3094 5 1
11 3088 4 1
11 3101 11 1
11 3113 5 1
11 3092 5 1
11 3117 11 1
11 3130 5 1
11 3134 11 1
11 3145 5 1
11 3149 5 1
11 3171 5 1
11 3203 4 1
11 3189 11 1
11 3196 5 1
11 4124 11 1
11 3238 11 1
11 3235 5 1
11 3216 5 1
11 3239 5 2
11 4117 11 1
11 3267 5 1
11 3601 8 1
11 3319 5 2
11 3381 6 1
11 3407 6 1
11 3357 5 1
11 3376 4 1
11 3421 6 1
11 3393 4 1
11 3368 5 1
11 3440 6 1
11 3448 4 1
11 3465 6 1
11 3951 3 1
11 3950 2 1
11 3428 5 1
11 3439 5 2
11 3455 5 1
11 3464 8 1
11 3495 4 1
11 3512 6 1
11 3492 5 1
11 3499 5 1
11 3537 6 1
11 3516 5 1
11 3519 5 2
11 3561 4 1
11 3538 4 1
11 3622 8 1
11 3637 8 1
11 3728 4 1
11 3656 9 1
11 3660 7 1
11 3680 8 1
11 3716 7 1
11 3766 8 1
11 3745 9 1
11 3816 4 1
11 3773 7 1
11 3834 7 1
11 3881 4 1
11 3991 3 1
11 3978 3 1
11 4008 2 1
11 3909 8 1
11 3965 3 1
11 3965 4 1
11 4002 3 1
11 4008 3 1
11 3989 3 1
11 3967 2 1
11 3987 4 1
11 4031 3 1
11 4013 4 1
11 4031 2 1
11 4145 12 1
11 4158 12 1
11 4136 11 1
11 4140 11 1
11 4162 11 1
11 4176 12 1
11 4155 11 1
11 4137 1 1
11 4172 11 1
11 4194 12 1
11 4177 11 1
11 4205 12 1
11 4189 11 1
11 4197 11 1
11 4199 11 1
11 4225 12 1
11 4215 11 1
11 4229 11 1
11 4233 11 1
11 4238 11 1
11 4248 11 1
11 4255 11 1
11 4265 11 1
11 4266 11 1
11 4279 11 1
11 4288 11 1
11 4290 11 1
11 4306 11 1
11 4312 5 1
11 4313 11 1
11 4321 5 1
11 4323 11 1
11 4328 11 1
11 4341 11 1
11 4343 11 1
11 4354 11 1
11 4355 11 1
11 4367 11 1
11 4366 5 1
11 4374 11 1
11 4346 5 1
11 4382 11 1
11 4390 11 1
11 4401 11 1
11 4400 11 1
11 4412 11 1
11 4418 11 1
11 4408 5 1
11 4438 11 1
11 4434 5 1
11 5229 2 1
11 4449 11 1
11 4458 5 1
11 4443 5 1
11 5222 3 1
11 4468 11 1
11 4480 5 1
11 4466 5 1
11 4499 11 1
11 4493 4 1
11 4494 5 1
11 4510 11 1
11 4513 5 1
11 4526 5 1
11 4528 5 1
11 4535 11 1
11 4558 4 1
11 4557 5 1
11 4546 5 1
11 4571 5 1
11 4594 4 1
11 4636 6 1
11 4598 5 1
11 4587 4 1
11 4602 5 1
11 4634 4 1
11 4617 5 1
11 4659 6 1
11 4627 5 1
11 4640 5 1
11 4683 6 1
11 4652 5 1
11 4666 5 1
11 4680 5 1
11 4736 6 1
11 4710 4 1
11 4711 5 1
11 4750 6 1
11 4744 4 1
11 4698 5 1
11 4717 5 1
11 4769 6 1
11 4951 1 1
11 4791 6 1
11 4730 5 1
11 4770 7 1
11 4762 5 1
11 4782 4 1
11 4744 5 1
11 4813 6 1
11 4835 6 1
11 4911 9 1
11 4785 5 1
11 4824 4 1
11 4843 6 1
11 4803 5 1
11 4815 5 1
11 4922 8 1
11 5597 5 1
11 4873 1 1
11 4950 8 1
11 4940 9 1
11 4956 8 1
11 4953 7 1
11 4979 8 1
11 4977 8 1
11 4972 7 1
11 4994 8 1
11 5007 8 1
11 4993 7 1
11 5027 8 1
11 5032 8 1
11 5048 8 1
11 5065 8 1
11 5068 9 1
11 5045 7 1
11 5084 8 1
11 5226 3 1
11 5108 4 1
11 5132 7 1
11 5149 8 1
11 5158 9 1
11 5243 3 1
11 5194 4 1
11 5246 2 1
11 5246 3 1
11 5269 3 1
11 5268 2 1
11 5269 4 1
11 5266 3 1
11 5285 3 1
11 5299 2 1
11 5288 3 1
11 5289 2 1
11 5318 3 1
11 5339 3 1
11 5360 3 1
11 5424 12 1
11 5417 11 1
11 5419 11 1
11 5432 11 1
11 5465 12 1
11 5448 11 1
11 5451 11 1
11 5501 12 1
11 5561 7 2
11 5578 11 1
11 5557 11 1
11 5571 11 1
11 5594 11 1
11 5590 11 1
11 5611 11 1
11 5608 11 1
11 5629 11 1
11 5649 11 1
11 5606 5 1
11 5638 11 2
11 5666 5 1
11 5637 5 1
11 5665 11 1
11 5661 11 1
11 5670 5 1
11 5674 11 1
11 5691 11 1
11 5687 11 1
11 5673 5 1
11 5702 5 1
11 5717 11 2
11 5719 5 1
11 5698 5 1
11 5718 11 1
11 5736 4 1
11 5721 5 1
11 5732 11 1
11 5751 4 1
11 5744 11 1
11 5750 11 1
11 5740 5 1
11 5764 11 1
11 5766 11 1
11 5948 6 1
11 5786 5 1
11 5793 11 2
11 5803 11 1
11 5814 11 1
11 5815 11 1
11 5809 5 1
11 5794 5 1
11 5841 4 1
11 5829 11 1
11 5823 4 1
11 5841 11 1
11 5860 5 1
11 5846 11 1
11 5862 5 1
11 5842 5 1
11 5872 5 1
11 5934 6 1
11 5886 5 1
11 5913 5 1
11 5920 5 1
11 5908 5 1
11 5936 11 1
11 5964 6 1
11 5952 5 1
11 5974 4 1
11 5953 5 1
11 5973 5 1
11 6018 6 1
11 5968 5 1
11 6001 5 1
11 6037 2 1
11 6030 5 1
11 6060 4 1
11 6069 10 1
11 6490 3 1
11 6050 5 1
11 6063 5 1
11 6047 5 1
11 6109 6 1
11 6081 5 1
11 6105 4 1
11 6125 4 1
11 6138 6 1
11 6116 5 1
11 6167 4 1
11 6460 4 1
11 6147 1 1
11 6217 8 1
11 6232 8 1
11 6217 9 1
11 6190 5 1
11 6246 8 1
11 6268 7 1
11 6261 8 1
11 6423 4 1
11 6378 4 1
11 6290 8 1
11 6308 8 1
11 6298 8 1
11 6315 8 1
11 6330 8 1
11 6356 8 1
11 6495 3 1
11 6508 3 1
11 6502 3 1
11 6477 7 1
11 6506 2 1
11 6520 3 1
11 6527 3 1
11 6534 2 1
11 6549 3 1
11 6544 3 1
11 6486 2 1
11 6566 2 1
11 6570 3 1
11 6547 2 1
11 6584 4 1
11 6584 3 1
11 6548 3 1
11 6584 2 1
11 6549 1 1
11 6894 5 1
11 6590 3 1
11 6603 3 1
11 6628 7 1
11 6706 11 1
11 6719 11 1
11 6729 11 1
11 6741 11 1
11 6761 12 1
11 6744 11 1
11 6865 7 1
11 6777 12 1
11 6760 11 1
11 6769 11 1
11 6777 11 1
11 6785 11 1
11 6795 11 1
11 6796 11 1
11 6780 5 1
11 6811 11 1
11 6818 11 1
11 6826 11 1
11 6831 11 1
11 6841 11 1
11 6844 11 1
11 6858 11 1
11 6886 11 1
11 6932 5 1
11 6935 5 1
11 6961 5 1
11 6933 11 1
11 6933 7 2
11 6948 11 1
11 6916 5 1
11 6949 11 1
11 6956 5 1
11 6969 11 1
11 6960 11 1
11 6972 5 1
11 6976 11 1
11 6989 11 1
11 6989 5 1
11 6990 11 1
11 7002 11 1
11 7005 4 1
11 7014 11 1
11 7005 5 1
11 7022 11 1
11 7023 5 1
11 7044 11 1
11 7051 11 2
11 7073 5 1
11 7086 5 1
11 7057 5 1
11 7084 11 1
11 7067 7 2
11 7100 11 1
11 7102 5 1
11 7092 5 1
11 7118 5 1
11 7124 11 1
11 7127 7 2
11 7133 5 1
11 7121 5 1
11 7145 11 1
11 7151 11 1
11 7146 5 1
11 7171 5 1
11 7191 5 1
11 7205 5 1
11 7257 6 1
11 8017 11 1
11 7221 5 1
11 7265 6 1
11 7206 5 1
11 7231 5 1
11 7235 5 1
11 7286 6 1
11 7257 5 1
11 7265 11 1
11 7313 6 1
11 7302 4 1
11 7278 5 1
11 7314 5 1
11 7331 5 1
11 7378 4 1
11 7354 5 1
11 7522 9 1
11 7368 5 1
11 7389 5 1
11 7517 8 1
11 7404 5 1
11 7424 11 1
11 7667 4 1
11 7845 2 1
11 7807 2 1
11 7801 3 1
11 7817 3 1
11 7529 8 1
11 7539 8 1
11 7542 7 1
11 7562 8 1
11 7572 8 1
11 7601 8 1
11 7579 7 1
11 7619 8 1
11 7605 7 1
11 7635 7 1
11 7706 4 1
11 7719 7 1
11 7712 4 1
11 7775 4 1
11 8015 11 1
11 7818 4 1
11 7858 3 1
11 7829 2 1
11 7841 3 1
11 7875 3 1
11 7872 3 1
11 7868 2 1
11 7859 4 1
11 7887 3 1
11 7909 2 1
11 8222 5 1
11 7887 2 1
11 7884 4 1
11 7888 3 1
11 7934 2 1
11 7905 4 1
11 7968 2 1
11 7961 4 1
11 7950 2 1
11 7990 4 1
11 8041 12 1
11 8195 4 1
11 8019 10 1
11 8037 11 1
11 8044 11 1
11 8068 12 1
11 8054 11 1
11 8065 11 1
11 8104 12 1
11 8079 11 1
11 8100 11 1
11 8125 12 1
11 8094 11 1
11 8114 11 1
11 8109 11 1
11 8129 11 1
11 8120 11 1
11 8166 12 1
11 8143 11 1
11 8180 12 1
11 8135 11 1
11 8238 5 1
11 8157 11 1
11 8157 11 1
11 8168 11 1
11 8169 11 1
11 8205 11 1
11 8252 4 1
11 8219 11 1
11 8196 7 2
11 8224 11 1
11 8227 8 1
11 8232 11 1
11 8234 5 1
11 8236 11 1
11 8250 11 1
11 8251 5 1
11 8263 5 1
11 8264 11 2
11 8269 11 1
11 8283 11 1
11 8283 11 2
11 8310 5 1
11 8293 5 1
11 8323 5 1
11 8325 5 1
11 8316 11 1
11 8416 5 1
11 8359 4 1
11 8341 5 1
11 8348 11 1
11 8357 5 1
11 8376 5 1
11 8400 4 1
11 8356 5 1
11 8388 5 1
11 8406 5 1
11 8438 5 1
11 8418 11 1
11 8427 11 1
11 8432 5 1
11 8441 11 1
11 8521 6 1
11 8447 5 1
11 8457 5 1
11 8470 5 1
11 8472 5 1
11 8488 5 1
11 8553 6 1
11 8497 5 1
11 8510 5 1
11 9274 11 1
11 8516 5 1
11 8576 6 1
11 8530 5 1
11 8541 11 1
11 8603 6 1
11 8577 5 1
11 8597 5 1
11 8622 5 1
11 8641 5 1
11 8678 6 1
11 8657 5 1
11 8673 5 1
11 8701 4 1
11 8684 5 1
11 8688 5 1
11 8702 5 1
11 8708 5 1
11 8742 4 1
11 8724 5 1
11 8733 5 1
11 8957 4 1
11 8816 8 1
11 8800 9 1
11 8819 8 1
11 9513 5 1
11 8833 8 1
11 8832 9 1
11 8852 8 1
11 8867 8 1
11 8857 9 1
11 8881 9 1
11 8893 8 1
11 8887 7 1
11 8909 8 1
11 9001 4 1
11 8930 8 1
11 9028 3 1
11 9067 4 1
11 9056 2 1
11 9045 2 1
11 9035 3 1
11 9085 3 1
11 9032 4 1
11 9077 3 1
11 9061 3 1
11 9106 2 1
11 9089 3 1
11 9121 2 1
11 9105 4 1
11 9138 2 1
11 9127 3 1
11 9131 4 1
11 9106 1 1
11 9174 4 1
11 9207 4 1
11 9265 11 1
11 9293 11 1
11 9318 12 1
11 9340 12 1
11 9307 11 1
11 9318 11 1
11 9327 11 1
11 9358 12 1
11 9331 11 1
11 9519 4 1
11 9343 11 1
11 9383 12 1
11 9350 11 1
11 9361 11 1
11 9398 12 1
11 9366 11 1
11 9377 11 1
11 9379 11 1
11 9420 12 1
11 9399 11 1
11 9436 12 1
11 9406 11 1
11 9450 12 1
11 9421 11 1
11 9436 11 1
11 9468 12 1
11 9439 11 1
11 9481 12 1
11 9452 11 1
11 9466 11 1
11 9466 11 1
11 9481 11 1
11 9486 11 1
11 9495 11 1
11 9507 11 1
11 9506 11 1
11 9534 4 1
11 9526 11 1
11 9538 5 1
11 9521 11 1
11 9537 11 1
11 9541 11 1
11 9553 5 1
11 9571 5 1
11 9559 11 1
11 9531 5 1
11 9580 11 1
11 9578 11 1
11 9585 5 1
11 9596 5 1
11 9593 11 1
11 9613 11 1
11 9607 11 1
11 9619 5 1
11 9640 5 1
11 9611 5 1
11 9623 11 1
11 9635 5 1
11 9623 5 1
11 9636 11 1
11 9828 6 1
11 9648 11 1
11 9652 5 1
11 9648 11 1
11 9680 4 1
11 9667 4 1
11 9674 5 1
11 9661 11 1
11 9668 11 1
11 9663 5 1
11 9678 5 1
11 9693 5 1
11 9715 4 1
11 9712 5 1
11 9722 5 1
11 9707 5 1
11 9701 10 1
11 9713 11 1
11 9727 11 1
11 9726 5 1
11 9746 5 1
11 9736 11 1
11 9765 5 1
11 9748 5 2
11 9779 5 1
11 9797 5 1
11 9799 5 1
11 9844 6 1
11 9814 5 1
11 9841 4 1
11 9828 11 1
11 9877 6 1
11 9856 5 1
11 9911 6 1
11 9900 6 1
11 9885 5 1
11 9895 5 1
11 10452 2 1
11 10428 3 1
11 10445 3 1
11 9941 6 1
11 10428 2 1
11 9911 5 1
11 9930 4 1
11 9968 6 1
11 9940 5 1
11 9956 11 1
11 10012 4 1
11 10035 6 1
11 10003 5 1
11 10025 5 1
11 10018 5 1
11 10104 9 1
11 10144 8 1
11 11074 5 1
11 10165 8 1
11 10128 9 1
11 10206 8 1
11 10351 4 1
11 10181 8 1
11 10198 8 1
11 10196 8 1
11 10244 8 1
11 10261 8 1
11 10220 8 1
11 10237 8 1
11 10226 9 1
11 10265 8 1
11 10248 7 1
11 10290 8 1
11 10279 7 1
11 10290 8 1
11 10330 8 1
11 10340 7 1
11 10406 4 1
11 10445 3 1
11 10461 3 1
11 10432 4 1
11 10494 2 1
11 10488 3 1
11 10478 4 1
11 10616 11 1
11 10463 2 1
11 10504 3 1
11 10507 2 1
11 10512 4 1
11 10523 2 1
11 10541 4 1
11 10543 2 1
11 10603 4 1
11 10628 11 1
11 10628 4 1
11 10631 11 1
11 10643 11 1
11 10685 12 1
11 10813 5 1
11 10654 11 1
11 10657 11 1
11 10672 11 1
11 10712 12 1
11 10675 11 1
11 10694 11 1
11 10728 12 1
11 10694 11 1
11 10719 11 1
11 10716 11 1
11 10755 12 1
11 10733 11 1
11 10767 12 1
11 10736 11 1
11 10750 11 1
11 10747 11 1
11 10768 11 1
11 10800 12 1
11 10772 11 1
11 10785 11 1
11 10793 11 1
11 10802 11 1
11 10813 11 1
11 10823 11 1
11 10827 4 1
11 10829 11 1
11 10831 5 1
11 10843 11 1
11 10863 5 1
11 10841 5 1
11 10853 11 1
11 10850 4 1
11 10879 5 1
11 10867 11 1
11 10867 5 1
11 10897 7 1
11 11396 9 1
11 10875 11 1
11 10867 4 1
11 10885 11 1
11 10899 11 1
11 10888 8 1
11 10892 5 1
11 10903 5 1
11 10909 11 1
11 10927 5 1
11 10946 5 1
11 10961 4 1
11 10964 5 1
11 10942 7 2
11 10956 11 1
11 10957 5 1
11 10942 11 1
11 10980 11 2
11 10982 5 1
11 10973 5 1
11 10991 5 1
11 11001 5 1
11 10998 11 1
11 11016 11 1
11 11011 5 1
11 11034 11 1
11 11030 5 1
11 11043 5 1
11 11017 5 1
11 11046 11 1
11 11053 5 1
11 11068 5 1
11 11086 7 1
11 11044 5 1
11 11091 5 1
11 11144 6 1
11 11120 5 1
11 11104 5 1
11 11114 5 1
11 11137 5 1
11 11164 6 1
11 11197 6 1
11 11153 5 1
11 11149 5 1
11 11213 6 1
11 11168 5 1
11 11182 5 1
11 11201 7 1
11 11229 6 1
11 11241 6 1
11 11257 4 1
11 11299 6 1
11 11266 11 1
11 11751 3 1
11 11775 3 1
11 11742 2 1
11 11293 7 1
11 11294 4 1
11 11335 6 1
11 11306 5 1
11 11283 5 1
11 11312 5 1
11 11354 4 1
11 11639 4 1
11 11421 8 1
11 11436 9 1
11 11465 8 1
11 11449 8 1
11 11455 9 1
11 11486 8 1
11 11483 9 1
11 11511 8 1
11 11507 9 1
11 11535 8 1
11 11563 8 1
11 11582 8 1
11 11609 8 1
11 11657 8 1
11 11689 4 1
11 12434 6 1
11 11722 4 1
11 11759 2 1
11 11787 3 1
11 11747 4 1
11 11782 2 1
11 11812 3 1
11 11769 4 1
11 11809 3 1
11 11795 2 1
11 11846 3 1
11 11823 2 1
11 11833 3 1
11 11835 3 1
11 11842 2 1
11 11849 3 1
11 11860 3 1
11 11868 3 1
11 11872 4 1
11 11892 4 1
11 11942 12 1
11 11929 11 1
11 11934 11 1
11 12085 4 1
11 11972 12 1
11 11954 11 1
11 11951 11 1
11 11990 12 1
11 11968 11 1
11 12006 12 1
11 11980 11 1
11 12018 12 1
11 11985 11 1
11 12029 12 1
11 11999 11 1
11 11999 11 1
11 12009 11 1
11 12056 12 1
11 12018 11 1
11 12025 11 1
11 12069 12 1
11 12033 11 1
11 12040 11 1
11 12115 5 1
11 12054 11 1
11 12062 11 1
11 12082 11 1
11 12135 5 1
11 12101 11 1
11 12138 11 1
11 12131 11 1
11 12126 7 2
11 12155 11 1
11 12149 5 1
11 12152 11 1
11 12174 11 1
11 12172 11 1
11 12168 4 1
11 12188 11 1
11 12196 11 1
11 12200 11 1
11 12207 5 1
11 12214 11 1
11 12216 5 1
11 12249 5 1
11 12236 11 1
11 12235 5 1
11 12250 5 1
11 12230 5 1
11 12273 11 1
11 12266 11 1
11 12288 11 1
11 12298 11 1
11 12294 5 1
11 12314 5 1
11 12324 7 2
11 12334 11 1
11 12353 5 1
11 12340 5 1
11 12362 5 1
11 12367 7 2
11 12363 11 1
11 12383 5 1
11 12372 5 1
11 12396 5 1
11 12451 6 1
11 12419 5 1
11 12434 5 1
11 12447 5 1
11 12491 5 2
11 12463 5 1
11 12499 11 1
11 12517 11 1
11 12529 5 1
11 12569 6 1
11 12520 5 1
11 12557 5 1
11 12551 5 1
11 12564 11 1
11 12582 5 1
11 12612 5 1
11 12682 4 1
11 13000 3 1
11 13010 2 1
11 13390 5 1
11 12734 8 1
11 12730 9 2
11 13000 3 1
11 13010 2 1
11 13390 5 1
11 12734 8 1
11 12730 9 2
11 12744 8 1
11 12718 8 1
11 12754 8 1
11 12910 4 1
11 12754 9 2
11 12770 8 1
11 12764 8 1
11 12775 9 1
11 12781 7 1
11 12798 8 1
11 12793 9 1
11 12822 8 1
11 12797 7 1
11 12836 8 1
11 12852 8 1
11 12869 8 1
11 12880 8 1
11 12994 3 1
11 13148 4 1
11 13006 4 1
11 13012 3 1
11 13016 3 1
11 13037 3 1
11 13042 2 1
11 13058 2 1
11 13072 2 1
11 13023 2 1
11 13059 4 1
11 13090 2 1
11 13102 2 1
11 13078 7 1
11 14039 8 1
11 13094 4 1
11 13122 2 1
11 13117 3 1
11 13147 2 1
11 13144 3 1
11 13133 2 1
11 13126 4 1
11 13169 2 1
11 13359 4 1
11 13176 2 1
11 13213 4 1
11 13245 12 1
11 13205 4 1
11 13224 11 1
11 13247 11 1
11 13263 12 1
11 13333 4 1
11 13263 11 1
11 13234 5 1
11 13274 12 1
11 13272 11 1
11 13282 11 1
11 13275 11 1
11 13291 11 1
11 13300 11 1
11 13308 11 1
11 13312 11 1
11 13329 11 1
11 13331 11 1
11 13341 11 1
11 13347 11 1
11 13355 11 1
11 13366 11 1
11 13381 11 1
11 13386 4 1
11 13419 5 1
11 13397 11 1
11 13401 4 1
11 13409 11 1
11 13434 5 1
11 13435 11 1
11 13458 5 1
11 13448 5 1
11 13469 5 1
11 13461 5 1
11 13479 5 1
11 13506 11 1
11 13488 5 1
11 14012 9 1
11 13498 4 1
11 13520 11 1
11 13501 11 2
11 13518 5 1
11 13504 5 1
11 13512 4 1
11 13538 11 1
11 13542 4 1
11 13531 11 1
11 13541 11 1
11 13533 5 1
11 13555 11 1
11 13571 11 1
11 13562 5 1
11 13570 11 1
11 13591 11 1
11 13586 11 1
11 13604 5 1
11 13612 11 1
11 13602 11 1
11 13630 4 1
11 13618 5 1
11 13639 5 1
11 13668 11 1
11 13651 7 2
11 13673 5 1
11 13732 6 1
11 13758 6 1
11 13687 11 1
11 14362 2 1
11 13667 5 1
11 14337 3 1
11 13700 4 1
11 13705 5 1
11 13736 7 1
11 13708 5 1
11 13721 5 1
11 13744 4 1
11 13736 5 1
11 13749 5 1
11 14335 2 1
11 13764 5 1
11 13816 6 1
11 13806 4 1
11 13780 5 1
11 13767 5 1
11 13838 6 1
11 13829 7 1
11 13792 5 1
11 13831 4 1
11 13854 6 1
11 13813 5 1
11 13827 5 1
11 13857 4 1
11 13838 5 1
11 13889 6 1
11 13913 6 1
11 13882 4 1
11 13853 5 1
11 13869 5 1
11 13878 5 1
11 13885 5 1
11 13929 6 1
11 13917 4 1
11 13940 7 1
11 13915 5 1
11 13927 5 1
11 14333 3 1
11 14237 4 1
11 14029 9 1
11 14074 8 1
11 14058 8 1
11 14062 8 1
11 14054 9 1
11 14091 8 1
11 14079 9 1
11 14104 8 1
11 14085 7 1
11 14115 8 1
11 14139 8 1
11 14137 7 1
11 14158 7 1
11 14187 8 1
11 14191 7 1
11 14311 4 1
11 14326 4 1
11 14395 3 1
11 14357 3 1
11 14352 4 1
11 14373 3 1
11 14385 3 1
11 14402 2 1
11 14413 3 1
11 14420 2 1
11 14391 4 1
11 14497 11 1
11 14433 3 1
11 14412 4 1
11 14431 2 1
11 14456 3 1
11 14449 2 1
11 14428 4 1
11 14408 1 1
11 14734 4 1
11 14470 2 1
11 14495 7 1
11 14546 12 1
11 14531 11 1
11 14539 11 1
11 14561 12 1
11 14564 11 1
11 14564 11 1
11 14525 5 1
11 14595 12 1
11 14577 11 1
11 14576 11 1
11 14595 11 1
11 14594 11 1
11 14565 5 1
11 14642 12 1
11 14618 11 1
11 14619 11 1
11 14586 5 1
11 14660 12 1
11 14628 11 1
11 14647 11 1
11 14673 12 1
11 14650 11 1
11 14715 12 1
11 14669 11 1
11 14705 12 1
11 14748 5 1
11 14704 11 1
11 14704 11 1
11 14704 11 1
11 14727 5 1
11 14704 11 1
11 14693 7 2
11 14749 11 1
11 14720 7 1
11 14731 7 1
11 14722 11 1
11 14732 11 1
11 14742 5 1
11 14761 5 1
11 14747 11 1
11 14752 5 1
11 14763 11 1
11 14759 8 1
11 14759 11 1
11 14786 5 1
11 14783 11 1
11 14772 9 1
11 14803 5 1
11 14798 5 1
11 14820 5 1
11 14826 11 1
11 14836 5 1
11 14840 11 1
11 14819 7 2
11 14850 5 1
11 14844 11 1
11 14843 5 1
11 14842 11 1
11 14862 11 1
11 14854 11 1
11 14857 5 1
11 14881 11 1
11 14875 5 1
11 14880 5 1
11 14916 5 1
11 14913 11 1
11 14928 11 1
11 14936 11 1
11 14925 5 2
11 14953 5 1
11 14963 5 1
11 15048 6 1
11 14977 5 1
11 14997 5 1
11 14982 5 1
11 14998 5 1
11 15014 5 1
11 15035 5 1
11 15022 5 1
11 15041 5 1
11 15057 5 1
11 15090 6 1
11 15057 5 1
11 15072 5 1
11 15077 5 1
11 15087 4 1
11 15095 11 1
11 15642 3 1
11 15139 6 1
11 15115 5 1
11 15129 5 1
11 15145 5 1
11 15155 5 1
11 15221 6 1
11 15235 6 1
11 15224 4 1
11 15196 5 1
11 15251 4 1
11 15288 4 1
11 15260 6 1
11 15335 8 1
11 15338 8 1
11 15348 9 1
11 15361 9 1
11 15735 4 1
11 15316 9 2
11 15379 8 1
11 15364 7 1
11 15402 8 1
11 15408 8 1
11 15634 2 1
11 15407 9 1
11 15396 7 1
11 15478 4 1
11 15421 9 1
11 15437 8 1
11 15416 7 1
11 15442 8 1
11 15416 4 1
11 15518 10 1
11 15450 7 1
11 15647 3 1
11 15658 3 1
11 15514 7 1
11 15545 8 1
11 15555 9 1
11 15569 8 1
11 15700 3 1
11 15658 3 1
11 15680 3 1
11 15696 2 1
11 15674 3 1
11 15717 2 1
11 15729 2 1
11 15760 2 1
11 15727 3 1
11 15909 4 1
11 15753 2 1
11 15949 4 1
11 15845 12 1
11 15818 1 1
11 15875 11 2
11 15863 12 1
11 15873 12 1
11 15833 7 1
11 15897 11 1
11 15872 11 1
11 15886 11 1
11 15903 11 1
11 15924 11 1
11 15916 11 1
11 15915 11 1
11 15972 5 1
11 15947 11 1
11 15934 11 1
11 15981 5 1
11 15944 11 1
11 15966 11 1
11 15978 11 1
11 15957 11 1
11 15991 11 1
11 15970 11 1
11 16007 11 1
11 16000 5 1
11 16027 5 1
11 16023 11 1
11 15997 11 1
11 16029 5 1
11 16042 11 1
11 16020 11 1
11 16036 5 1
11 16062 11 1
11 16037 11 1
11 16056 5 1
11 16041 5 1
11 16078 11 1
11 16054 11 1
11 16093 11 1
11 16074 11 1
11 16114 11 1
11 16094 11 1
11 16067 5 1
11 16135 11 1
11 16102 5 1
11 16118 11 1
11 16154 11 1
11 16176 11 1
11 16154 11 1
11 16170 11 1
11 16197 11 1
11 16163 5 1
11 16193 11 1
11 16207 11 1
11 16225 11 1
11 16196 5 1
11 16188 5 2
11 16231 11 1
11 16208 5 1
11 16242 11 1
11 16634 8 1
11 16251 11 1
11 16263 11 1
11 16222 5 1
11 16242 5 1
11 16236 5 1
11 16223 5 1
11 16265 5 1
11 16286 5 1
11 16298 5 1
11 16653 8 1
11 16356 6 1
11 16311 5 1
11 16304 5 1
11 16332 4 1
11 16376 6 1
11 16310 5 1
11 16326 5 1
11 16356 5 1
11 16342 5 1
11 16402 6 1
11 16353 4 1
11 16420 6 1
11 16362 5 1
11 16444 6 1
11 16375 5 1
11 16382 5 1
11 16420 4 1
11 16403 5 1
11 16414 5 1
11 16472 6 1
11 16383 5 1
11 16426 5 1
11 16493 6 1
11 16447 1 1
11 16518 6 1
11 16527 6 1
11 16511 4 1
11 16531 4 1
11 16558 6 1
11 16505 5 1
11 16564 6 1
11 16521 5 1
11 16531 5 1
11 16588 10 1
11 16601 4 1
11 16814 4 1
11 16649 7 1
11 16660 8 1
11 16651 9 1
11 16858 4 1
11 16663 9 1
11 16686 8 1
11 16704 8 1
11 16696 7 1
11 16721 9 1
11 16735 9 1
11 16739 8 1
11 16789 8 1
11 16855 7 1
11 16903 4 1
11 16932 4 1
11 16920 7 1
11 16975 4 1
11 16943 3 1
11 16954 3 1
11 16974 3 1
11 16975 3 1
11 17000 3 1
11 16955 2 1
11 16995 3 1
11 17039 3 1
11 16994 4 1
11 17267 4 1
11 17017 3 1
11 17039 2 1
11 17054 2 1
11 16997 11 1
11 17054 3 1
11 17064 3 1
11 17067 2 1
11 17064 4 1
11 17128 11 1
11 17130 11 1
11 17137 12 1
11 17141 11 1
11 17141 11 1
11 17166 12 1
11 17298 4 1
11 17197 12 1
11 17162 11 1
11 17165 11 1
11 17186 12 1
11 17184 11 1
11 17186 11 1
11 17213 12 1
11 17200 11 1
11 17203 11 1
11 17246 12 1
11 17232 11 1
11 17238 11 1
11 17252 11 1
11 17257 11 1
11 17267 11 1
11 17279 11 1
11 17283 11 1
11 17294 11 1
11 17313 5 1
11 17302 11 1
11 17308 11 1
11 17331 5 1
11 17318 11 1
11 17324 5 1
11 17322 11 1
11 17332 11 1
11 17337 5 1
11 17343 8 1
11 17354 11 1
11 17352 11 1
11 17352 5 1
11 17365 11 1
11 17383 4 1
11 17380 11 1
11 17366 5 1
11 17383 5 1
11 17387 11 1
11 17393 11 1
11 17397 11 1
11 17407 11 1
11 17449 4 1
11 17421 11 1
11 17434 4 1
11 17439 11 1
11 17474 4 1
11 17457 11 1
11 17470 5 1
11 17472 5 1
11 17489 11 2
11 17486 5 1
11 17504 5 1
11 17506 11 1
11 17527 4 1
11 17513 11 1
11 17522 11 1
11 17515 5 1
11 17529 5 1
11 17539 11 1
11 17544 5 1
11 17557 11 1
11 17666 6 1
11 17637 5 1
11 17913 9 1
11 17685 6 1
11 17656 5 1
11 17648 5 1
11 17671 5 1
11 17729 6 1
11 17712 6 1
11 17695 5 1
11 17749 6 1
11 17708 5 1
11 17744 5 1
11 17767 6 1
11 17731 5 1
11 17769 5 1
11 17767 5 1
11 17796 6 1
11 17796 5 1
11 17808 5 1
11 17848 4 1
11 17845 6 1
11 17819 5 1
11 17809 5 1
11 17834 5 1
11 17860 6 1
11 17938 8 1
11 17957 8 1
11 17963 8 1
11 17981 8 1
11 17973 9 1
11 17997 8 1
11 17993 9 1