0 746 567 62.4 69.6
1 641 456 55.2 55.2
2 842.5 563 58.8 56.4
3 485.5 431 73.2 55.2
4 369 576 74.4 74.4
5 410 424 62.4 38.4
6 586 403 55.2 52.8
7 930 473 62.4 61.2
8 1203.5 551 186 55.2
9 758 491 100.8 50.4
10 922.5 572 66 55.2
11 962 435 45.6 51.6
12 924.5 581 66 61.2
13 224 684 84 75.6
14 900.5 429 46.8 40.8
15 1088.5 542 106.8 46.8
16 901 509 124.8 46.8
17 12 440 28.8 48
18 495 403 67.2 63.6
19 495 403 67.2 62.4
20 739.5 521 56.4 36
21 739.5 521 56.4 36
22 1146.5 540 85.2 50.4
23 573 405 62.4 56.4
24 698 493 96 49.2
25 444.5 392 85.2 91.2
26 207.5 436 85.2 36
27 642.5 512 58.8 55.2
28 207.5 436 85.2 36
29 628.5 513 63.6 51.6
30 4.5 436 10.8 50.4
31 546 512 62.4 52.8
32 546 512 62.4 52.8
33 739.5 724 85.2 72
34 707.5 514 44.4 46.8
35 901 683 74.4 69.6
36 901 630 74.4 67.2
37 901 683 74.4 69.6
38 899.5 630 70.8 67.2
39 329 686 86.4 75.6
40 714 690 93.6 38.4
41 108.5 445 202.8 82.8
42 767.5 685 99.6 80.4
43 767.5 685 99.6 80.4
44 936.5 542 70.8 50.4
45 936.5 542 70.8 50.4
46 553 809 376.8 381.6
47 555 797 372 362.4
48 822.5 560 61.2 20.4
49 664.5 408 51.6 46.8
50 838 535 62.4 39.6
51 651 422 57.6 52.8
52 792 627 62.4 38.4
53 818 604 81.6 93.6
54 33.5 426 80.4 38.4
55 792 627 62.4 38.4
56 947.5 512 58.8 63.6
57 955 477 62.4 61.2
58 974.5 447 51.6 38.4
59 -4 431 -9.6 43.2
60 857.5 512 73.2 56.4
61 829.5 578 85.2 94.8
62 83 459 199.2 58.8
63 964 498 62.4 69.6
64 874.5 458 46.8 25.2
65 873.5 452 51.6 36
66 873 482 67.2 81.6
67 828 632 69.6 54
68 549 438 62.4 63.6
69 553.5 401 66 105.6
70 468 441 64.8 66
71 447 461 69.6 66
72 410.5 498 78 72
73 421.5 480 68.4 55.2
74 380 519 81.6 56.4
75 236.5 643 73.2 68.4
76 249.5 626 85.2 58.8
77 160 678 98.4 79.2
78 755 641 69.6 52.8
79 755 641 69.6 52.8
80 1222 565 141.6 63.6
81 443 400 52.8 57.6
82 268 755 91.2 159.6
83 251 445 122.4 60
84 232 477 165.6 61.2
85 327.5 489 202.8 52.8
86 739.5 563 70.8 51.6
87 847 533 62.4 58.8
88 549 445 55.2 38.4
89 896.5 431 56.4 30
90 353.5 574 73.2 78
91 864.5 484 58.8 42
92 296.5 623 85.2 111.6
93 296.5 623 85.2 111.6
94 514.5 503 92.4 124.8
95 509 505 100.8 116.4
96 352 636 115.2 91.2
97 352 636 115.2 91.2
98 253.5 713 128.4 139.2
99 755 613 62.4 51.6
100 429 576 62.4 27.6
101 429 576 62.4 27.6
102 79.5 750 190.8 170.4
103 636.5 449 51.6 43.2
104 1190.5 528 140.4 42
105 464 560 96 124.8
106 158 713 122.4 128.4
107 809 484 266.4 315.6
108 809 484 266.4 315.6
109 469 571 84 109.2
110 423 598 108 130.8
