18 270 8 1
18 511 2 1
18 63 1 1
18 490 2 1
18 20 8 1
18 48 8 1
18 113 5 1
18 136 5 1
18 201 1 1
18 291 8 1
18 397 9 1
18 286 8 1
18 490 10 1
18 295 8 1
18 300 8 1
18 318 8 1
18 381 8 1
18 360 8 1
18 316 8 1
18 332 8 1
18 335 8 1
18 522 2 1
18 427 8 1
18 477 8 1
18 545 2 1
18 442 8 1
18 507 2 1
18 608 2 1
18 525 8 2
18 545 8 1
18 563 8 1
18 657 2 1
18 661 2 1
18 753 10 1
18 1171 10 1
18 807 2 1
18 825 2 1
18 791 8 1
18 855 2 1
18 887 2 1
18 898 2 1
18 920 2 1
18 893 8 1
18 928 2 1
18 952 2 1
18 987 2 1
18 998 2 1
18 961 8 1
18 1011 2 1
18 1030 2 1
18 1040 2 1
18 1282 6 1
18 1196 8 1
18 1321 1 1
18 1442 10 1
18 1413 9 1
18 1356 8 1
18 1363 8 1
18 1411 8 1
18 1461 5 1
18 1513 8 1
18 1535 8 1
18 1466 8 1
18 1621 2 1
18 1598 2 1
18 1617 2 1
18 1592 2 1
18 1637 2 1
18 1637 2 1
18 1652 2 1
18 1661 2 1
18 1559 8 1
18 1683 2 1
18 1610 8 1
18 1736 2 1
18 1736 2 1
18 1628 8 1
18 1706 8 2
18 1661 2 1
18 1741 2 1
18 1666 8 1
18 1679 8 1
18 1748 2 1
18 1777 2 1
18 1811 2 1
18 1735 8 1
18 1740 8 1
18 1848 2 1
18 1837 2 1
18 1807 1 1
18 1765 2 1
18 1770 8 1
18 1870 2 1
18 1897 2 1
18 2473 9 1
18 1880 2 1
18 1897 2 1
18 1932 2 1
18 1932 2 1
18 1956 2 1
18 1990 8 2
18 2013 2 1
18 2033 2 1
18 2033 2 1
18 2236 10 1
18 2098 2 1
18 2028 2 1
18 2133 2 1
18 2150 2 1
18 2146 2 1
18 2157 2 1
18 2703 2 1
18 2165 8 1
18 2210 8 1
18 2333 8 1
18 2353 8 1
18 2385 8 1
18 2457 8 1
18 2468 8 1
18 2472 8 1
18 2556 8 1
18 2582 8 1
18 2539 8 2
18 2716 2 1
18 2695 2 1
18 2605 8 1
18 2722 2 1
18 2623 8 1
18 2748 2 1
18 2760 2 1
18 2637 8 1
18 2649 8 1
18 2771 2 1
18 2771 2 1
18 2671 8 1
18 2801 2 1
18 2693 8 1
18 2722 8 1
18 2813 2 1
18 2827 2 1
18 2832 2 1
18 2891 2 1
18 2898 2 1
18 2834 2 1
18 2839 8 1
18 2851 8 1
18 2933 2 1
18 2935 2 1
18 2964 2 1
18 2975 2 1
18 2979 2 1
18 2920 8 1
18 2928 8 1
18 2962 8 1
