0 41 272 1
1 56 898 1
2 14 270 1
3 13 511 1
4 13 45 1
5 17 63 1
6 39 490 1
7 11 20 1
8 15 53 1
9 14 48 1
10 12 30 1
10 12 34 1
10 12 53 1
10 12 73 1
8 22 78 1
16 17 113 1
16 13 155 1
18 19 71 1
6 23 95 1
20 21 75 1
16 39 187 1
10 12 93 1
8 22 96 1
24 17 136 1
10 12 111 1
25 41 201 1
26 28 104 1
27 29 108 1
16 13 200 1
30 17 115 1
31 32 114 1
33 14 291 1
24 34 120 1
10 12 148 1
35 37 141 1
36 38 145 1
35 37 145 1
36 38 155 1
33 48 245 1
36 38 172 1
35 37 167 1
35 38 245 1
10 12 180 1
36 38 186 1
33 40 192 1
36 38 191 1
33 40 197 1
10 12 196 1
36 12 247 1
0 41 287 1
42 43 220 2
42 43 230 1
33 43 248 1
44 45 236 1
46 47 242 2
42 43 256 1
33 43 298 1
30 39 448 1
2 48 255 1
10 12 260 1
49 51 268 1
2 50 267 1
42 43 265 1
44 45 265 1
46 47 271 2
2 60 286 1
42 17 397 1
52 55 275 1
53 61 286 1
54 59 281 1
16 56 275 1
7 57 275 1
46 47 280 2
52 61 306 1
44 45 285 1
46 47 285 2
58 11 286 1
33 43 300 1
2 61 289 1
16 64 300 1
62 13 490 1
58 11 295 1
2 50 300 1
58 11 300 1
46 47 301 2
2 50 308 1
63 57 308 1
65 14 318 1
52 14 381 1
46 47 311 2
2 50 310 2
42 43 318 1
2 66 323 1
2 14 360 1
58 11 316 1
42 43 395 1
33 43 333 1
35 38 332 1
16 66 325 1
65 64 332 1
65 64 335 1
42 43 338 1
36 38 351 1
42 43 345 1
42 66 413 1
33 43 365 1
36 12 355 1
10 45 378 1
8 22 380 1
42 67 392 1
36 38 380 1
44 45 390 1
33 43 391 1
46 47 408 2
10 12 403 1
53 12 412 1
63 57 415 1
46 47 413 2
44 45 410 1
68 39 522 1
65 14 427 1
44 45 415 1
69 23 421 1
53 14 477 1
3 70 422 1
44 45 423 1
44 56 431 1
3 70 432 1
18 13 545 1
46 47 437 2
71 70 442 1
58 11 442 1
46 47 450 2
71 73 452 1
69 19 462 1
72 74 468 1
42 66 515 2
63 56 465 1
4 74 476 1
46 47 468 2
7 57 472 1
18 19 466 1
36 38 478 1
18 19 475 1
10 12 477 1
46 47 475 2
4 76 507 1
7 57 492 1
35 37 481 1
3 13 608 1
10 12 497 1
42 43 498 2
42 43 507 2
75 77 526 1
63 57 509 1
52 55 514 2
63 57 515 1
65 14 525 2
63 57 526 1
46 47 558 2
16 60 545 2
58 11 545 1
63 57 555 1
58 11 563 1
78 79 676 1
6 39 657 1
18 13 661 1
46 47 601 2
33 86 1286 1
62 13 753 1
63 57 661 1
8 22 669 1
30 13 1171 1
8 22 701 1
8 80 699 1
44 45 715 2
52 55 721 1
53 66 770 1
6 39 807 1
63 56 757 2
46 47 783 2
49 51 780 1
6 39 825 1
63 57 768 2
16 14 791 1
69 13 855 1
49 51 813 1
8 22 818 1
46 47 814 2
69 13 887 1
49 51 836 1
8 22 827 1
6 39 898 1
18 19 851 1
49 51 863 1
6 39 920 1
63 14 893 1
18 13 928 1
49 51 873 1
33 43 886 1
46 47 876 2
1 51 881 1
1 45 918 1
71 73 877 1
46 47 898 2
6 39 952 1
1 56 956 1
53 60 1318 1
8 15 917 1
18 13 987 1
46 47 927 2
6 23 926 1
18 13 998 1
68 82 1013 2
46 47 935 2
63 14 961 1
18 76 1011 1
6 39 1030 1
8 80 972 1
6 39 1040 1
25 81 975 1
5 83 1040 1
6 88 1502 1
46 47 1010 2
18 70 1417 1
62 17 1060 1
6 23 1052 1
6 23 1060 1
18 19 1068 1
69 23 1077 1
18 19 1084 1
6 23 1085 1
62 83 1143 1
6 23 1105 1
18 19 1110 1
6 23 1127 1
18 19 1158 1
62 41 1141 1
6 23 1141 1
84 74 1186 1
6 23 1145 1
84 41 1155 1
6 23 1159 1
18 19 1167 1
85 13 1258 1
7 64 1182 1
18 19 1182 1
44 39 1282 1
65 14 1196 1
18 19 1195 1
33 43 1202 1
18 19 1200 1
18 19 1205 1
33 43 1220 1
18 19 1231 1
25 81 1216 1
25 41 1321 1
7 57 1242 1
69 19 1255 1
52 60 1358 1
42 86 1291 1
10 12 1245 1
33 43 1246 1
10 12 1263 1
69 19 1271 1
42 43 1265 1
10 12 1281 1
33 43 1282 1
36 38 1271 1
69 19 1283 1
78 73 1425 1
42 43 1284 1
36 38 1286 1
0 41 1378 1
69 19 1293 1
42 43 1290 1
42 66 1398 1
0 21 1307 1
33 43 1317 1
69 19 1306 1
0 86 1318 1
18 19 1322 1
10 12 1313 1
10 12 1327 1
62 13 1442 1
16 60 1328 1
42 43 1320 1
0 17 1413 1
42 43 1327 1
54 41 1325 1
18 19 1336 1
42 48 1382 1
16 60 1335 1
18 19 1335 1
36 38 1335 1
16 66 1340 1
6 23 1345 1
69 19 1346 1
18 19 1347 1
20 86 1353 1
44 56 1355 1
36 38 1356 1
65 64 1356 1
20 21 1432 1
6 23 1363 1
16 66 1367 1
65 14 1363 1
16 66 1373 1
69 19 1373 1
33 43 1378 1
54 17 1380 1
33 43 1389 1
2 60 1396 1
18 19 1390 1
18 19 1395 1
24 34 1396 1
16 60 1404 1
65 14 1411 1
69 19 1413 1
16 66 1415 1
33 43 1418 1
49 45 1992 1
42 43 1418 1
6 23 1416 1
3 70 1505 1
72 17 1461 1
42 14 1513 1
53 67 1426 1
69 19 1436 1
10 12 1431 1
2 61 1443 1
18 19 1440 1
2 50 1445 1
69 19 1446 1
18 19 1445 1
87 50 1450 1
33 43 1458 1
87 60 1462 1
52 14 1535 1
69 19 1458 1
18 19 1460 1
87 60 1464 1
65 64 1466 1
69 19 1470 1
33 43 1481 1
42 43 1479 1
6 23 1481 1
52 66 1546 1
42 55 1506 1
33 43 1495 1
69 23 1489 1
18 19 1492 1
18 13 1621 1
68 88 1495 1
69 19 1500 1
68 39 1598 1
46 47 1499 1
69 39 1617 1
71 13 1592 1
69 19 1510 1
52 61 1533 1
42 66 1597 1
33 43 1522 1
46 47 1516 1
18 13 1637 1
69 23 1533 1
53 50 1555 1
68 39 1637 1
42 43 1557 1
33 43 1553 1
6 39 1652 1
42 60 1632 1
18 13 1661 1
53 66 1607 1
89 14 1559 1
33 43 1575 1
18 19 1583 1
6 39 1683 1
18 19 1579 2
3 73 1612 1
46 47 1608 1
42 43 1603 1
44 56 1600 1
65 14 1610 1
71 74 1640 2
16 66 1609 1
33 47 1613 1
52 61 1632 1
6 23 1617 2
71 73 1618 1
18 77 1736 1
6 39 1736 1
72 73 1626 1
33 43 1626 1
65 14 1628 1
42 43 1636 1
72 77 1706 2
2 48 1638 1
16 60 1638 1
68 23 1641 2
35 38 1642 1
16 66 1647 1
87 50 1653 1
52 55 1653 1
4 90 1661 1
18 13 1741 1
87 60 1656 1
72 73 1660 1
52 67 1666 1
89 14 1666 1
91 66 1668 1
92 93 1669 1
72 74 1670 1
92 93 1674 1
92 93 1674 1
94 95 1681 2
65 14 1679 1
68 93 1748 1
92 76 1680 1
87 60 1696 1
53 61 1688 1
75 13 1695 1
33 43 1695 1
75 76 1686 1
69 39 1777 1
18 70 1728 1
2 50 1708 1
94 95 1695 2
42 50 1742 1
10 12 1700 1
91 66 1706 1
6 23 1701 1
69 39 1811 1
87 60 1722 1
71 73 1732 1
68 88 1750 1
6 23 1737 1
33 43 1743 1
65 64 1735 1
71 102 1837 2
46 82 1771 2
72 74 1740 1
65 14 1740 1
6 39 1848 1
96 97 1741 1
72 74 1744 1
3 13 1837 1
68 88 1823 1
87 64 1765 1
42 79 1758 1
25 81 1750 1
92 93 1755 1
25 41 1807 1
6 23 1761 1
4 90 1765 1
6 88 1777 1
92 93 1759 1
46 47 1765 1
78 79 1773 1
65 64 1770 1
98 13 1770 1
92 93 1770 1
68 88 1771 1
94 95 1780 1
68 39 1870 1
92 93 1781 1
6 39 1897 1
99 41 2473 1
18 13 1880 1
94 95 1785 1
69 19 1793 1
75 13 1796 1
94 95 1795 1
92 76 1794 2
94 95 1800 1
18 13 1897 1
33 43 1800 1
94 95 1804 1
6 39 1932 1
42 43 1817 1
100 101 1820 1
52 48 1847 1
18 13 1932 1
98 13 1841 1
75 76 1835 1
49 51 1856 1
87 64 1875 1
6 39 1956 1
18 19 1881 2
49 51 1865 1
69 23 1861 2
1 103 1866 1
100 101 1865 2
3 70 1887 1
71 73 1901 1
72 77 1990 2
3 74 1940 1
18 19 1904 1
18 13 2013 1
18 19 1937 1
6 23 1942 1
3 13 2033 1
69 39 2033 1
4 13 1990 1
6 23 1957 1
92 76 1957 1
68 70 2000 1
49 103 1982 1
49 60 2020 1
75 13 1965 1
18 19 1966 1
98 13 1972 1
18 19 2013 1
94 95 1983 2
8 104 1981 1
8 22 1988 1
94 95 1990 2
25 81 1990 1
1 66 2046 1
105 82 2056 2
106 77 1994 2
25 81 1995 1
6 73 2051 2
62 13 2236 1
6 23 2003 1
5 28 2043 1
6 23 2005 1
68 39 2098 1
72 90 2028 1
68 82 2117 2
96 97 2024 1
18 70 2033 2
4 93 2041 1
6 39 2133 1
71 73 2042 1
94 95 2040 1
8 22 2052 1
26 28 2061 1
72 102 2127 2
98 82 2055 2
68 39 2150 1
98 82 2063 2
18 13 2146 1
6 39 2157 1
100 101 2067 1
49 103 2423 1
18 19 2112 1
6 39 2703 1
18 19 2167 1
106 102 2138 2
8 22 2142 1
7 56 2137 1
7 14 2165 1
18 19 2155 1
18 19 2161 1
3 19 2171 1
3 19 2577 1
7 56 2175 1
3 70 2180 1
7 14 2210 1
8 80 2185 1
8 15 2215 1
18 19 2222 1
6 23 2220 1
18 19 2308 1
3 70 2234 1
16 45 2356 1
7 57 2265 1
24 34 2267 1
8 22 2272 1
27 29 2270 1
33 43 2291 1
33 43 2303 1
46 47 2303 2
42 43 2415 1
33 43 2305 1
18 19 2318 1
7 57 2322 1
3 70 2315 1
78 61 2352 1
18 19 2348 1
58 11 2333 1
36 38 2333 1
7 14 2353 1
46 47 2340 2
46 47 2345 2
2 61 2363 1
10 12 2358 1
18 19 2362 1
46 47 2351 2
7 14 2385 1
52 55 2364 1
18 19 2377 1
99 48 2403 1
18 19 2403 1
36 38 2384 1
2 48 2402 1
8 22 2400 1
10 12 2402 1
10 12 2400 1
8 22 2412 1
2 48 2412 1
18 19 2418 1
49 51 2423 1
87 14 2457 1
33 43 2426 1
42 43 2415 2
49 -1 3000 1
46 47 2414 2
8 22 2446 1
87 50 2422 1
10 12 2426 1
18 19 2433 1
44 56 2428 1
87 60 2437 1
1 103 2428 1
49 51 2425 1
36 37 2432 1
16 56 2430 1
42 43 2436 1
3 70 2434 1
33 43 2447 1
18 19 2448 1
53 67 2440 2
16 56 2445 1
91 60 2445 1
42 79 2447 1
16 56 2450 1
8 22 2460 1
42 43 2470 1
33 43 2450 1
18 19 2473 1
91 66 2451 1
53 61 2466 2
46 47 2459 2
52 55 2482 1
91 66 2467 1
46 47 2461 2
8 22 2582 1
58 11 2468 1
65 14 2472 1
46 47 2466 2
91 64 2477 1
10 12 2473 1
7 57 2470 1
42 43 2477 1
33 43 2481 1
18 19 2487 1
44 45 2480 1
2 61 2482 2
52 55 2486 1
53 61 2496 1
107 108 2485 2
2 61 2488 2
33 43 2497 1
52 67 2496 1
87 50 2500 2
18 19 2527 1
53 14 2556 1
62 41 2563 1
42 79 2517 1
2 48 2501 1
63 57 2505 1
87 60 2506 2
53 14 2582 1
33 43 2516 1
91 66 2525 2
52 55 2516 1
52 55 2528 1
52 50 2560 1
33 43 2536 1
18 19 2598 1
78 -1 3000 1
89 14 2539 2
42 43 2539 1
42 79 2557 1
6 23 2549 1
36 38 2555 1
33 43 2556 1
33 43 2564 1
52 55 2563 1
53 61 2568 1
62 41 2678 1
87 50 2572 1
33 43 2576 1
52 66 2630 1
3 13 2716 1
53 61 2578 1
87 66 2587 1
42 43 2582 1
2 48 2581 1
78 79 2585 1
8 22 2631 1
87 60 2595 1
20 21 2586 1
52 48 2620 1
42 55 2610 1
33 43 2601 1
3 13 2695 1
87 66 2611 1
65 14 2605 1
18 19 2600 1
18 19 2622 1
52 67 2623 1
69 39 2722 1
33 43 2615 1
71 70 2627 1
65 64 2623 1
87 60 2640 1
18 19 2626 1
2 60 2658 1
6 39 2748 1
18 13 2760 1
65 64 2637 1
8 22 2666 1
52 61 2648 1
52 61 2666 1
65 66 2642 1
89 14 2649 1
2 50 2680 1
6 23 2661 1
87 60 2687 1
69 39 2771 1
3 13 2771 1
8 22 2697 1
91 66 2675 1
58 11 2671 1
18 19 2675 1
91 60 2695 1
18 13 2801 1
65 64 2693 1
62 -1 3000 1
69 95 2718 1
68 88 2686 1
91 64 2705 1
53 50 2701 1
72 73 2695 1
18 19 2703 1
6 23 2703 1
8 22 2708 1
68 95 2705 1
65 14 2722 1
6 39 2813 1
63 57 2713 1
2 50 2720 2
8 22 2842 1
18 13 2827 1
94 95 2740 1
94 95 2720 1
58 57 2716 1
68 95 2721 1
87 60 2725 2
105 39 2793 1
105 39 2786 1
6 23 2765 2
18 19 2752 2
3 70 2771 1
68 95 2783 1
92 93 2755 1
3 102 2886 2
94 110 2827 1
72 73 2787 1
52 48 2812 1
94 95 2801 2
72 90 2832 1
105 109 2813 1
33 43 2811 1
87 66 2837 1
18 13 2891 1
6 39 2898 1
33 43 2825 1
105 110 2831 1
96 13 2880 2
4 90 2834 1
65 64 2839 1
92 90 2845 1
65 14 2851 1
6 39 2933 1
18 13 2935 1
52 48 2878 1
92 93 2858 1
92 76 2860 1
98 93 2864 1
46 47 2869 2
6 39 2964 1
87 50 2885 1
87 60 2892 1
6 23 2897 1
69 39 2975 1
18 13 2979 1
8 22 2901 1
91 66 2909 1
62 -1 3000 1
42 43 2918 1
65 64 2920 1
65 14 2928 1
7 64 2942 1
42 43 2935 1
18 -1 3000 1
52 66 2998 1
65 14 2962 1
96 97 2952 1
18 -1 3000 1
6 -1 3000 2
18 -1 3000 1
8 22 2987 1
68 -1 3000 1
18 -1 3000 2
