0 1239.5 1319 598.8 303.6
1 1972 1352 213.6 116.4
2 2390.5 1416 154.8 66
3 2224 1393 170.4 82.8
4 172 1416 412.8 796.8
5 172 1416 412.8 796.8
6 2258 1397 38.4 62.4
7 2208.5 1378 195.6 75.6
8 2541.5 1435 75.6 61.2
9 224.5 1859 538.8 780
10 2175 1416 81.6 104.4
11 2495 1444 96 78
12 2495 1444 96 78
13 2535.5 1490 75.6 99.6
14 2560 1461 31.2 93.6
15 2520 1498 141.6 134.4
16 2433.5 1416 80.4 76.8
17 2248.5 1453 126 116.4
18 2248.5 1453 126 116.4
19 2445.5 1472 169.2 116.4
20 2420.5 1474 178.8 121.2
21 2150 1435 110.4 139.2
