25 13 1 1
25 30 1 1
25 51 1 1
25 11 1 2
25 92 1 1
25 210 2 1
25 203 2 1
25 215 2 1
25 282 1 1
25 260 1 1
25 304 2 1
25 306 2 1
25 465 2 1
25 489 2 1
25 512 2 1
25 524 2 1
25 571 1 1
25 647 2 1
25 642 1 1
25 775 1 1
25 1149 1 1
25 1201 1 1
25 1261 1 1
25 1330 1 1
25 1351 1 1
25 1377 1 1
25 1378 2 1
25 1452 2 1
25 1530 1 1
25 1811 1 1
25 1851 2 1
25 1862 2 1
25 1996 1 1
25 2409 1 1
25 2435 1 1
25 2499 1 1
25 2516 1 1
25 2534 2 1
25 2547 1 1
25 2522 2 1
25 2575 1 1
25 2603 2 1
25 2651 1 1
25 2685 1 1
25 2734 2 1
25 2940 1 1
25 2958 1 1
25 2994 2 1
