0 5 13 1
1 5 30 1
2 6 13 1
3 7 14 1
3 5 51 1
4 5 11 2
8 6 50 1
3 5 92 1
9 12 210 1
3 10 191 1
8 12 203 1
11 12 201 1
2 7 223 1
13 14 215 1
8 5 282 1
3 5 260 1
3 7 242 1
9 15 304 1
3 10 284 1
13 15 306 1
9 14 465 1
9 15 489 1
9 7 535 1
8 12 512 1
13 14 524 1
3 5 571 1
8 6 606 1
9 14 647 1
3 5 642 1
8 5 775 1
8 7 1111 1
3 5 1149 1
8 5 1201 1
3 7 1167 1
8 7 1224 1
3 5 1261 1
8 6 1291 1
8 6 1311 1
3 5 1330 1
8 6 1331 1
3 5 1351 1
2 16 1318 1
3 5 1377 1
9 15 1378 1
9 15 1452 1
17 18 1430 1
8 7 1492 1
3 5 1530 1
8 7 1771 1
3 5 1811 1
9 5 1880 1
8 6 1842 1
17 20 1851 1
19 14 1862 1
8 5 1996 1
8 6 2373 1
3 5 2409 1
8 6 2398 1
3 5 2435 1
8 5 2499 1
8 5 2516 1
3 7 2457 1
17 6 2457 1
9 14 2534 1
8 6 2506 1
3 5 2547 1
8 12 2522 1
2 5 2575 1
8 7 2615 1
8 12 2603 1
11 5 2665 1
3 5 2651 1
8 6 2643 1
3 7 2624 1
3 5 2685 1
9 10 2710 1
17 15 2734 1
8 5 2940 1
8 5 2958 1
9 18 2977 1
8 20 2979 1
17 -1 3000 1
21 10 2974 1
3 -1 3000 1
3 7 2986 1
13 15 2994 1
