0 630.5 253 118.8 57.6
1 499.5 154 85.2 33.6
2 332 196 74.4 44.4
3 184.5 205 44.4 31.2
4 582.5 131 99.6 27.6
5 585.5 161 85.2 46.8
6 676.5 154 66 30
7 30.5 766 73.2 192
8 136.5 270 63.6 52.8
9 30.5 602 73.2 169.2
10 670.5 129 73.2 27.6
11 748.5 143 92.4 44.4
12 31 601 74.4 168
13 234 174 57.6 28.8
14 756 139 110.4 43.2
15 263 171 48 28.8
16 571 132 79.2 28.8
17 531.5 150 51.6 33.6
18 110.5 256 66 52.8
19 700 129 48 37.2
20 684 115 69.6 25.2
21 667 117 50.4 25.2
22 143 223 40.8 36
23 143 223 40.8 36
24 164 228 48 33.6
25 164 229 48 34.8
26 574.5 166 63.6 39.6
27 1174.5 560 147.6 116.4
28 228.5 216 92.4 46.8
29 154.5 274 56.4 56.4
30 228.5 216 92.4 46.8
31 1110.5 512 126 111.6
32 1046 447 103.2 72
33 1046 447 103.2 72
34 81 237 62.4 49.2
35 270 260 88.8 61.2
36 455 503 170.4 130.8
37 479 522 182.4 175.2
38 973.5 849 106.8 124.8
39 973.5 849 106.8 124.8
40 874 178 69.6 39.6
41 1124.5 975 286.8 220.8
42 948.5 202 49.2 42
43 1034.5 485 128.4 140.4
44 916.5 346 126 86.4
45 898 356 100.8 102
46 327.5 173 44.4 33.6
47 275 173 48 27.6
48 298.5 179 42 30
49 263 570 240 150
50 263 570 240 150
51 1166 636 177.6 157.2
52 1043 516 103.2 118.8
53 95.5 729 229.2 224.4
54 1141 717 177.6 144
55 1001 597 69.6 49.2
56 1039.5 611 111.6 74.4
57 1001 597 69.6 49.2
58 1083 641 103.2 112.8
59 621.5 154 51.6 34.8
60 506 173 55.2 42
61 506 173 55.2 42
62 23.5 423 56.4 84
63 658 164 52.8 33.6
64 16.5 759 39.6 116.4
65 72 766 172.8 222
66 632 147 40.8 27.6
67 636.5 132 68.4 24
68 235 466 122.4 78
69 235 466 122.4 78
70 352 403 122.4 68.4
71 621 316 184.8 103.2
72 621 316 184.8 103.2
73 767 201 36 9.6
74 106 975 254.4 214.8
75 887.5 234 39.6 34.8
76 852 219 96 67.2
77 921 209 48 38.4
78 852 219 96 67.2
79 910 199 43.2 26.4
80 742 934 451.2 214.8
81 844 973 439.2 246
82 421 173 88.8 39.6
83 442.5 159 82.8 31.2
84 765.5 290 133.2 110.4
85 359.5 410 80.4 110.4
86 528.5 329 126 79.2
87 7.5 380 18 44.4
88 798 210 50.4 45.6
89 7.5 380 18 44.4
90 732 223 16.8 3.6
91 876.5 175 111.6 55.2
92 403.5 411 198 120
93 4.5 424 10.8 72
94 352 235 62.4 67.2
95 423.5 204 109.2 72
96 233.5 286 51.6 42
97 125.5 336 66 72
98 52.5 394 126 129.6
99 57.5 371 56.4 51.6
100 408.5 193 66 49.2
101 264.5 249 58.8 58.8
102 333.5 248 97.2 60
103 632 427 468 312
104 105 355 175.2 147.6
105 463 193 55.2 36
106 190.5 242 58.8 44.4
107 985.5 408 114 80.4
108 953.5 386 121.2 92.4
109 868.5 290 85.2 52.8
110 868.5 290 85.2 52.8
111 535 407 110.4 165.6
112 975 766 168 124.8
113 165.5 203 58.8 36
114 210.5 302 70.8 80.4
115 190.5 241 58.8 45.6
116 924.5 715 188.4 144
117 1027.5 807 126 141.6
118 976.5 489 174 133.2
119 870 413 184.8 114
120 868.5 412 193.2 108
121 435 228 129.6 58.8
122 1032.5 571 334.8 189.6
123 1147.5 851 234 144
124 99.5 491 70.8 63.6
125 99.5 491 70.8 63.6
126 73.5 636 176.4 220.8
127 108.5 565 188.4 150
128 332.5 477 236.4 188.4
129 473.5 348 157.2 78
130 754.5 228 106.8 61.2
131 364.5 194 80.4 68.4
132 304.5 219 44.4 31.2
133 166 376 398.4 266.4
134 204.5 295 106.8 72
135 722.5 306 44.4 85.2
136 396 300 96 50.4
137 324.5 332 92.4 55.2
138 505.5 249 78 33.6
139 719.5 226 73.2 69.6
140 485.5 258 90 45.6
141 633.5 205 66 25.2
142 577 220 72 28.8
143 696.5 186 56.4 24
144 793.5 216 66 55.2
145 657.5 196 54 24
146 696.5 186 56.4 24
147 678.5 237 42 32.4
148 694 154 62.4 33.6
149 519.5 221 58.8 36
150 519.5 221 58.8 36
151 629 182 55.2 33.6
152 769 683 184.8 160.8
153 769 683 184.8 160.8
154 209 384 96 57.6
155 57 962 136.8 207.6
156 143 916 343.2 213.6
157 1108 751 240 175.2
158 583.5 659 454.8 428.4
159 673.5 136 51.6 31.2
160 686.5 262 114 64.8
161 633.5 161 58.8 27.6
162 767 299 240 104.4
163 524 198 211.2 105.6
164 236.5 332 428.4 211.2
165 -5 384 -12 87.6
166 629.5 172 46.8 38.4
167 1162.5 486 118.8 74.4
