12 43 8 1
12 75 4 1
12 19 8 1
12 292 3 1
12 245 4 1
12 450 11 1
12 156 4 1
12 202 4 1
12 311 3 1
12 588 5 1
12 303 2 1
12 457 12 1
12 323 2 1
12 310 3 1
12 280 2 1
12 352 2 1
12 371 2 1
12 433 7 1
12 456 11 1
12 473 11 1
12 477 12 1
12 486 11 1
12 496 11 1
12 503 12 1
12 507 11 1
12 524 12 1
12 526 11 1
12 520 11 1
12 544 11 1
12 547 11 2
12 560 11 1
12 566 11 1
12 580 11 1
12 580 11 1
12 600 11 1
12 597 11 1
12 600 5 1
12 615 5 1
12 619 11 1
12 616 11 1
12 628 11 1
12 619 5 1
12 646 11 1
12 641 11 1
12 664 5 1
12 657 5 1
12 653 11 1
12 650 11 1
12 677 5 1
12 663 11 1
12 674 10 1
12 693 5 1
12 694 11 1
12 861 7 2
12 716 5 1
12 696 5 1
12 702 11 1
12 717 8 1
12 733 5 1
12 728 5 1
12 716 11 1
12 739 11 1
12 747 5 1
12 731 11 2
12 744 5 1
12 731 11 1
12 767 5 1
12 766 11 1
12 781 5 1
12 783 11 1
12 789 11 1
12 807 5 2
12 830 7 2
12 831 5 1
12 851 5 1
12 820 5 2
12 861 5 1
12 890 4 1
12 909 6 1
12 963 6 1
12 896 5 1
12 902 5 1
12 917 4 1
12 930 5 1
12 1066 9 1
12 978 6 1
12 1058 8 1
12 971 8 1
12 1243 3 1
12 1911 6 1
12 1529 5 1
12 1009 4 1
12 1547 5 1
12 1259 3 1
12 1251 2 1
12 986 5 2
12 1084 1 1
12 1082 8 1
12 1183 4 1
12 1078 7 1
12 1099 8 1
12 1118 8 1
12 1125 8 1
12 1137 8 1
12 1271 2 1
12 1157 8 1
12 2096 8 1
12 2088 9 1
12 1253 3 1
12 1272 3 1
12 1271 3 1
12 1288 2 1
12 1308 2 1
12 1325 3 1
12 1326 2 1
12 1301 3 1
12 1360 7 1
12 1398 4 1
12 1399 11 1
12 1412 12 1
12 1418 11 2
12 1417 11 1
12 1441 11 1
12 1440 11 1
12 1456 11 1
12 1460 11 1
12 1476 11 1
12 1515 11 2
12 1500 11 1
12 1494 11 1
12 1513 11 1
12 1557 5 1
12 1565 5 1
12 1576 11 1
12 1562 7 2
12 1645 11 1
12 1586 5 1
12 1598 11 1
12 1607 11 1
12 1612 11 1
12 1628 11 1
12 1615 5 1
12 1582 5 2
12 1631 11 1
12 1676 11 1
12 1644 11 1
12 1660 11 1
12 1670 11 1
12 1693 11 1
12 1642 5 2
12 1683 11 1
12 1705 11 1
12 1750 11 1
12 1721 11 1
12 1722 11 1
12 1702 5 2
12 1712 5 1
12 1746 11 1
12 1769 5 1
12 1770 11 2
12 1759 5 1
12 1773 5 1
12 1805 5 1
12 1783 5 1
12 1792 11 1
12 1853 4 1
12 1816 5 1
12 1812 11 1
12 1839 5 1
12 1821 11 1
12 1846 5 1
12 1851 5 1
12 1934 6 1
12 1925 4 1
12 1956 6 1
12 1904 5 1
12 1976 6 1
12 1940 5 1
12 1973 5 1
12 1965 5 1
12 2002 6 1
12 2011 7 1
12 1987 5 1
12 2605 4 1
12 2124 9 1
12 2147 3 1
12 2329 2 2
12 2245 10 1
12 2286 2 1
12 2277 2 1
12 2354 2 1
12 2375 2 1
12 2484 12 1
12 2483 11 1
12 2499 11 1
12 2533 12 1
12 2519 11 1
12 2563 12 1
12 2521 11 1
12 2549 11 1
12 2577 12 1
12 2541 11 1
12 2553 11 1
12 2569 11 1
12 2593 11 1
12 2608 11 1
12 2632 7 2
12 2610 7 2
12 2656 11 1
12 2672 5 1
12 2660 11 1
12 2654 11 1
12 2663 5 1
12 2667 11 2
12 2699 11 2
12 2694 5 1
12 2696 11 1
12 2724 5 1
12 2722 11 1
12 2729 5 1
12 2706 5 2
12 2711 5 1
12 2722 5 1
12 2755 5 1
12 2757 11 2
12 2773 11 1
12 2775 10 1
12 2788 11 2
12 2821 5 1
12 2793 11 1
12 2792 5 1
12 2782 5 1
12 2807 11 1
12 2823 11 1
12 2829 5 1
12 2838 5 1
12 2843 5 1
12 2854 11 1
12 2900 4 1
12 2871 5 1
12 2889 5 1
12 2868 5 1
12 2910 5 1
12 2892 5 1
12 2913 5 1
12 2933 5 1
12 2919 7 2
12 2961 5 1
12 2915 5 1
12 2936 5 1
12 2949 5 1
12 2979 5 1
12 2991 5 1
12 2966 5 1
12 2989 5 1