0 15 43 1
1 13 75 1
2 13 19 1
3 40 292 1
4 16 54 1
5 13 245 1
6 63 610 1
7 42 450 1
8 18 172 1
9 12 15 1
10 16 162 1
11 14 29 1
9 12 34 1
11 14 30 1
11 14 97 1
10 14 39 1
10 14 50 1
10 14 62 1
4 13 156 1
9 12 79 1
1 17 65 1
8 18 83 1
4 16 109 1
10 14 92 1
9 12 104 1
10 19 106 1
11 14 229 1
10 19 110 1
20 21 130 1
9 12 118 1
10 19 117 1
9 12 124 1
5 13 202 1
9 12 144 1
10 16 353 1
22 23 148 1
9 12 184 1
22 30 252 1
8 18 162 1
24 25 170 1
24 40 311 1
5 62 588 1
8 18 184 1
5 26 183 1
8 29 220 1
9 12 200 1
8 18 201 1
9 12 213 1
8 18 203 1
8 39 303 1
8 37 265 1
27 31 232 1
9 13 457 1
28 30 221 1
10 19 222 1
27 31 229 2
32 33 381 1
11 14 252 1
34 18 248 1
34 39 323 1
34 18 254 1
35 42 310 1
36 39 280 1
34 41 352 1
11 14 284 1
38 39 284 1
11 14 345 1
38 41 307 1
34 18 311 1
34 18 318 1
38 39 326 1
8 39 371 1
10 19 338 1
10 19 344 1
27 31 355 2
10 59 573 1
11 14 610 1
20 19 354 1
5 46 398 1
32 45 390 1
32 43 365 2
38 41 374 1
44 42 433 1
9 40 456 1
47 13 414 1
7 42 473 1
9 48 477 1
9 40 486 1
34 29 771 1
7 42 496 1
9 48 503 1
9 40 507 1
9 48 524 1
9 12 468 1
7 42 526 1
9 40 520 1
47 15 487 1
49 50 482 1
7 42 544 1
51 31 506 2
49 50 503 1
9 40 547 2
52 43 509 2
9 12 503 1
52 43 554 2
7 42 560 1
47 15 519 1
9 40 566 1
47 15 529 1
53 42 580 1
9 40 580 1
49 37 546 1
54 58 557 1
52 43 665 1
55 57 552 1
7 42 600 1
56 57 594 1
9 40 597 1
10 19 643 1
1 62 600 1
5 59 573 1
5 62 615 1
55 57 573 1
7 42 619 1
9 40 616 1
11 14 580 1
60 61 582 1
9 12 583 1
11 14 586 1
6 63 589 1
55 31 675 1
9 40 628 1
6 63 594 1
5 59 597 1
7 64 595 1
55 57 604 1
53 50 604 2
2 62 619 1
53 65 598 2
10 67 616 1
49 37 608 1
9 40 646 1
49 42 641 1
6 63 675 1
11 14 622 1
6 63 613 1
66 62 664 1
11 14 623 1
66 67 619 1
5 62 657 1
49 50 627 2
53 65 625 1
53 75 653 1
11 14 645 1
36 50 661 1
68 69 630 1
11 14 631 1
70 73 650 1
66 62 677 1
49 50 636 1
10 19 636 1
6 17 658 1
71 72 641 1
6 63 653 1
71 78 663 1
10 83 687 1
11 14 776 1
55 57 822 2
74 80 674 1
60 62 693 1
66 59 661 1
11 14 657 1
53 42 694 1
76 78 658 1
5 26 667 1
77 42 662 1
27 75 861 2
10 62 716 1
5 62 696 1
76 79 670 1
11 14 674 1
9 40 702 1
77 79 673 1
60 61 668 1
6 63 778 1
52 43 857 1
7 72 695 1
81 80 681 1
52 43 685 2
6 63 687 1
10 19 690 1
22 18 804 1
52 31 823 2
82 13 717 1
66 26 696 1
55 57 697 1
10 62 733 1
5 62 728 1
84 42 716 1
55 57 706 1
6 63 704 1
34 18 785 1
10 67 707 1
53 42 739 1
9 12 712 2
66 89 747 1
49 78 731 2
66 67 713 1
5 62 744 1
70 85 718 2
55 57 714 1
6 63 719 1
11 14 719 1
86 88 731 1
3 30 800 1
10 19 727 1
70 85 722 1
6 63 727 1
55 57 737 1
66 62 767 1
6 63 738 1
53 42 766 1
76 88 733 1
84 90 737 1
76 40 738 1
87 89 733 1
34 18 734 1
76 40 748 1
10 89 781 1
55 57 744 1
91 40 742 1
3 30 763 1
55 57 747 1
6 63 754 1
55 57 785 1
9 40 783 1
7 42 789 1
11 14 760 1
6 95 776 2
8 18 762 1
70 92 762 1
66 96 802 1
93 62 766 1
71 72 766 1
6 63 801 1
3 30 778 1
8 29 785 1
10 19 783 2
94 96 782 1
22 25 825 1
11 14 834 1
3 30 784 1
66 104 807 2
93 62 780 1
35 96 781 1
66 102 799 1
49 50 785 2
97 99 789 1
66 59 801 2
22 23 799 1
3 30 802 1
60 61 788 2
98 99 790 2
34 18 803 1
100 95 792 1
55 57 834 1
34 18 799 1
8 18 797 1
6 111 861 1
35 101 798 1
103 42 830 2
34 18 801 1
66 62 831 1
97 104 808 1
6 63 806 1
6 63 813 1
20 89 851 1
105 95 812 1
28 30 949 1
3 30 829 1
106 115 946 1
100 95 817 1
8 29 842 1
98 62 820 2
34 18 888 1
24 25 823 1
6 62 861 1
5 59 825 1
107 108 831 2
97 99 831 1
24 25 840 1
97 104 827 1
55 57 849 1
20 13 890 1
11 14 844 1
5 26 835 1
28 30 840 1
44 45 838 1
27 31 849 1
6 112 909 1
105 95 839 1
44 45 839 2
55 57 840 1
24 113 919 1
28 30 846 1
8 29 947 1
109 110 845 2
55 57 881 2
20 19 855 1
55 57 861 1
10 16 870 1
11 19 860 1
76 42 876 1
11 112 963 1
10 62 896 1
103 41 882 2
52 43 871 2
28 30 882 1
52 43 879 1
55 57 870 1
20 19 869 1
10 62 902 1
5 26 868 1
4 61 879 1
52 43 902 2
38 41 881 1
11 14 877 1
55 57 898 1
1 13 917 1
32 43 886 1
55 57 914 2
28 30 893 1
34 18 947 1
11 19 897 1
32 43 906 1
6 62 930 1
28 30 910 1
11 14 914 1
52 43 949 2
38 41 912 1
20 17 929 1
55 62 1066 1
6 112 978 1
11 19 959 2
32 15 1058 1
28 30 934 1
10 19 915 1
24 25 925 1
10 61 931 1
3 113 947 1
20 26 952 1
24 25 933 1
11 14 942 1
55 57 944 1
11 14 935 1
105 95 935 2
103 111 940 1
28 30 944 1
94 101 943 1
10 19 939 1
82 13 971 1
35 101 943 1
66 59 948 1
11 63 950 2
114 96 945 1
98 99 950 1
28 40 1243 1
28 30 966 1
106 115 967 1
6 41 1911 1
3 113 974 1
5 104 974 2
8 29 968 1
34 18 967 1
105 95 956 1
100 95 958 1
38 41 968 1
52 43 964 2
94 102 961 1
5 99 1529 1
35 96 967 1
52 31 966 1
11 14 1224 1
1 13 1009 1
22 23 973 1
116 112 974 1
52 43 974 2
11 62 1547 1
117 41 982 1
3 113 976 1
106 42 1259 1
8 112 1251 1
28 30 982 1
98 62 986 2
52 43 1005 2
10 21 988 1
34 89 1084 1
34 18 986 1
28 30 990 1
55 57 989 2
34 18 991 1
3 30 1001 1
3 113 1002 1
34 18 995 1
4 16 1010 1
118 120 1017 2
28 30 1012 1
11 14 1012 1
11 14 1494 1
119 13 1082 1
1 13 1183 1
22 23 1021 1
28 30 1044 1
51 120 1041 2
11 14 1033 1
52 43 1025 2
27 31 1030 1
34 18 1047 1
32 42 1078 1
119 13 1099 1
51 31 1050 2
52 13 1118 1
34 18 1068 1
22 23 1058 1
118 43 1052 1
28 30 1054 1
27 15 1125 1
27 31 1057 1
119 120 1062 1
28 30 1084 1
32 33 1060 1
11 14 1066 1
51 13 1137 1
84 72 1066 1
22 113 1077 1
34 39 1271 1
71 72 1071 1
118 43 1072 1
51 31 1100 1
28 30 1101 1
52 13 1157 1
8 18 1098 1
24 113 1103 1
3 30 1110 1
51 13 2096 1
54 57 1129 1
3 113 1121 1
28 30 1121 1
8 18 1121 1
52 43 1124 1
28 30 1124 1
22 113 1124 1
22 113 1128 1
56 62 2088 1
8 18 1138 1
28 30 1141 1
3 30 1148 1
22 113 1152 1
28 30 1159 1
8 18 1167 1
3 40 1253 1
22 23 1166 1
24 42 1272 1
11 19 1183 1
34 18 1183 1
22 23 1189 1
3 40 1271 1
22 23 1201 1
8 39 1288 1
11 19 1197 1
34 112 1308 1
22 115 1231 1
3 30 1235 1
11 14 1235 1
106 42 1325 1
27 31 1237 1
56 122 1241 1
34 39 1326 1
121 95 1237 2
11 14 1444 1
28 40 1301 1
32 42 1360 1
117 123 1258 1
34 29 1545 1
11 14 1255 1
38 41 1276 1
38 39 1292 1
11 14 1290 1
38 41 1312 1
4 16 1316 1
116 112 1321 1
1 13 1398 1
38 39 1330 1
9 40 1399 1
124 125 1333 1
7 65 1344 1
124 69 1345 2
68 15 1412 1
53 50 1362 1
53 42 1418 2
9 40 1417 1
103 111 1371 1
103 72 1378 1
7 42 1441 1
53 40 1440 1
7 79 1456 1
34 18 1415 1
9 69 1420 1
53 126 1411 2
34 18 1433 1
68 40 1460 1
7 42 1476 1
11 14 1495 1
9 40 1515 2
7 42 1500 1
127 126 1458 2
127 88 1494 1
9 12 1498 1
7 79 1513 1
9 128 1510 1
5 26 1503 1
11 14 1858 1
91 40 1500 1
127 130 1529 1
9 129 1519 2
11 14 1516 1
5 26 1509 1
5 89 1557 1
103 129 1516 1
6 62 1565 1
49 128 1516 2
20 19 1540 2
34 18 1632 1
11 14 1882 1
10 21 1521 1
103 129 1521 2
9 40 1576 1
10 67 1544 1
93 62 1532 1
10 26 1553 1
103 42 1562 2
9 79 1645 1
8 18 1564 1
8 29 1620 1
5 62 1586 1
9 40 1598 1
4 67 1555 2
4 17 1576 2
10 67 1558 1
5 26 1562 1
7 42 1607 1
9 40 1612 1
34 18 1623 1
60 83 1588 2
11 14 1574 1
66 63 1580 1
60 61 1577 1
9 12 1577 1
66 26 1583 1
9 40 1628 1
5 62 1615 1
98 62 1582 2
60 131 1605 2
7 42 1631 1
10 67 1589 1
60 61 1595 1
9 12 1593 1
5 59 1603 1
66 67 1598 1
5 26 1624 1
100 104 1633 2
9 40 1676 1
105 95 1597 1
7 42 1644 1
20 99 1679 2
9 40 1660 1
105 95 1628 1
35 101 1621 1
7 42 1670 1
9 40 1693 1
94 102 1637 1
5 17 1637 1
97 104 1646 1
98 89 1642 2
8 18 1676 1
132 102 1642 1
60 61 1646 2
8 29 1649 1
7 42 1683 1
34 29 1668 1
97 104 1651 1
34 18 1669 1
98 104 1662 1
9 40 1705 1
9 12 1664 1
11 14 1664 1
11 59 1696 2
9 40 1750 1
11 14 1672 1
10 59 1684 2
34 18 1690 1
7 42 1721 1
11 14 1684 1
133 104 1686 2
9 126 1689 1
5 104 1728 2
11 14 1687 1
127 40 1722 1
114 134 1687 1
66 59 1691 1
98 62 1702 2
5 62 1712 1
34 18 1729 1
8 29 1716 1
34 18 1711 1
60 102 1719 2
7 42 1746 1
10 89 1769 1
8 18 1718 1
114 134 1720 1
9 12 1734 1
98 99 1726 2
6 95 1744 1
7 65 1734 1
133 104 1734 2
34 18 2216 1
20 19 1738 1
53 50 1737 1
11 14 1735 1
10 59 1746 1
49 72 1745 1
49 42 1770 2
9 12 1774 1
8 18 1934 1
5 61 1754 1
8 29 1775 1
10 19 1744 1
84 135 1747 1
35 62 1759 1
6 62 1773 1
10 67 1747 1
11 14 1754 1
20 62 1805 1
1 62 1783 1
7 42 1792 1
9 88 1802 2
93 62 1772 1
9 50 1782 2
8 29 1844 1
70 92 1784 1
133 137 1788 1
9 12 2144 1
20 13 1853 1
133 137 1787 1
86 72 1791 2
68 69 1789 1
136 140 1793 1
66 26 1796 1
70 85 1791 1
138 142 1796 1
103 129 1796 1
5 62 1816 1
139 40 1812 1
141 145 1800 1
86 72 1797 2
20 62 1839 1
143 146 1800 1
71 72 1800 2
144 78 1806 1
139 147 1806 1
139 130 1806 2
1 17 1808 1
76 40 1808 1
91 40 1812 1
144 40 1821 1
20 19 1820 1
93 62 1815 1
10 67 1821 1
66 67 1822 1
6 62 1846 1
4 59 1821 1
5 26 1823 1
1 17 1830 1
60 99 1851 1
93 62 1838 1
8 29 1934 1
6 39 1934 1
20 13 1925 1
11 19 1874 1
10 21 1875 1
6 39 1956 1
5 89 1904 1
11 14 1890 1
11 14 1900 1
11 148 1903 1
6 39 1976 1
20 19 1906 1
6 63 1903 1
10 102 1928 1
11 19 1909 1
10 67 1914 1
5 26 1916 1
4 61 1925 2
66 59 1915 1
82 104 1940 1
149 150 1922 1
86 129 1929 2
100 99 1943 2
11 14 1933 1
35 104 1933 1
38 41 1938 1
97 99 1937 1
11 63 1950 1
20 89 1973 1
87 89 1940 1
8 85 2252 1
34 18 1973 1
5 62 1965 1
27 31 1950 1
151 112 2002 1
56 122 1948 1
152 153 1950 1
38 41 1961 1
11 19 1957 1
32 42 2011 1
10 62 1987 1
11 63 2594 1
93 62 1964 1
152 153 1969 1
38 41 1976 1
34 18 1983 1
34 18 1994 1
11 19 2002 1
34 18 2005 1
20 67 2024 1
117 41 2006 1
10 19 2005 1
6 59 2034 1
34 18 2013 1
66 67 2060 1
8 18 2034 1
5 13 2605 1
34 18 2056 1
54 62 2124 1
20 19 2095 1
34 18 2074 1
66 67 2062 1
51 122 2071 1
56 58 2069 2
11 14 2100 1
118 13 2147 1
20 19 2076 1
11 148 2123 1
34 18 2090 1
10 19 2409 1
34 18 2105 1
10 19 2105 1
11 14 2129 1
34 18 2107 1
133 154 2141 1
11 148 2143 1
11 14 2136 1
34 18 2138 1
34 18 2145 1
9 12 2146 1
9 12 2365 1
11 148 2160 1
34 18 2181 1
74 155 2202 1
34 18 2222 1
74 156 2212 2
34 158 2329 2
74 80 2245 1
8 39 2286 1
4 17 2240 1
1 17 2305 1
11 19 2237 1
70 41 2277 1
54 157 2254 1
11 148 2274 1
34 41 2354 1
11 19 2283 1
11 148 2301 1
47 15 2317 1
34 41 2375 1
81 41 2324 1
4 16 2348 1
4 48 2403 1
11 148 2366 1
11 148 2374 1
38 39 2370 1
9 12 2390 1
11 148 2383 1
11 148 2387 1
9 12 2408 1
47 15 2413 1
9 15 2484 1
10 21 2420 1
7 42 2483 1
10 159 2683 1
11 148 2425 1
9 40 2499 1
5 61 2623 1
9 12 2433 1
11 19 2440 1
9 12 2454 1
9 15 2533 1
9 92 2483 1
11 148 2466 1
7 42 2519 1
34 18 2656 1
11 148 2473 1
9 15 2563 1
70 160 2498 1
11 148 2483 1
11 148 2504 1
9 92 2508 2
71 135 2498 1
0 40 2521 1
7 42 2549 1
22 25 2516 1
124 15 2577 1
70 40 2541 1
6 148 2507 1
9 40 2553 1
7 42 2569 1
24 115 2648 1
11 19 2536 1
11 19 2543 1
7 42 2593 1
11 148 2567 1
53 42 2608 1
9 12 2572 1
9 50 2585 2
11 19 2574 1
127 160 2590 2
7 126 2583 1
54 -1 3000 1
51 31 2595 2
49 72 2596 1
103 42 2632 2
103 78 2610 2
139 160 2592 2
32 33 2597 1
6 159 2599 1
32 43 2988 2
161 -1 3000 1
34 18 2686 1
5 26 2620 1
11 14 2616 1
60 61 2655 1
7 79 2656 1
60 61 2624 1
11 148 2621 1
53 37 2628 1
5 62 2672 1
10 19 2624 1
9 40 2660 1
105 95 2625 1
53 65 2625 1
11 148 2634 1
49 128 2632 1
127 40 2654 1
10 159 2639 1
11 148 2635 1
60 61 2635 1
11 148 2657 1
94 89 2663 1
5 26 2637 1
103 162 2649 2
161 95 2670 2
106 115 2682 1
84 42 2667 2
8 29 2668 1
66 95 2667 2
5 26 2654 1
53 42 2699 2
76 75 2661 1
11 148 2673 1
27 58 2686 1
77 42 2669 1
10 159 2679 1
5 59 2667 1
100 96 2680 2
163 154 2692 2
8 29 2683 1
11 14 2698 1
10 67 2681 1
35 62 2694 1
107 108 2684 1
0 40 2696 1
5 62 2724 1
9 40 2722 1
10 159 2685 1
11 14 2690 1
163 26 2687 1
56 58 2693 2
34 18 2772 1
5 62 2729 1
1 95 2701 1
76 79 2693 1
11 14 2697 1
106 115 2713 1
114 29 2702 1
52 -1 3000 1
8 29 2715 1
97 99 2708 1
98 62 2706 2
100 95 2703 1
11 148 2732 1
98 89 2711 1
132 102 2711 1
27 122 2845 2
10 19 2730 2
34 18 2711 2
35 96 2714 1
10 159 2717 1
107 108 2716 1
114 115 2764 1
5 26 2725 1
8 18 2767 1
6 148 2734 1
8 18 2722 1
98 62 2722 1
66 18 2787 2
5 26 2727 1
163 62 2755 1
4 26 2732 1
60 61 2726 1
9 69 2738 1
11 148 2749 1
49 69 2736 1
127 78 2757 2
60 17 2735 1
11 14 2753 1
70 129 2741 2
7 64 2738 1
53 42 2773 1
105 95 2743 1
36 92 2745 2
74 80 2775 1
5 59 2747 1
8 18 2748 1
163 61 2752 2
5 26 2752 1
5 95 2761 1
107 108 2760 1
11 14 2757 1
9 126 2752 1
60 61 2756 1
105 95 2757 1
9 40 2788 2
93 62 2754 1
105 96 2769 1
10 62 2821 1
7 42 2793 1
11 14 2776 1
11 148 2773 1
20 19 2764 1
66 63 2761 1
144 88 2763 1
5 99 2792 1
6 148 2771 1
91 40 2769 1
107 108 2775 1
114 164 2778 2
9 126 2772 1
97 62 2782 1
9 40 2807 1
81 41 2790 1
107 108 2785 1
20 159 2790 1
11 148 2798 1
106 -1 3000 1
11 14 2798 1
10 19 2791 1
6 159 2795 1
107 108 2788 1
10 67 2796 1
34 -1 3000 1
98 165 2798 2
53 42 2823 1
8 18 2948 1
66 62 2829 1
107 108 2842 1
34 104 2882 1
5 59 2796 1
6 148 2821 1
5 99 2838 1
11 14 2821 1
10 101 2850 1
5 62 2843 1
8 18 2818 1
53 42 2854 1
53 65 2816 2
6 148 2823 1
114 134 2820 1
93 62 2821 1
20 19 2831 1
11 14 2845 1
11 148 2829 1
20 67 2838 1
6 159 2837 1
11 14 2838 1
20 13 2900 1
5 62 2871 1
5 62 2889 1
20 67 2863 1
27 122 2968 1
11 14 2869 1
11 148 2854 1
35 89 2868 1
107 108 2851 1
11 148 2860 1
66 89 2910 1
5 62 2892 1
11 148 2865 1
163 61 2869 1
6 148 2892 1
7 65 2873 2
11 14 2891 1
20 19 2878 1
53 50 2879 1
10 67 2885 1
6 148 2879 1
49 50 2878 1
36 135 2889 1
6 159 2881 1
6 148 2882 1
5 62 2913 1
5 89 2933 1
133 104 2903 1
103 42 2919 2
107 108 2904 1
11 148 2900 1
8 18 2903 1
20 62 2961 1
6 159 2900 1
11 148 2905 1
11 14 2903 1
133 104 2951 1
34 18 2906 1
5 95 2919 1
87 89 2909 1
11 148 2920 1
11 14 2913 1
6 148 2913 1
98 62 2915 1
107 108 2912 1
121 95 2920 1
94 62 2936 1
10 61 2942 1
44 45 2933 1
11 14 2937 1
6 59 2938 1
105 62 2949 1
8 18 2930 1
10 19 2929 1
5 89 2979 1
6 63 2946 1
20 62 2991 1
163 62 2966 1
6 26 2968 1
6 63 2952 1
10 -1 3000 1
8 -1 3000 1
161 166 2957 1
133 104 2985 1
98 99 2956 2
1 -1 3000 1
5 129 2997 1
74 156 2978 2
167 31 2961 1
7 -1 3000 1
82 95 2964 1
163 150 2974 1
27 122 3000 2
74 -1 3000 2
133 104 2997 1
98 62 2989 1
87 89 2994 1
6 148 2999 1
86 -1 3000 1
118 43 2995 2
11 -1 3000 2
