0 673.5 760 366 199.2
1 728.5 498 188.4 146.4
2 1702.5 973 332.4 267.6
3 1513.5 597 222 184.8
4 751.5 423 154.8 103.2
5 1488 456 182.4 115.2
6 1444 397 165.6 130.8
7 378 939 508.8 373.2
8 1444 397 165.6 130.8
9 387.5 880 421.2 339.6
10 794 395 182.4 128.4
11 71.5 730 171.6 186
12 998.5 371 150 112.8
13 594 1095 412.8 31.2
14 947.5 428 171.6 165.6
15 947.5 428 171.6 165.6
16 927 584 232.8 177.6
17 929 339 141.6 20.4
18 1190 1094 465.6 86.4
19 908.5 553 282 165.6
20 816.5 887 366 370.8
21 788 855 386.4 368.4
22 648 1089 470.4 369.6
23 1920.5 771 34.8 87.6
24 1920.5 771 34.8 87.6
25 1220.5 379 133.2 114
26 1902 713 79.2 139.2
27 1899.5 516 85.2 118.8
28 1899.5 516 85.2 118.8
29 1229.5 552 183.6 99.6
30 1229.5 552 183.6 99.6
31 1206.5 662 238.8 75.6
32 1211 462 160.8 93.6
33 1225 450 177.6 67.2
34 1220.5 392 150 75.6
35 1494.5 506 188.4 97.2
36 1220.5 1092 426 162
37 1689 859 288 128.4
38 1707 1020 343.2 306
39 128.5 713 188.4 201.6
40 1236.5 1017 409.2 373.2
41 1233 695 304.8 290.4
42 1226.5 501 202.8 110.4
43 1264 734 276 105.6
44 317.5 680 188.4 156
45 317.5 680 188.4 156
46 1529.5 649 226.8 91.2
47 131.5 1088 315.6 333.6
48 87.5 1081 210 217.2
49 1227.5 983 387.6 195.6
50 893.5 638 294 180
