30 1256 2 1
30 449 1 2
30 6 1 1
30 84 1 1
30 24 1 1
30 35 1 1
30 44 1 1
30 51 1 1
30 59 1 1
30 71 1 1
30 78 1 1
30 161 1 1
30 91 1 1
30 114 1 1
30 119 1 1
30 123 1 1
30 127 1 1
30 132 1 1
30 137 1 1
30 141 1 1
30 156 1 1
30 158 1 1
30 167 1 1
30 171 1 1
30 182 1 1
30 188 1 1
30 194 1 1
30 205 1 1
30 213 1 1
30 223 1 1
30 231 1 1
30 241 1 1
30 246 1 1
30 276 1 1
30 284 1 1
30 312 1 1
30 328 1 1
30 348 1 2
30 394 2 1
30 362 1 1
30 418 1 1
30 379 1 1
30 407 1 1
30 409 1 1
30 413 1 1
30 427 1 1
30 494 1 1
30 1716 1 2
30 467 1 1
30 487 1 1
30 565 2 1
30 593 2 1
30 508 1 1
30 515 1 1
30 521 1 1
30 605 2 1
30 626 2 1
30 555 1 1
30 557 1 1
30 650 2 1
30 571 1 1
30 610 2 1
30 574 1 1
30 613 1 1
30 631 1 1
30 632 2 1
30 743 2 2
30 677 1 1
30 704 1 1
30 710 1 1
30 714 1 1
30 729 1 1
30 745 1 1
30 767 1 1
30 773 1 1
30 784 1 1
30 803 1 1
30 806 1 1
30 823 1 1
30 835 1 1
30 910 2 1
30 846 1 1
30 923 1 1
30 850 1 1
30 858 1 1
30 941 2 1
30 867 1 1
30 896 1 1
30 922 1 1
30 983 1 1
30 934 1 1
30 946 1 1
30 965 1 1
30 975 1 1
30 1056 1 1
30 979 1 1
30 997 1 1
30 1051 1 1
30 1091 2 1
30 1001 1 1
30 1011 1 1
30 1036 1 1
30 1162 2 1
30 1067 1 1
30 1074 1 1
30 1083 1 1
30 1088 1 1
30 1103 1 1
30 1137 2 1
30 1105 1 1
30 1186 2 1
30 1146 2 1
30 1151 1 1
30 1178 2 1
30 1154 1 1
30 1166 1 1
30 1204 2 1
30 1168 1 1
30 1180 2 1
30 1187 1 1
30 1205 1 1
30 1215 1 1
30 1303 2 1
30 1231 1 1
30 1241 1 1
30 1245 1 1
30 1249 1 1
30 1262 1 1
30 1347 2 1
30 1268 1 1
30 1273 1 1
30 1284 1 1
30 1284 2 1
30 1298 1 1
30 1307 1 1
30 1344 1 1
30 1402 2 1
30 1366 1 1
30 1429 2 1
30 1391 1 1
30 1450 1 2
30 1401 1 1
30 1407 1 1
30 1412 1 1
30 1418 1 1
30 1428 1 1
30 1440 1 1
30 1449 1 1
30 1456 1 1
30 1466 1 1
30 1473 1 1
30 1478 1 1
30 1480 1 1
30 1488 1 1
30 1499 1 1
30 1502 1 1
30 1526 1 1
30 1535 1 1
30 1541 1 1
30 1554 1 1
30 1564 1 1
30 1572 1 1
30 1649 2 1
30 1675 2 1
30 1611 1 1
30 1654 1 1
30 1669 1 1
30 1734 2 1
30 1682 1 1
30 1693 1 1
30 1700 1 1
30 1706 1 1
30 1848 1 2
30 1802 2 1
30 1755 1 1
30 1835 2 1
30 1776 1 1
30 1873 1 1
30 1879 2 1
30 1891 2 1
30 1830 1 1
30 1912 1 1
30 1878 1 1
30 1895 1 1
30 1901 2 1
30 2063 2 1
30 2368 1 2
30 2307 1 1
30 2180 2 1
30 2206 2 1
30 2236 2 2
30 2275 1 1
30 2320 2 1
30 2340 2 1
30 2324 1 2
30 2295 1 1
30 2363 2 2
30 2297 1 1
30 2334 1 1
30 2672 1 2
30 2382 1 1
30 2432 1 1
30 2432 2 1
30 2454 1 1
30 2731 1 1
30 2549 2 1
30 2672 2 1
30 2702 1 1
30 2670 1 1
30 2778 1 1
30 2764 1 1
30 2823 2 1
30 2847 2 1
30 2913 1 1
30 2816 1 2
30 2882 2 1
30 2940 2 1
30 2959 2 1
30 2968 1 1
30 2976 1 1
