0 11 12 1
1 -1 3000 1
2 -1 3000 1
3 -1 3000 1
4 -1 3000 1
5 -1 3000 1
2 25 1256 1
6 8 1 1
2 -1 3000 1
7 9 449 2
4 10 8 1
7 9 6 1
6 8 23 1
4 10 11 1
12 13 84 1
4 10 21 1
7 9 24 1
4 10 35 1
6 8 29 1
7 9 35 1
6 8 34 1
4 10 45 1
6 8 43 1
7 9 44 1
7 9 51 1
4 10 66 1
6 8 48 1
6 8 57 1
7 9 59 1
7 9 71 1
6 8 66 1
4 10 74 1
6 8 74 1
7 9 78 1
4 10 93 1
12 13 161 1
6 8 95 1
7 9 91 1
4 10 97 1
6 8 97 1
4 10 106 1
6 8 107 1
7 9 114 1
4 10 125 1
6 8 129 1
7 9 119 1
7 9 123 1
4 10 139 1
7 9 127 1
7 9 132 1
7 9 137 1
6 8 137 1
7 9 141 1
4 10 141 1
6 8 141 1
4 10 196 1
7 9 156 1
7 9 158 1
6 8 163 1
6 8 170 1
7 9 167 1
7 9 171 1
6 8 175 1
7 9 182 1
7 9 188 1
6 8 193 1
7 9 194 1
6 8 205 1
7 9 205 1
4 10 213 1
6 8 212 1
7 9 213 1
4 10 285 1
6 8 222 1
7 9 223 1
7 9 231 1
6 8 245 1
7 9 241 1
7 9 246 1
6 8 271 1
7 9 276 1
6 8 287 1
7 9 284 1
4 10 310 1
12 17 321 1
7 9 312 1
6 8 295 1
12 19 331 1
6 8 312 1
14 15 309 1
4 10 317 1
7 9 328 1
6 8 321 1
16 19 327 1
14 19 335 1
4 10 351 1
16 21 348 2
18 25 394 1
7 9 362 1
6 8 345 1
12 13 418 1
16 19 340 1
20 9 379 1
6 8 352 1
4 10 360 1
6 8 360 1
22 13 374 1
6 8 369 1
4 10 380 1
23 24 367 1
6 8 378 1
7 9 407 1
4 10 394 1
6 8 394 1
4 10 424 1
6 8 398 1
6 8 407 1
7 9 409 1
6 8 413 1
7 9 413 1
6 8 415 1
7 9 427 1
6 8 425 1
4 10 467 1
12 13 494 1
7 9 1716 2
6 8 432 1
6 8 437 1
6 8 443 1
26 25 538 1
6 8 454 1
7 9 467 1
27 28 467 1
4 10 478 1
6 8 476 1
7 9 487 1
4 10 508 1
18 25 565 1
6 8 482 1
6 8 497 1
6 8 503 1
18 25 593 1
7 9 508 1
6 8 513 1
7 9 515 1
4 10 519 1
6 8 522 1
7 9 521 1
18 25 605 1
6 8 536 1
4 10 528 1
4 10 539 1
6 8 544 1
18 25 626 1
4 10 576 1
6 8 547 1
7 9 555 1
7 9 557 1
18 25 650 1
7 9 571 1
29 30 569 1
31 25 610 1
7 9 574 1
4 10 590 1
29 30 587 1
32 33 597 1
4 10 613 1
7 9 613 1
4 10 618 1
6 8 617 1
4 10 620 1
6 8 627 1
4 10 628 1
7 9 631 1
34 25 632 1
4 10 646 1
5 35 642 1
4 10 680 1
5 35 650 1
6 8 656 1
6 8 674 1
6 8 676 1
18 25 743 2
7 9 677 1
6 8 682 1
4 10 719 1
6 8 688 1
6 8 696 1
6 8 698 1
7 9 704 1
6 8 712 1
7 9 710 1
7 9 714 1
4 10 725 1
6 8 726 1
7 9 729 1
4 10 757 1
6 8 741 1
7 9 745 1
6 8 752 1
7 9 767 1
4 10 767 1
4 10 774 1
7 9 773 1
6 8 771 1
6 8 775 1
4 10 793 1
7 9 784 1
6 8 789 1
7 9 803 1
4 10 802 1
4 10 810 1
7 9 806 1
6 8 828 1
4 10 816 1
4 10 824 1
7 9 823 1
4 10 833 1
7 9 835 1
18 25 910 1
6 8 833 1
4 10 841 1
6 8 838 1
4 10 851 1
7 9 846 1
12 13 923 1
7 9 850 1
4 10 861 1
7 9 858 1
18 25 941 1
4 10 868 1
7 9 867 1
6 8 878 1
18 36 871 1
4 10 888 1
2 37 876 1
7 9 896 1
6 8 888 1
2 38 884 1
4 10 922 1
6 8 900 1
7 9 922 1
12 13 983 1
4 10 969 1
7 9 934 1
7 9 946 1
6 8 954 1
7 9 965 1
6 8 961 1
7 9 975 1
12 13 1056 1
4 10 976 1
6 8 975 1
4 10 984 1
7 9 979 1
6 8 979 1
6 8 993 1
4 10 1041 1
7 9 997 1
12 9 1051 1
18 25 1091 1
6 8 1003 1
7 9 1001 1
6 8 1009 1
7 9 1011 1
6 8 1022 1
6 8 1042 1
18 41 1092 1
7 9 1036 1
4 10 1064 1
6 8 1057 1
12 11 1119 1
39 11 1056 1
40 36 1053 1
18 25 1162 1
6 8 1070 1
7 9 1067 1
4 10 1073 1
7 9 1074 1
7 9 1083 1
4 10 1358 1
31 42 1115 1
7 9 1088 1
40 41 1149 1
6 8 1093 1
31 42 1101 1
7 9 1103 1
6 8 1101 1
32 25 1137 1
7 9 1105 1
43 41 1110 1
18 25 1186 1
44 45 1115 1
29 42 1120 1
32 42 1128 2
6 8 1129 1
29 30 1138 1
34 25 1146 1
7 9 1151 1
29 25 1178 1
32 33 1154 1
7 9 1154 1
29 30 1156 1
31 41 1159 1
7 9 1166 1
31 25 1204 1
7 9 1168 1
6 8 1182 1
34 25 1180 1
7 9 1187 1
6 8 1199 1
7 9 1205 1
7 9 1215 1
18 25 1303 1
7 9 1231 1
6 8 1221 1
7 9 1241 1
7 9 1245 1
7 9 1249 1
7 9 1262 1
18 25 1347 1
7 9 1268 1
7 9 1273 1
7 9 1284 1
34 25 1284 1
7 9 1298 1
6 8 1300 1
7 9 1307 1
4 10 1302 1
6 8 1317 1
7 9 1344 1
18 25 1402 1
6 8 1343 1
18 36 1360 1
7 9 1366 1
23 24 1357 1
40 25 1429 1
6 8 1362 1
4 10 1551 1
6 8 1373 1
7 9 1391 1
12 13 1450 2
6 8 1387 1
6 8 1391 1
7 9 1401 1
7 9 1407 1
32 42 1405 2
6 8 1407 1
7 9 1412 1
7 9 1418 1
6 8 1423 1
7 9 1428 1
7 9 1440 1
7 9 1449 1
7 9 1456 1
6 8 1466 1
7 9 1466 1
6 8 1468 1
7 9 1473 1
6 8 1478 1
7 9 1478 1
7 9 1480 1
6 8 1485 1
7 9 1488 1
6 8 1494 1
7 9 1499 1
6 8 1525 1
7 9 1502 1
7 9 1526 1
7 9 1535 1
7 9 1541 1
6 8 1548 1
6 8 1550 1
7 9 1554 1
4 10 1554 1
7 9 1564 1
6 8 1569 1
4 10 1567 1
7 9 1572 1
4 10 1581 1
6 8 1582 1
18 25 1649 1
4 10 1590 1
6 8 1602 1
4 10 1606 1
18 25 1675 1
6 8 1604 1
6 8 1625 1
7 9 1611 1
4 10 1612 1
4 10 1646 1
6 8 1631 1
6 8 1633 1
7 9 1654 1
6 8 1645 1
4 10 1654 1
7 9 1669 1
4 10 1671 1
18 25 1734 1
6 8 1676 1
7 9 1682 1
4 10 1687 1
6 8 1683 1
6 8 1701 1
7 9 1693 1
4 10 1783 1
7 9 1700 1
6 8 1717 1
7 9 1706 1
7 9 1848 2
40 25 1802 1
6 8 1720 1
6 8 1731 1
6 8 1740 1
6 8 1759 1
7 9 1755 1
18 25 1835 1
6 8 1766 1
6 8 1768 1
6 8 1784 1
7 9 1776 1
12 13 1873 1
4 10 1792 1
39 9 1801 1
6 8 1794 1
44 45 1793 1
18 25 1879 1
6 8 1815 1
4 10 1811 1
4 10 1848 1
40 25 1891 1
6 8 1828 1
7 9 1830 1
6 8 1839 1
7 9 1912 1
6 8 1844 1
6 8 1855 1
44 9 1858 1
4 10 1925 1
7 47 2066 1
6 8 1859 1
6 8 1875 1
7 9 1878 1
6 8 1878 1
6 8 1892 1
7 9 1895 1
34 25 1901 1
6 8 1899 1
7 25 2063 1
6 8 1920 1
7 9 2368 2
6 8 1925 1
4 10 1943 1
6 8 1933 1
6 8 1940 1
4 10 1981 1
4 10 1988 1
6 8 1983 1
4 10 2019 1
3 46 1995 1
6 8 2006 1
6 8 2014 1
6 8 2024 1
4 10 2037 1
6 8 2027 1
6 8 2037 1
6 8 2040 1
12 9 2307 1
4 10 2051 1
4 10 2059 1
4 10 2066 1
4 10 2072 1
6 8 2074 1
48 47 2076 1
4 10 2081 1
4 10 2088 1
6 8 2088 1
48 47 2083 1
4 10 2096 1
6 8 2096 1
18 25 2180 1
48 -1 3000 1
6 8 2103 1
4 10 2105 1
4 10 2113 1
6 8 2111 1
4 10 2123 1
6 8 2123 1
4 10 2121 1
18 25 2206 1
4 10 2133 1
6 8 2125 1
6 8 2131 1
4 10 2160 1
6 8 2139 1
18 25 2236 2
6 8 2150 1
40 49 2157 1
6 8 2164 1
4 10 2177 1
40 49 2171 1
6 8 2174 1
43 41 2191 1
4 10 2183 1
6 8 2182 1
4 10 2220 1
6 8 2193 1
12 13 2275 1
6 8 2206 1
29 42 2204 1
32 33 2223 2
6 8 2221 1
4 10 2236 1
16 19 2227 1
12 15 2262 2
4 10 2247 1
6 8 2251 1
18 25 2320 1
4 10 2253 1
6 8 2274 1
4 10 2298 1
14 19 2273 2
18 25 2340 1
16 13 2324 2
6 8 2285 1
16 50 2283 1
20 21 2295 1
6 8 2290 1
4 10 2290 1
6 8 2301 1
18 25 2363 2
20 21 2297 1
4 10 2318 1
6 8 2315 1
7 9 2334 1
4 10 2371 1
6 8 2334 1
6 8 2338 1
7 9 2672 2
6 8 2347 1
40 41 2400 1
6 8 2371 1
7 9 2382 1
6 8 2406 1
4 10 2419 1
7 9 2432 1
31 25 2432 1
6 8 2409 1
4 10 2468 1
6 8 2439 1
7 9 2454 1
6 8 2446 1
6 8 2455 1
7 9 2731 1
6 8 2462 1
18 49 2480 1
5 35 2463 1
4 10 2474 1
4 10 2470 1
6 8 2474 1
4 10 2489 1
6 8 2476 1
40 25 2549 1
6 8 2502 1
4 10 2486 1
4 10 2583 1
4 10 2503 1
6 8 2505 1
6 8 2524 1
6 8 2530 1
6 8 2532 1
6 8 2542 1
6 8 2547 1
6 8 2552 1
6 8 2565 1
6 8 2571 1
6 8 2575 1
6 8 2603 1
4 10 2632 1
18 25 2672 1
6 8 2609 1
6 8 2619 1
12 13 2702 1
6 8 2631 1
4 10 2659 1
6 8 2639 1
6 8 2647 1
6 8 2657 1
4 10 2685 1
7 9 2670 1
6 8 2673 1
7 9 2778 1
6 8 2682 1
12 13 2764 1
6 8 2687 1
4 10 2772 1
6 8 2702 1
6 8 2705 1
6 8 2717 1
6 8 2721 1
7 -1 3000 2
18 25 2823 1
6 8 2753 1
6 8 2760 1
4 10 2764 1
6 8 2770 1
40 25 2847 1
4 10 2808 1
6 8 2795 1
7 9 2913 1
6 8 2799 1
7 9 2816 2
4 10 2824 1
18 25 2882 1
4 10 2846 1
6 8 2834 1
6 8 2846 1
6 8 2854 1
4 10 2976 1
4 10 2860 1
18 25 2940 1
6 8 2885 1
6 8 2897 1
18 25 2959 1
6 8 2916 1
7 9 2968 1
6 8 2923 1
6 8 2928 1
6 8 2940 1
6 8 2946 1
18 -1 3000 1
6 8 2981 1
7 -1 3000 1
7 9 2976 1
4 10 2981 1
18 -1 3000 1
6 8 2990 1
4 10 2992 1
12 -1 3000 1
6 8 2996 1
4 10 2995 1
4 -1 3000 1
6 -1 3000 1
