0 901 283 124.8 49.2
1 1022.5 279 99.6 50.4
2 250 219 40.8 39.6
3 154.5 290 92.4 57.6
4 1148 814 355.2 235.2
5 211.5 223 44.4 40.8
6 210 207 40.8 33.6
7 36 357 86.4 66
8 235 207 48 27.6
9 949 655 158.4 133.2
10 949 655 158.4 133.2
11 1255.5 966 97.2 210
12 1112 659 115.2 129.6
13 1112 659 115.2 129.6
14 1248 694 115.2 135.6
15 1248 694 115.2 135.6
16 185.5 373 174 91.2
17 26 549 62.4 105.6
18 185.5 373 174 91.2
19 1234 925 148.8 127.2
20 948.5 237 85.2 44.4
21 21.5 407 51.6 100.8
22 43 545 103.2 134.4
23 308.5 174 42 27.6
24 32 664 76.8 148.8
25 36 653 86.4 135.6
26 1174 373 69.6 56.4
27 1172.5 991 332.4 225.6
28 566 540 302.4 200.4
29 227.5 200 37.2 32.4
30 648.5 644 255.6 261.6
31 1192 597 136.8 146.4
32 1196.5 576 73.2 85.2
33 968.5 249 90 42
34 58 526 139.2 156
35 731.5 558 147.6 171.6
36 58.5 447 140.4 88.8
37 856.5 828 284.4 285.6
38 778.5 719 236.4 312
39 362.5 193 44.4 30
40 369.5 203 61.2 33.6
41 73.5 657 176.4 148.8
42 1130 341 91.2 63.6
43 665.5 272 181.2 63.6
44 880 249 96 42
45 665.5 272 181.2 63.6
46 264.5 186 58.8 32.4
47 182.5 500 195.6 99.6
48 906 989 240 169.2
49 971 360 122.4 75.6
50 302.5 323 92.4 52.8
51 380 299 74.4 50.4
52 24.5 385 58.8 52.8
53 822.5 228 121.2 42
54 752 226 55.2 44.4
55 900 235 74.4 31.2
56 752 226 55.2 44.4
57 635 216 62.4 44.4
58 550.5 207 51.6 36
59 517.5 207 46.8 38.4
60 630.5 216 92.4 30
61 423 196 55.2 39.6
62 449.5 201 61.2 37.2
63 496.5 205 56.4 25.2
64 451.5 200 51.6 25.2
65 338 175 43.2 30
66 338 175 43.2 30
67 895 325 117.6 82.8
68 896 324 160.8 78
69 333.5 293 114 111.6
70 333.5 293 114 111.6
71 401 350 144 118.8
72 397.5 336 116.4 103.2
73 1058 593 220.8 144
74 1058 593 220.8 144
75 486 237 88.8 49.2
76 482 242 48 50.4
77 401 203 55.2 33.6
78 1162.5 837 128.4 124.8
79 106 309 62.4 69.6
80 106 309 62.4 69.6
81 1021 281 74.4 38.4
82 873.5 252 51.6 34.8
83 389 212 48 33.6
84 396 227 72 48
85 691.5 438 154.8 160.8
86 436.5 257 92.4 90
87 179.5 706 306 163.2
88 87.5 676 210 150
89 954.5 977 188.4 172.8
90 835 228 60 28.8
91 509 253 69.6 52.8
92 903 252 36 27.6
93 790.5 256 51.6 33.6
94 762 257 55.2 36
95 533.5 279 63.6 44.4
96 459.5 286 63.6 44.4
97 568.5 271 58.8 44.4
98 493 280 72 44.4
99 267.5 323 58.8 56.4
100 88.5 369 58.8 63.6
101 1013 244 232.8 99.6
102 -12 372 -28.8 100.8
103 1252.5 819 104.4 147.6
104 1099.5 466 92.4 120
105 1099.5 466 92.4 120
106 1113.5 392 73.2 82.8
107 1128 732 264 165.6
108 27.5 463 66 76.8
109 860 373 134.4 92.4
110 965.5 431 118.8 86.4
111 920 453 132 109.2
112 1082.5 401 102 66
113 1096.5 846 255.6 229.2
114 47.5 400 114 84
115 781.5 221 51.6 25.2
116 707.5 216 51.6 24
117 549 205 40.8 25.2
118 298 237 36 27.6
119 298 237 36 27.6
120 1150.5 419 66 84
121 1161 389 69.6 68.4
122 928.5 863 154.8 111.6
123 373 185 28.8 20.4
124 1121.5 970 404.4 234
125 677.5 419 116.4 127.2
126 575 238 62.4 34.8
127 152 318 40.8 36
128 275 228 55.2 36
129 275 228 55.2 36
130 187.5 233 30 22.8
131 177 234 21.6 22.8
132 843 244 67.2 38.4
133 739.5 422 166.8 154.8
134 427 246 81.6 46.8
135 55 394 132 88.8
136 1036.5 410 140.4 74.4
137 1047.5 344 102 54
138 233 274 103.2 116.4
139 250.5 249 70.8 84
140 214.5 287 121.2 132
141 21.5 339 51.6 33.6
142 115 431 165.6 116.4
143 758 260 115.2 44.4
144 506 488 271.2 151.2
145 792 235 69.6 33.6
146 635 641 328.8 258
147 386 193 48 30
148 296 485 314.4 134.4
149 764 507 300 184.8
150 905.5 280 114 61.2
151 1165 464 74.4 104.4
152 1170.5 431 70.8 88.8
153 275 570 300 145.2
154 284.5 574 267.6 156
155 993.5 343 118.8 55.2
156 302.5 203 63.6 39.6
157 439.5 391 133.2 118.8
158 300 190 48 33.6
159 825.5 251 106.8 44.4
160 916 212 76.8 10.8
161 913.5 219 66 19.2
162 911 799 192 97.2
163 305.5 489 270 133.2
164 84 354 117.6 80.4
165 937 545 271.2 180
166 333 217 64.8 27.6
167 182.5 419 224.4 132
168 776.5 353 159.6 105.6
169 827 279 103.2 58.8
170 827 279 103.2 58.8
171 778 343 139.2 87.6
172 997.5 414 166.8 79.2
173 1215 371 108 82.8
174 706 233 136.8 50.4
175 703 231 139.2 46.8
176 173 320 144 88.8
177 498 286 96 48
178 568.5 270 66 50.4
179 533.5 249 32.4 39.6
180 1170.5 671 210 133.2
181 853.5 683 181.2 152.4
182 878 219 81.6 25.2
183 249 191 50.4 33.6
184 916.5 498 207.6 141.6
185 309 175 62.4 30
186 558 295 144 74.4
187 630.5 306 154.8 80.4
