14 776 6 1
14 798 6 1
14 275 2 1
14 21 5 1
14 90 9 1
14 64 1 1
14 109 8 1
14 204 1 1
14 110 9 1
14 123 8 2
14 294 2 1
14 130 9 1
14 141 8 1
14 1016 5 1
14 165 8 1
14 167 9 1
14 190 8 1
14 207 8 1
14 1027 5 1
14 232 8 1
14 243 7 1
14 284 8 1
14 301 1 1
14 305 8 1
14 324 8 1
14 328 1 1
14 357 2 1
14 337 7 1
14 361 8 1
14 1044 5 1
14 412 8 1
14 450 8 1
14 541 9 1
14 592 8 1
14 653 2 1
14 684 9 1
14 789 1 1
14 787 12 1
14 814 12 1
14 828 6 1
14 835 12 1
14 802 2 1
14 850 6 1
14 844 12 1
14 867 12 1
14 873 6 1
14 1048 5 1
14 893 12 1
14 892 6 1
14 856 12 1
14 920 12 1
14 1001 11 1
14 1007 11 1
14 1018 11 1
14 1024 11 1
14 1061 5 1
14 1035 11 1
14 1038 11 1
14 1070 5 1
14 1059 11 1
14 1062 11 1
14 1079 5 1
14 1071 11 2
14 1942 12 1
14 1095 4 1
14 1083 11 1
14 1096 5 1
14 1088 10 1
14 1117 5 1
14 1107 5 1
14 1118 11 1
14 1129 5 1
14 1130 5 1
14 1146 5 1
14 1140 5 1
14 1113 9 1
14 1167 5 1
14 1170 5 1
14 1163 11 1
14 1200 4 1
14 1938 6 1
14 1187 11 1
14 1201 5 1
14 1209 5 1
14 1486 9 1
14 1250 5 1
14 1291 5 1
14 1291 12 1
14 1300 4 1
14 1353 4 1
14 1360 5 1
14 1376 5 1
14 1376 11 1
14 1406 11 1
14 1521 9 1
14 1536 10 1
14 2231 5 1
14 1615 8 1
14 1640 8 1
14 1641 1 1
14 1660 8 1
14 1667 1 1
14 1648 2 1
14 1687 8 1
14 1698 8 1
14 1688 1 1
14 1713 8 1
14 1702 1 1
14 1738 2 1
14 1727 8 1
14 1730 1 1
14 1718 7 1
14 1755 8 1
14 1754 2 1
14 1757 1 1
14 1798 2 1
14 1777 8 1
14 1824 1 1
14 1857 1 1
14 2701 9 1
14 1869 1 2
14 1956 6 1
14 1956 1 1
14 1968 6 1
14 2238 5 1
14 2003 12 1
14 2023 12 1
14 1970 2 1
14 1998 2 1
14 2043 12 1
14 2058 12 1
14 2118 12 1
14 2126 11 1
14 2120 11 1
14 2136 12 1
14 2098 4 1
14 2093 4 1
14 2145 11 1
14 2158 12 1
14 2105 8 1
14 2149 10 1
14 2174 11 1
14 2259 5 1
14 2243 11 1
14 2280 7 1
14 2275 5 1
14 2283 5 1
14 2267 5 1
14 2303 5 1
14 2298 5 1
14 2318 5 1
14 2323 5 1
14 2369 5 2
14 2350 5 1
14 2373 5 1
14 2383 5 1
14 2399 5 1
14 2401 5 1
14 2431 4 1
14 2419 5 1
14 2434 5 1
14 2428 11 1
14 2443 5 1
14 2473 5 1
14 2722 8 1
14 2838 2 1
14 2815 2 1
14 2497 5 1
14 3320 6 1
14 2508 5 1
14 2536 5 1
14 2541 11 1
14 2558 5 1
14 2558 11 1
14 2586 5 2
14 2651 10 1
14 2733 8 1
14 2731 7 1
14 2786 8 1
14 2773 11 1
14 2830 8 1
14 3597 5 1
14 2830 1 1
14 2802 11 1
14 2884 1 1
14 2859 11 1
14 2905 8 1
14 2872 3 1
14 2871 2 1
14 3617 5 1
14 3322 1 1
14 3328 12 1
14 3339 6 1
14 3350 12 1
14 3368 12 1
14 3366 6 1
14 3601 5 1
14 3384 6 1
14 3406 1 1
14 3411 12 1
14 3444 12 1
14 3464 1 1
14 3462 12 1
14 3502 1 1
14 3490 11 1
14 3495 12 1
14 3497 11 1
14 3516 12 1
14 3512 11 1
14 3527 1 1
14 3505 10 1
14 3537 11 1
14 3535 11 1
14 4200 2 1
14 3552 10 1
14 3566 11 1
14 3576 11 1
14 3590 11 1
14 3593 11 1
14 3626 5 1
14 3607 10 1
14 3589 11 1
14 3653 5 1
14 3647 5 1
14 3634 11 1
14 3647 11 1
14 3672 5 1
14 4485 12 1
14 3675 5 1
14 3689 5 1
14 4464 6 1
14 3699 5 1
14 3733 4 1
14 4486 6 1
14 3724 5 1
14 3746 5 1
14 3766 5 1
14 3778 11 1
14 3783 5 1
14 3805 11 1
14 3817 11 1
14 3897 11 1
14 3928 5 1
14 3935 5 1
14 4744 5 1
14 4085 9 1
14 4082 8 1
14 4061 7 1
14 4102 9 1
14 4087 7 2
14 4121 8 1
14 4141 8 1
14 4165 8 1
14 4217 2 1
14 4191 8 1
14 4750 5 1
14 4193 7 1
14 4240 1 1
14 4232 7 1
14 4246 7 1
14 4283 2 1
14 4267 7 1
14 4304 7 1
14 4306 2 1
14 4330 8 1
14 4324 1 1
14 4347 2 1
14 4499 1 1
14 4510 12 1
14 4476 7 1
14 4511 6 1
14 4536 6 1
14 4494 3 1
14 4544 12 1
14 4554 6 1
14 4520 8 1
14 4526 8 1
14 4585 6 1
14 4606 12 1
14 4620 12 1
14 4598 2 1
14 4647 12 1
14 4671 1 1
14 4721 11 2
14 4730 11 1
14 4761 5 1
14 4748 11 2
14 4747 11 2
14 4776 5 1
14 4768 11 1
14 4780 11 1
14 4784 11 1
14 4799 11 1
14 4806 5 1
14 4796 11 1
14 4819 5 1
14 4807 11 1
14 4817 11 1
14 4842 4 1
14 4860 5 1
14 4844 11 1
14 4874 5 1
14 4895 5 1
14 4913 5 1
14 4930 5 1
14 4947 5 1
14 5207 2 1
14 4975 9 1
14 5530 6 1
14 4994 5 1
14 5062 4 1
14 5078 5 1
14 5094 5 1
14 5240 8 1
14 5254 2 1
14 5222 8 1
14 5232 7 1
14 5229 2 1
14 5282 2 1
14 5250 7 1
14 5270 1 1
14 5302 10 1
14 5297 8 1
14 5307 1 1
14 5301 7 1
14 5329 1 1
14 5341 1 1
14 5329 7 1
14 5358 8 1
14 5367 2 1
14 5361 7 1
14 5397 8 1
14 5402 2 1
14 5448 10 1
14 5416 7 1
14 5434 7 1
14 5526 12 1
14 5514 1 1
14 5551 6 1
14 5548 12 1
14 5564 6 1
14 5584 6 1
14 5604 12 1
14 5560 2 1
14 5630 12 1
14 5643 12 1
14 5599 2 1
14 5656 6 1
14 5653 12 1
14 5617 2 1
14 5655 2 1
14 5694 6 1
14 5672 2 1
14 5763 5 1
14 5721 2 1
14 5743 5 1
14 5782 5 1
14 6555 6 1
14 5975 1 1
14 5794 5 1
14 5790 5 1
14 5803 11 1
14 5816 5 1
14 5811 11 1
14 5823 11 1
14 5820 5 1
14 5862 11 2
14 5831 11 1
14 5839 5 1
14 5834 10 1
14 5869 4 1
14 5853 5 1
14 5859 11 1
14 5880 5 1
14 5895 5 1
14 5895 11 1
14 5907 11 1
14 5925 5 1
14 5922 11 1
14 5944 10 1
14 6052 1 1
14 6220 1 1
14 6138 11 1
14 6580 6 1
14 6155 5 1
14 6152 11 1
14 6178 11 1
14 6231 4 1
14 6858 5 1
14 6304 8 1
14 6289 9 1
14 6322 8 1
14 6343 8 1
14 6863 5 1
14 6360 8 1
14 6379 10 1
14 6425 8 1
14 6410 2 1
14 6435 1 1
14 6424 2 1
14 6457 8 1
14 6489 7 1
14 6573 12 1
14 6609 1 1
14 6586 12 1
14 6573 7 1
14 6599 6 1
14 6609 12 1
14 6612 6 1
14 6624 12 1
14 6653 12 1
14 6661 6 1
14 6676 12 1
14 6676 6 1
14 6641 2 1
14 6655 2 2
14 6719 12 1
14 6738 12 1
14 6755 1 1
14 6770 12 1
14 6793 11 1
14 6783 12 1
14 6810 11 1
14 6778 8 1
14 6819 11 1
14 6818 11 1
14 6834 11 1
14 6836 11 1
14 6844 11 1
14 6885 5 1
14 6872 5 1
14 6858 11 1
14 6895 5 1
14 6900 5 1
14 6920 5 1
14 6922 5 1
14 6938 5 1
14 6957 5 1
14 6964 5 1
14 6979 5 1
14 6985 5 1
14 6999 5 1
14 7001 5 1
14 7026 5 1
14 7019 5 1
14 7052 5 1
14 7043 5 1
14 7066 5 1
14 7067 5 1
14 7080 5 1
14 7104 5 1
14 7123 5 1
14 7775 6 1
14 7138 5 1
14 7167 5 1
14 7185 5 1
14 7174 11 1
14 7164 5 1
14 7206 5 1
14 7221 5 1
14 7324 9 1
14 7358 8 1
14 7320 10 1
14 7348 9 1
14 7370 8 1
14 7382 8 1
14 7369 9 1
14 7399 4 1
14 7414 10 1
14 7446 8 1
14 7465 8 1
14 7483 8 1
14 7482 2 1
14 7491 1 1
14 7529 2 1
14 7549 1 1
14 7510 7 1
14 7571 1 1
14 7542 2 1
14 7595 2 1
14 7603 1 1
14 7629 1 1
14 7648 2 1
14 8104 5 1
14 7686 1 1
14 7825 12 1
14 7828 6 1
14 7846 12 1
14 7843 1 1
14 7843 6 1
14 7811 2 1
14 7860 12 1
14 7837 7 1
14 7867 6 1
14 7879 12 1
14 7898 12 1
14 8089 5 1
14 7915 12 1
14 7884 7 1
14 8714 2 1
14 7929 12 1
14 7938 11 1
14 8162 5 1
14 7976 1 1
14 7968 12 1
14 7953 8 1
14 7986 11 1
14 7991 11 1
14 8003 12 1
14 8000 11 1
14 8008 11 1
14 8025 12 1
14 8020 11 1
14 8018 11 1
14 8035 11 1
14 8032 10 1
14 8056 11 1
14 8071 11 1
14 8061 11 1
14 8076 11 2
14 8084 5 1
14 8101 5 1
14 8098 11 2
14 8090 11 1
14 8124 5 1
14 8114 11 1
14 8120 5 1
14 8147 5 1
14 8125 11 1
14 8132 11 1
14 8139 5 1
14 8202 4 1
14 8183 5 1
14 8199 5 1
14 8196 5 1
14 8211 5 1
14 8565 8 1
14 8550 9 1
14 8235 5 1
14 8258 5 2
14 8260 11 1
14 8289 5 1
14 8268 11 1
14 8318 4 1
14 8322 11 1
14 8300 5 1
14 8335 5 1
14 8321 10 1
14 8392 11 1
14 8344 5 1
14 8355 10 1
14 8369 5 1
14 8357 5 1
14 8349 5 1
14 8388 11 1
14 8399 5 1
14 8421 11 1
14 8459 5 1
14 9000 6 1
14 8570 9 1
14 8587 8 1
14 8600 8 1
14 8591 9 1
14 8620 8 1
14 8641 8 1
14 8665 8 1
14 8705 8 1
14 8690 8 1
14 8728 2 1
14 8733 1 1
14 8760 2 1
14 8730 4 1
14 8771 1 1
14 8739 7 1
14 8768 7 1
14 8804 1 1
14 8832 2 1
14 8853 1 1
14 8866 1 1
14 8885 1 1
14 9022 6 1
14 8915 1 1
14 8915 2 1
14 9184 11 2
14 9026 12 1
14 9062 12 1
14 9041 6 1
14 9012 2 2
14 9079 12 1
14 9101 12 1
14 9046 2 1
14 9114 12 1
14 9060 2 1
14 9136 12 1
14 9900 8 1
14 9134 11 1
14 9174 12 1
14 9150 8 1
14 9191 11 1
14 9204 12 1
14 9201 11 1
14 9184 8 1
14 9222 12 1
14 9187 10 1
14 10413 6 1
14 9216 11 1
14 9223 11 1
14 9232 11 1
14 9261 12 1
14 10446 6 1
14 9246 11 1
14 9238 10 1
14 9268 11 1
14 9297 5 1
14 9257 10 1
14 9285 10 1
14 9320 5 1
14 9300 11 1
14 9364 5 2
14 9334 5 1
14 9343 5 1
14 9350 11 1
14 9363 5 1
14 9358 10 1
14 9374 5 1
14 9379 11 1
14 9404 5 1
14 9396 5 1
14 9384 5 1
14 9374 9 2
14 9416 5 1
14 9399 11 1
14 9418 5 1
14 9437 5 1
14 9433 11 1
14 9456 5 1
14 9465 4 1
14 9475 12 1
14 9500 5 1
14 9495 5 1
14 9498 11 1
14 9539 5 1
14 9553 5 1
14 9772 3 1
14 9575 5 1
14 9655 5 1
14 9663 11 1
14 9685 11 1
14 9778 9 1
14 9798 9 1
14 9796 10 1
14 9914 8 1
14 9933 8 1
14 9943 2 1
14 9950 8 1
14 9937 1 1
14 9926 2 1
14 9992 8 1
14 9981 1 1
14 10002 1 1
14 10015 8 1
14 10023 1 1
14 10033 7 1
14 10075 2 1
14 10050 7 1
14 10071 5 1
14 10326 9 1
14 10109 2 1
14 10123 8 1
14 10119 1 1
14 10139 8 1
14 10095 8 1
14 10135 1 1
14 10154 8 1
14 10155 2 1
14 10165 1 1
14 10189 2 1
14 10205 1 1
14 10339 9 1
14 10231 8 1
14 10249 1 1
14 10227 2 1
14 10305 2 1
14 10284 2 1
14 10432 12 1
14 10441 12 1
14 10463 12 1
14 10485 12 1
14 10494 6 1
14 10510 12 1
14 10512 6 1
14 10479 2 1
14 10534 11 1
14 10539 6 1
14 10527 7 1
14 10492 2 1
14 10550 12 1
14 10562 6 1
14 10568 12 1
14 10586 6 1
14 10584 12 1
14 10588 6 2
14 10579 11 1
14 10726 5 1
14 10616 12 1
14 10707 5 1
14 10643 12 1
14 10680 11 1
14 10702 12 1
14 10707 11 1
14 10709 11 2
14 10722 5 1
14 10739 5 1
14 10722 11 1
14 11199 3 1
14 10731 11 1
14 10746 5 1
14 10754 5 1
14 10742 11 1
14 10764 5 1
14 10751 11 1
14 11854 6 1
14 10757 11 1
14 10760 11 1
14 10777 5 1
14 10786 5 1
14 10774 11 1
14 11201 9 1
14 10784 11 1
14 10805 5 1
14 10809 5 1
14 10800 11 1
14 10800 11 1
14 10821 5 1
14 10811 11 1
14 10817 11 1
14 10833 5 1
14 10807 5 2
14 10839 5 1
14 11140 5 1
14 10841 11 2
14 10849 11 1
14 10862 5 1
14 10871 5 1
14 10868 11 1
14 10875 5 1
14 10890 5 1
14 10908 5 1
14 10888 11 1
14 10918 5 1
14 10907 11 1
14 10937 5 1
14 10955 5 1
14 10949 5 1
14 10960 5 1
14 10958 11 1
14 10974 5 1
14 10994 5 1
14 11035 5 1
14 11053 5 1
14 11059 5 1
14 11069 5 1
14 11077 11 1
14 11084 11 1
14 11360 2 1
14 11878 6 1
14 11229 9 1
14 11330 8 1
14 11313 7 1
14 11345 1 1
14 11374 1 1
14 11387 7 2
14 11415 1 1
14 11424 1 1
14 11413 3 1
14 11426 7 1
14 11451 2 1
14 11447 7 1
14 11477 8 1
14 11473 1 1
14 11504 8 1
14 11489 2 1
14 11519 8 1
14 11600 3 1
14 11536 8 1
14 11512 2 2
14 11543 7 2
14 11580 9 1
14 11567 1 1
14 11555 1 1
14 11573 7 1
14 11609 2 1
14 11645 8 1
14 11697 7 1
14 11733 8 1
14 11751 8 1
14 11772 8 1
14 11852 12 1
14 11868 12 1
14 11898 6 1
14 11892 12 1
14 11911 12 1
14 11895 7 1
14 11946 6 1
14 11948 12 1
14 11918 2 1
14 11904 11 1
14 11957 6 1
14 11973 6 1
14 11966 12 1
14 12003 12 1
14 12021 12 1
14 11974 8 1
14 11979 8 1
14 12036 12 1
14 12031 6 1
14 12014 2 1
14 12049 12 1
14 12067 12 1
14 12079 12 1
14 12144 5 1
14 12140 5 1
14 12077 6 1
14 12099 12 1
14 12138 11 2
14 13438 6 1
14 12144 11 1
14 12156 5 1
14 12161 5 1
14 12154 11 1
14 12158 11 1
14 12179 5 1
14 12168 11 2
14 12181 5 1
14 12187 11 1
14 12195 5 1
14 12186 11 1
14 12190 11 2
14 12200 5 1
14 12211 5 1
14 12204 11 1
14 12205 11 1
14 12219 5 1
14 12239 5 1
14 12226 10 1
14 12242 5 1
14 12253 11 1
14 12257 5 1
14 12258 11 1
14 12273 5 1
14 12301 5 2
14 12288 5 1
14 12307 5 1
14 12332 5 2
14 12385 4 1
14 12734 2 1
14 12397 5 1
14 12416 5 1
14 12408 11 1
14 12430 5 1
14 12462 5 1
14 12457 11 2
14 12471 11 1
14 12523 4 1
14 12509 11 1
14 12601 9 1
14 12615 8 1
14 12633 8 1
14 12667 8 1
14 12664 7 2
14 12703 8 1
14 12715 8 1
14 12711 2 1
14 13779 5 1
14 12743 1 1
14 12781 2 1
14 12809 8 1
14 12837 1 1
14 12804 2 1
14 12833 2 1
14 12864 2 1
14 12909 2 1
14 12882 2 1
14 12910 1 1
14 12940 2 1
14 12933 8 1
14 13006 8 1
14 12979 2 1
14 13013 7 1
14 13046 8 1
14 13076 8 1
14 13110 8 1
14 13145 1 1
14 13195 8 1
14 13262 8 1
14 13277 8 1
14 13292 8 1
14 13299 7 1
14 13352 7 1
14 13469 6 1
14 13484 6 1
14 13501 12 1
14 13513 6 1
14 13532 12 1
14 13559 1 1
14 13548 12 1
14 13532 7 1
14 13574 12 1
14 13592 12 1
14 13609 12 1
14 13641 1 1
14 13627 12 1
14 13621 11 1
14 13640 11 2
14 13643 12 1
14 13655 12 1
14 13632 11 2
14 13656 11 1
14 13675 12 1
14 13677 12 1
14 13673 11 1
14 13728 11 2
14 14267 1 1
14 13686 11 1
14 13723 12 1
14 13690 8 1
14 13719 11 1
14 13717 10 1
14 13733 11 1
14 13710 8 1
14 13735 10 1
14 13758 11 1
14 13798 5 1
14 13804 4 1
14 13781 11 1
14 13801 11 1
14 13809 5 1
14 13782 5 1
14 13815 11 1
14 13825 5 1
14 13819 11 1
14 13840 5 1
14 13862 5 2
14 13845 5 1
14 13863 5 1
14 13856 11 1
14 13876 5 1
14 13876 11 1
14 13911 4 1
14 13907 11 1
14 13918 5 1
14 13965 4 1
14 14858 6 1
14 13970 5 1
14 13938 5 2
14 13959 10 1
14 13961 5 1
14 13987 5 1
14 13979 5 1
14 14001 5 1
14 13982 11 1
14 14014 7 2
14 14028 4 1
14 14033 5 1
14 14057 5 1
14 14075 5 1
14 14077 5 1
14 14092 5 1
14 14138 4 1
14 14140 5 1
14 15174 5 1
14 14241 9 1
14 14237 9 1
14 14335 8 1
14 14359 8 1
14 14357 2 1
14 14355 1 1
14 14343 7 2
14 14439 9 1
14 14388 8 1
14 14404 1 1
14 14391 2 1
14 14432 8 1
14 14431 1 1
14 14410 7 1
14 14468 8 1
14 14477 2 1
14 14487 8 1
14 14482 1 1
14 14462 2 1
14 14501 8 1
14 14515 2 1
14 14522 8 1
14 14545 8 1
14 14553 1 1
14 14531 2 1
14 14564 8 1
14 14578 8 1
14 14605 8 1
14 14624 8 1
14 14652 8 1
14 14670 8 1
14 14675 9 1
14 14723 7 1
14 14736 7 1
14 14768 1 1
14 14778 9 1
14 14880 1 1
14 14873 12 1
14 14891 12 1
14 14901 6 1
14 14912 6 1
14 14878 2 1
14 14930 12 1
14 14943 6 1
14 14966 6 1
14 14925 2 1
14 14969 12 1
14 14992 12 1
14 14988 6 1
14 15026 12 1
14 15007 12 1
14 15007 6 1
14 15042 12 1
14 15040 6 1
14 15067 12 1
14 15027 6 1
14 15062 6 1
14 15080 6 1
14 15093 6 1
14 15114 12 1
14 15128 11 1
14 15144 11 1
14 15152 11 1
14 16643 6 1
14 15169 11 1
14 15154 10 1
14 15183 11 1
14 15189 5 1
14 15186 11 1
14 15315 11 1
14 15203 11 1
14 15204 11 1
14 15230 5 1
14 15213 11 1
14 15232 4 1
14 15225 11 1
14 15205 5 1
14 15229 11 1
14 15247 5 1
14 15209 9 1
14 15260 5 1
14 15250 10 1
14 15280 4 1
14 15260 11 1
14 15273 5 1
14 15274 11 1
14 15276 11 1
14 15286 11 1
14 15296 5 1
14 15289 10 1
14 15314 5 1
14 15309 5 1
14 15313 11 1
14 15328 5 1
14 15331 11 1
14 15344 5 1
14 15348 5 1
14 15361 5 1
14 15341 10 1
14 15372 5 1
14 15375 11 1
14 15379 5 1
14 15388 5 1
14 15388 11 1
14 15391 11 1
14 15428 4 1
14 15412 11 1
14 15430 5 1
14 15421 11 1
14 15442 5 1
14 15460 5 1
14 15440 11 1
14 15451 5 1
14 15434 5 1
14 15487 4 1
14 15493 5 1
14 15502 5 1
14 15498 11 1
14 15516 5 1
14 15532 5 1
14 15514 11 1
14 15527 10 1
14 15634 9 1
14 16959 5 1
14 15753 2 1
14 15767 2 1
14 15808 2 1
14 15796 1 1
14 15840 1 1
14 15822 1 1
14 15863 1 1
14 15910 8 1
14 16950 5 1
14 15960 1 1
14 15935 8 1
14 15950 8 1
14 15976 8 1
14 15979 1 1
14 16979 5 1
14 15998 8 1
14 16022 1 1
14 16151 2 1
14 16026 8 1
14 16035 7 1
14 16144 1 1
14 16033 12 2
14 16075 8 1
14 16107 8 1
14 16112 8 1
14 16128 8 1
14 16134 8 1
14 16116 8 1
14 16137 4 1
14 16199 2 1
14 16155 4 1
14 16178 2 1
14 16211 8 1
14 16216 2 1
14 16238 2 1
14 16241 8 1
14 16247 1 1
14 16286 1 1
14 16323 2 1
14 16348 1 1
14 16368 2 1
14 16388 1 1
14 16467 9 1
14 16495 3 1
14 16427 2 1
14 16439 8 1
14 16442 2 1
14 16458 8 1
14 16485 1 1
14 16474 7 1
14 16536 9 1
14 16507 2 1
14 16571 1 1
14 17413 9 1
14 16668 12 1
14 16720 12 1
14 16687 1 1
14 16686 6 1
14 16685 12 1
14 17429 3 1
14 16699 12 1
14 16712 6 1
14 16967 5 1
14 16739 12 1
14 16760 12 1
14 16772 12 1
14 16807 11 1
14 16791 12 1
14 16797 1 1
14 16821 12 1
14 16835 11 1
14 16859 12 1
14 16846 11 1
14 16878 12 1
14 16856 11 1
14 16856 11 1
14 16897 12 1
14 16867 11 1
14 16867 11 1
14 16909 12 1
14 16880 11 1
14 16923 12 1
14 16890 11 1
14 17601 2 1
14 16940 12 1
14 16948 11 1
14 16940 11 1
14 16951 10 1
14 16986 5 1
14 16995 4 1
14 16980 10 1
14 17010 5 1
14 16997 11 1
14 17023 5 1
14 17036 5 1
14 17045 5 2
14 17051 5 1
14 17060 5 1
14 17063 5 1
14 17075 5 1
14 17091 5 1
14 17118 5 1
14 17112 11 1
14 17136 5 1
14 17125 11 1
14 17141 5 1
14 17138 11 1
14 17170 4 1
14 17156 5 1
14 17170 5 1
14 17187 5 1
14 17206 4 1
14 17190 11 2
14 17187 5 1
14 17203 5 1
14 17217 5 1
14 17256 5 1
14 17248 11 1
14 17449 9 1
14 17505 9 1
14 17538 8 1
14 17559 8 1
14 17587 8 1
14 17617 10 1
14 17607 1 1
14 17584 4 1
14 17625 1 1
14 17617 7 1
14 17645 8 1
14 17662 2 1
14 17659 8 1
14 17675 2 1
14 17687 8 1
14 17708 8 1
14 17712 1 1
14 17704 7 1
14 17698 2 1
14 17724 7 1
14 17742 1 1
14 17748 7 1
14 17784 8 1
14 17778 1 1
14 17770 2 1
14 17799 8 1
14 17798 1 1
14 17820 2 1
14 17840 8 1
14 17825 2 2
14 17855 8 1
14 17872 8 1
14 17860 1 1
14 17885 8 1
14 17908 8 1
14 17885 2 1
14 17926 8 1
14 17941 2 1