0 27 778 1
1 38 796 1
2 27 277 1
3 7 20 1
4 21 90 1
5 7 63 1
5 6 1 1
2 8 20 1
4 23 109 1
2 8 29 1
5 6 50 1
9 10 36 1
5 7 203 1
11 21 110 1
4 23 123 2
12 13 65 1
14 15 64 1
2 27 296 1
16 18 77 2
17 22 92 1
4 21 130 1
11 19 81 1
14 23 141 1
20 21 1016 1
17 22 109 2
14 23 165 1
4 21 167 1
11 19 109 1
14 15 110 1
17 22 141 1
24 25 172 1
14 23 190 1
14 23 207 1
17 22 149 2
17 22 167 1
20 21 1027 1
14 23 232 1
24 25 184 1
24 25 203 1
17 22 193 1
17 22 200 1
2 8 217 1
14 26 243 1
14 23 284 1
24 25 263 1
5 7 300 1
14 23 305 1
14 23 324 1
24 25 288 1
28 30 286 2
29 7 327 1
29 27 359 1
31 26 337 1
31 32 316 1
14 23 361 1
20 33 337 1
20 33 338 1
24 25 346 1
20 33 348 1
20 7 1043 1
20 33 740 1
14 23 412 1
14 23 450 1
14 15 527 1
4 7 540 1
24 25 542 1
17 22 521 1
12 23 592 1
29 27 655 1
24 25 647 1
4 21 684 1
24 25 681 1
29 7 788 1
24 25 793 1
34 23 787 1
34 22 743 1
34 22 748 2
20 33 770 1
34 23 814 1
34 22 763 1
1 27 830 1
34 23 835 1
20 33 795 1
34 22 787 1
35 38 800 1
1 27 852 1
36 40 842 1
37 27 807 1
1 33 817 1
24 25 882 1
29 72 1625 1
34 22 807 1
36 23 867 1
34 22 821 2
1 27 875 1
20 21 1048 1
14 15 828 1
36 23 893 1
1 27 894 1
34 22 848 1
39 23 856 1
14 15 847 1
36 23 920 1
34 22 864 1
29 8 867 1
14 15 869 1
29 8 889 1
14 15 890 1
24 25 899 1
29 8 907 1
29 8 911 1
24 25 941 1
41 26 1001 1
34 42 1007 1
24 26 1018 1
34 42 1024 1
17 22 991 1
20 21 1061 1
34 42 1035 1
24 26 1038 1
20 21 1070 1
17 42 1059 1
24 26 1062 1
20 7 1078 1
17 42 1071 2
17 23 1942 1
20 23 1095 1
24 26 1083 1
20 21 1096 1
24 48 1089 1
20 21 1117 1
43 45 1069 2
44 21 1107 1
20 51 1101 1
24 26 1118 1
46 26 1503 1
47 49 1098 1
20 7 1128 1
20 21 1130 1
50 18 1106 1
20 33 1110 1
20 21 1146 1
20 21 1140 1
16 7 1112 1
52 21 1111 1
52 21 1113 1
20 21 1167 1
20 21 1170 1
41 26 1163 1
20 23 1200 1
1 27 1940 1
24 26 1187 1
44 7 1200 1
53 7 1208 1
29 8 1203 1
11 19 1208 1
29 8 1205 1
4 21 1486 1
20 40 1278 1
20 45 1233 2
44 21 1250 1
44 33 1240 1
44 55 1242 1
54 56 1243 1
54 60 1258 1
54 60 1260 1
57 62 1270 1
58 59 1256 1
57 60 1265 1
20 21 1291 1
39 40 1279 1
61 62 1272 1
39 23 1291 1
63 40 1291 1
64 23 1300 1
65 66 1282 1
20 23 1353 1
20 21 1360 1
20 21 1376 1
29 8 1361 1
34 42 1376 1
24 26 1406 1
11 19 1422 1
14 15 1425 1
4 21 1521 1
67 68 1487 1
24 48 1537 1
20 7 2230 1
20 82 1934 1
14 23 1615 1
20 33 1592 1
14 23 1640 1
29 7 1640 1
29 6 1608 1
14 23 1660 1
29 7 1666 1
69 70 1615 2
71 27 1650 1
29 6 1629 1
12 23 1687 1
14 23 1698 1
29 7 1687 1
29 6 1656 1
20 33 1652 1
14 23 1713 1
29 7 1701 1
20 33 1662 1
29 48 1739 1
12 23 1727 1
20 33 1686 1
20 33 1692 1
29 7 1729 1
31 26 1718 1
14 15 1694 1
14 23 1755 1
29 27 1756 1
14 15 1707 1
29 21 1757 1
4 76 1754 1
73 74 1728 1
29 27 1800 1
75 23 1777 1
61 77 1762 1
20 33 1781 1
29 7 1823 1
29 7 1856 1
20 33 1829 1
29 6 1833 2
4 78 1833 1
4 21 2701 1
5 7 1868 2
20 33 1862 1
79 80 1865 1
1 81 1881 1
52 7 1878 2
1 27 1958 1
20 33 1893 1
29 7 1955 1
36 84 1946 1
1 38 1966 1
11 19 1934 1
20 21 2238 1
36 23 2003 1
24 25 1946 1
1 30 1982 1
83 23 1964 1
11 19 1956 1
20 55 1957 1
36 23 2023 1
35 38 1968 1
24 25 1969 1
37 27 1977 1
11 19 1974 1
85 27 2000 1
36 23 2043 1
24 25 1989 1
11 19 1995 1
36 23 2058 1
20 33 2022 1
39 40 2026 1
20 33 2035 1
36 86 2066 2
20 33 2041 1
24 25 2038 2
36 23 2118 1
17 42 2126 1
24 26 2120 1
34 23 2136 1
61 66 2098 1
61 66 2093 1
24 26 2145 1
36 23 2158 1
65 23 2105 1
24 25 2115 1
87 48 2150 1
41 26 2174 1
36 84 2169 1
29 8 2447 1
83 23 2198 1
41 88 2206 1
14 15 2177 1
20 90 2218 1
20 33 2181 1
89 48 2209 1
20 21 2259 1
14 15 2216 1
41 26 2243 1
14 26 2280 1
20 21 2275 1
20 90 2241 1
20 33 2232 1
20 21 2283 1
43 21 2267 1
20 7 2302 1
20 21 2298 1
52 21 2261 1
29 8 2449 1
20 7 2317 1
75 91 2281 1
20 21 2323 1
20 21 2369 2
20 33 2319 1
44 21 2350 1
53 56 2327 1
20 21 2373 1
53 7 2382 1
20 92 2356 1
20 7 2398 1
44 82 2355 1
44 82 2356 1
93 94 2362 1
43 45 2364 1
43 45 2363 1
43 45 2364 1
43 97 2368 1
95 98 2370 1
96 86 2369 1
20 21 2401 1
71 86 2370 1
69 70 2374 1
50 70 2373 1
50 99 2374 1
16 18 2375 1
79 80 2377 1
100 21 2387 1
20 23 2431 1
1 21 2419 1
20 21 2434 1
1 81 2479 1
34 49 2426 1
20 21 2443 1
101 18 2456 2
20 21 2473 1
14 23 2722 1
29 27 2840 1
2 27 2817 1
100 102 2466 2
16 18 2469 2
20 21 2497 1
0 27 3322 1
20 21 2508 1
20 7 2535 1
41 26 2541 1
20 21 2558 1
41 26 2558 1
20 90 2560 1
20 7 2585 2
41 88 2626 1
87 48 2652 1
14 15 2655 1
14 23 2733 1
4 103 2665 1
14 15 2672 1
31 42 2731 1
104 105 2715 2
4 23 2786 1
2 8 2754 1
31 105 2761 1
106 42 2773 1
14 107 2783 1
31 105 2791 1
12 23 2830 1
20 21 3597 1
29 7 2829 1
106 26 2802 1
29 30 2862 1
20 82 3273 1
14 105 2848 1
14 15 2836 1
29 7 2883 1
14 15 2844 1
31 105 2863 2
106 26 2859 1
17 22 2923 1
4 23 2905 1
14 15 2859 1
104 26 2872 1
28 27 2873 1
20 7 3616 1
34 22 2977 1
34 22 3066 1
34 22 3202 1
29 7 3321 1
34 22 3232 1
34 22 3239 1
34 22 3248 1
34 22 3264 1
44 92 3294 1
34 22 3273 1
36 23 3328 1
20 33 3270 1
1 27 3341 1
34 22 3289 1
44 82 3280 1
101 33 3293 1
36 23 3350 1
34 22 3428 1
44 82 3325 1
24 25 3294 1
24 25 3326 1
36 23 3368 1
20 33 3311 1
1 27 3368 1
44 21 3601 1
36 108 3384 1
24 25 3332 1
101 33 3330 1
1 48 3385 1
29 7 3405 1
44 55 3348 1
44 82 3344 1
36 23 3411 1
36 23 3444 1
24 25 3387 1
29 7 3463 1
36 23 3462 1
24 25 3415 1
29 7 3501 1
34 42 3490 1
36 23 3495 1
14 107 3436 1
24 25 3436 1
14 107 3442 1
24 26 3497 1
29 8 3453 1
34 23 3516 1
87 88 3459 2
29 8 3465 1
17 42 3512 1
29 7 3526 1
24 48 3506 1
24 26 3537 1
34 42 3535 1
29 27 4202 1
47 109 3539 1
41 48 3553 1
17 42 3566 1
17 42 3576 1
41 26 3590 1
24 111 3576 2
17 42 3593 1
11 19 3561 1
20 21 3626 1
14 107 3569 1
4 78 3570 1
4 78 3575 1
110 112 3584 1
24 48 3608 1
14 107 3583 1
4 78 3584 1
4 78 3592 1
106 26 3589 1
20 7 3652 1
101 21 3647 1
4 113 3604 1
41 26 3634 1
89 48 3610 1
100 7 3612 2
41 26 3647 1
20 21 3672 1
36 23 4485 1
20 21 3675 1
20 21 3689 1
1 27 4466 1
20 7 3698 1
20 23 3733 1
1 27 4488 1
20 7 3723 1
20 21 3746 1
20 7 3765 1
41 26 3778 1
44 114 3782 1
17 42 3805 1
17 49 3815 1
53 90 3844 1
53 115 3846 1
116 60 3858 1
58 117 3864 1
58 59 3863 1
64 62 3873 1
17 42 3897 1
20 114 3927 1
20 33 3911 1
44 21 3935 1
20 21 4744 1
4 21 4085 1
4 23 4082 1
14 26 4061 1
11 19 4030 1
14 15 4032 1
11 21 4102 1
11 19 4037 1
41 88 4182 1
14 26 4087 2
41 88 4043 2
41 88 4051 1
20 55 4162 1
14 23 4121 1
24 25 4073 1
14 15 4074 1
14 23 4141 1
14 15 4112 1
12 23 4165 1
29 8 4140 1
14 15 4141 1
29 27 4219 1
12 23 4191 1
20 114 4749 1
41 25 4190 1
31 120 4192 1
2 8 4182 1
14 15 4177 1
41 25 4422 1
118 119 4191 1
29 114 4239 1
121 26 4201 1
31 42 4232 1
14 26 4246 1
29 27 4285 1
14 15 4224 1
37 122 4226 1
52 21 4242 1
52 7 4240 1
31 42 4267 1
14 15 4245 1
29 70 4281 1
14 26 4304 1
69 27 4308 1
14 23 4330 1
29 7 4323 1
29 27 4349 1
24 88 4429 2
29 7 4498 1
36 23 4510 1
41 25 4446 1
31 120 4475 1
1 27 4513 1
41 40 4511 1
24 25 4448 1
14 15 4462 1
4 103 4459 1
24 88 4474 2
34 22 4470 1
1 27 4538 1
104 26 4494 1
14 125 5183 1
36 23 4544 1
41 88 4496 1
34 22 4493 1
83 40 4497 1
1 27 4556 1
41 88 4498 2
36 108 4500 1
41 88 4510 2
39 66 4520 1
41 88 4512 2
69 77 4540 1
35 30 4527 2
65 23 4526 1
36 84 4551 1
24 88 4538 2
34 22 4519 1
1 27 4587 1
1 125 4575 1
36 23 4606 1
39 123 4548 1
41 88 4554 2
34 22 4545 1
83 23 4576 1
124 27 4554 1
41 88 4557 2
41 23 4620 1
41 88 4582 2
29 8 4593 1
85 27 4600 1
36 23 4647 1
34 88 4650 2
24 25 4591 1
2 129 4950 1
5 7 4670 1
29 8 5164 1
41 26 4721 2
17 42 4730 1
2 8 4824 1
20 114 4760 1
24 26 4748 2
47 42 4747 2
20 21 4776 1
17 42 4768 1
44 126 4751 1
24 26 4780 1
17 42 4784 1
20 18 4797 1
52 21 4751 1
24 26 4799 1
101 21 4806 1
17 42 4796 1
20 21 4819 1
3 127 4769 1
79 80 4774 1
100 7 4773 1
52 7 4775 1
17 42 4807 1
17 42 4817 1
20 23 4842 1
20 7 4859 1
34 42 4844 1
17 108 4827 1
2 8 4872 1
20 7 4873 1
34 108 4833 1
36 108 4857 1
20 7 4894 1
36 108 4871 1
128 129 4869 1
29 6 4882 1
20 7 4912 1
36 108 4882 1
5 6 4883 1
2 8 4902 1
36 108 4904 1
20 21 4930 1
130 131 4896 1
128 129 4894 1
128 129 4898 1
2 8 4901 1
36 108 4948 1
20 7 4946 1
2 8 4911 1
2 8 4920 1
2 129 4921 1
2 8 4964 1
2 129 4935 1
20 70 4962 1
128 129 4962 1
20 80 4968 1
36 108 4994 1
128 27 5209 1
2 8 4963 1
16 7 4974 1
1 27 5532 1
16 114 4969 2
2 129 4972 1
20 114 4993 1
2 8 4986 1
2 8 4984 1
2 8 5060 1
2 8 5002 1
36 108 5001 1
36 108 5022 1
128 129 5012 1
2 8 5012 1
20 23 5062 1
2 8 5018 1
36 108 5031 1
2 8 5033 1
20 33 5053 1
44 21 5078 1
2 8 5063 1
2 72 5209 1
2 8 5072 1
36 108 5077 1
44 114 5093 1
36 108 5094 1
128 129 5092 1
2 8 5113 1
128 129 5122 1
36 108 5121 1
128 129 5141 1
20 33 5321 1
128 129 5150 1
36 108 5166 1
2 8 5165 1
20 33 5165 1
20 82 5471 1
36 108 5174 1
14 23 5240 1
29 27 5256 1
36 108 5218 1
85 23 5222 1
14 26 5232 1
71 27 5231 1
14 15 5206 1
29 27 5284 1
14 26 5250 1
20 82 5247 1
14 15 5225 1
29 7 5269 1
24 27 5304 1
36 108 5301 1
104 105 5236 2
14 23 5297 1
53 115 5272 1
29 7 5306 1
53 115 5264 1
53 90 5277 1
14 15 5282 1
31 26 5301 1
29 7 5328 1
53 90 5294 1
29 6 5298 1
20 33 5296 1
53 90 5316 1
101 33 5515 1
29 7 5340 1
53 115 5309 1
31 26 5329 1
14 23 5358 1
36 108 5310 1
36 108 5316 1
29 27 5369 1
36 108 5333 1
31 26 5361 1
24 88 5372 1
14 23 5397 1
36 108 5360 1
53 90 5357 1
14 15 5351 1
17 22 5356 1
29 27 5404 1
53 115 5383 1
53 90 5383 1
41 48 5449 1
36 108 5394 1
31 26 5416 1
53 90 5402 1
53 90 5394 2
14 26 5434 1
53 90 5406 1
36 108 5426 1
53 90 5434 1
53 90 5416 2
17 22 5420 1
53 90 5432 2
53 90 5441 1
36 23 5526 1
24 25 5514 1
53 90 5454 2
29 7 5513 1
53 90 5488 1
53 115 5476 1
29 8 5467 1
53 132 5476 1
1 27 5553 1
53 115 5481 1
36 23 5548 1
44 132 5532 1
53 115 5504 1
44 132 5523 1
1 27 5566 1
53 115 5512 1
24 25 5519 2
36 84 5554 1
20 33 5648 1
4 103 5534 1
24 25 5580 1
53 115 5525 1
44 132 5546 1
1 27 5586 1
53 132 5579 1
14 103 5553 1
36 23 5604 1
53 115 5546 1
85 133 5543 2
1 133 5584 1
53 132 5572 1
35 38 5558 1
4 103 5568 1
53 132 5566 1
83 23 5582 1
36 23 5630 1
1 133 5593 1
53 90 5568 1
53 132 5605 1
134 86 5573 1
53 132 5592 1
14 103 5586 1
36 23 5643 1
24 25 5755 1
35 27 5601 1
1 27 5658 1
14 103 5601 1
53 132 5678 1
53 115 5597 1
36 23 5653 1
35 27 5619 1
1 133 5638 1
53 115 5607 1
53 132 5620 1
53 115 5621 1
4 103 5617 1
1 125 5648 1
53 132 5634 1
53 132 5628 2
11 19 5628 1
4 15 5945 1
4 78 6279 1
53 132 5643 1
124 27 5643 1
35 27 5657 1
1 27 5696 1
53 115 5658 1
53 90 5650 1
20 33 5669 1
35 27 5674 1
1 133 5694 1
124 27 5667 1
53 90 5669 1
20 114 5762 1
53 132 5682 1
44 132 5704 1
53 132 5687 2
124 27 5698 1
53 115 5697 1
85 27 5723 1
93 114 5742 1
53 90 5772 1
124 27 5722 1
20 56 5749 1
20 21 5782 1
1 27 6557 1
29 21 5975 1
43 126 5738 1
96 72 5749 1
101 114 5793 1
20 92 5753 1
16 18 5756 2
43 21 5790 1
41 26 5803 1
135 114 5763 1
20 21 5816 1
29 8 5767 1
17 42 5811 1
128 129 5776 1
36 42 5823 1
20 114 5819 1
29 8 5787 1
34 42 5862 2
24 26 5831 1
20 7 5838 1
29 8 5800 1
17 22 5846 1
24 48 5835 1
2 8 5811 1
20 23 5869 1
20 21 5853 1
24 26 5859 1
29 8 5827 1
34 108 5903 1
29 8 5885 1
41 111 5861 1
20 21 5880 1
20 114 5894 1
41 26 5895 1
136 112 5865 1
24 26 5907 1
20 21 5925 1
29 8 5908 1
34 137 5922 1
34 108 6365 1
29 8 5914 1
41 48 5945 1
36 108 5916 2
29 8 5926 1
124 27 5942 1
138 140 5957 2
138 139 5946 1
14 15 6100 1
29 7 6051 1
141 7 5980 1
1 81 6021 1
1 81 6046 1
1 81 6062 1
1 81 6116 1
29 7 6219 1
14 15 6106 1
14 15 6219 1
41 26 6138 1
1 27 6582 1
20 7 6154 1
34 137 6152 1
34 42 6178 1
20 23 6231 1
29 8 6373 1
20 21 6858 1
14 23 6304 1
4 114 6288 1
4 125 6260 1
14 23 6322 1
20 55 6290 1
14 23 6343 1
20 114 6862 1
14 23 6360 1
20 33 6426 1
41 48 6380 1
2 129 6382 1
2 8 6359 1
128 72 6392 1
14 23 6425 1
14 15 6377 1
128 72 6407 1
34 108 6409 1
71 27 6412 1
29 7 6434 1
71 27 6426 1
14 23 6457 1
34 108 6416 1
20 33 6441 1
20 33 6472 1
31 26 6489 1
20 33 6481 1
20 33 6492 1
20 33 6719 1
36 23 6573 1
29 7 6608 1
24 25 6524 1
36 23 6586 1
24 25 6529 1
24 25 6542 1
14 26 6573 1
1 27 6601 1
36 23 6609 1
1 27 6614 1
36 23 6624 1
24 25 6574 1
1 30 6631 1
36 23 6653 1
24 25 6599 1
29 8 7429 1
24 25 6606 1
83 84 6603 1
1 27 6663 1
36 23 6676 1
1 27 6678 1
35 27 6643 1
36 84 6669 1
11 19 6650 1
85 30 6652 2
35 38 6653 2
11 19 6663 1
36 108 6659 1
69 84 6661 1
36 142 6663 1
83 23 6699 1
16 23 6719 1
11 19 6674 1
36 23 6738 1
2 8 6680 1
5 7 6754 1
36 40 6768 1
24 25 6734 1
20 33 6766 1
36 18 6737 2
17 22 6794 1
24 26 6793 1
69 84 6762 1
39 23 6783 1
24 25 6762 1
34 42 6810 1
39 66 6778 1
20 33 6778 1
41 26 6819 1
65 66 6772 1
17 42 6818 1
101 33 6801 1
24 26 6834 1
17 42 6836 1
24 26 6844 1
101 114 6884 1
34 84 7782 1
20 7 6871 1
34 49 6856 1
20 21 6895 1
34 108 6847 2
101 114 6899 1
135 21 6864 1
2 8 6871 1
2 8 6884 1
20 21 6920 1
53 132 6888 1
69 70 6892 2
54 21 6922 1
135 114 6897 1
20 21 6938 1
20 7 6956 1
20 114 6963 1
2 8 6944 1
20 114 6978 1
20 55 6946 1
2 8 6948 1
44 114 6984 1
20 114 6998 1
20 21 7001 1
2 8 7000 1
20 21 7026 1
20 21 7019 1
20 132 7018 1
20 21 7052 1
143 114 7042 1
20 7 7065 1
20 21 7067 1
20 21 7080 1
2 8 7042 1
2 8 7053 1
2 8 7082 1
20 21 7104 1
20 21 7123 1
1 27 7777 1
20 7 7137 1
2 8 7153 1
20 140 7157 1
20 33 7136 1
44 114 7166 1
20 7 7184 1
24 26 7174 1
50 21 7164 1
2 8 7221 1
20 7 7205 1
1 81 7188 1
20 7 7220 1
1 81 7205 1
41 111 7228 1
1 81 7226 1
2 8 7245 1
121 26 7236 1
1 81 7240 1
1 81 7246 1
2 8 7256 1
1 81 7252 1
1 81 7608 1
2 8 7272 1
20 115 7304 1
4 78 7263 1
4 21 7324 1
14 107 7286 1
2 8 7276 1
53 132 7312 1
2 8 7287 1
12 23 7358 1
12 13 7288 1
41 48 7321 1
4 21 7348 1
4 23 7370 1
2 8 7305 1
44 145 7771 1
53 90 7318 1
11 19 7321 1
4 144 7342 1
14 23 7382 1
2 8 7342 1
4 113 7323 1
53 90 7333 1
9 30 7331 1
53 90 7604 1
14 15 7367 2
28 21 7369 1
2 8 7368 1
14 15 7417 1
43 23 7399 1
2 8 7374 1
24 48 7415 1
2 8 7407 1
14 13 7401 2
53 145 7397 1
12 23 7446 1
2 8 7412 1
2 8 7430 1
73 23 7465 1
2 129 7442 1
29 8 7455 1
14 23 7483 1
118 27 7484 1
2 7 7490 1
85 125 7452 2
29 27 7531 1
5 140 7462 1
29 8 7535 1
2 8 7495 1
29 7 7548 1
31 120 7509 1
29 6 7514 1
121 26 7522 1
29 7 7570 1
17 22 7977 1
146 27 7544 1
29 27 7597 1
53 145 7546 1
29 21 7603 1
29 8 7597 1
2 7 7628 1
29 48 7649 1
3 140 7604 1
1 81 7708 1
53 90 7654 1
20 21 8104 1
29 7 7685 1
53 90 7675 1
44 132 7676 1
44 132 7692 1
53 90 7714 1
1 81 7714 1
53 145 7734 1
1 81 7724 1
44 132 7724 1
1 133 7786 1
44 145 7826 1
36 23 7825 1
14 15 7872 1
1 27 7830 1
53 145 7789 1
36 23 7846 1
83 23 7802 1
20 33 7796 1
29 114 7842 1
1 27 7845 1
44 132 7809 1
85 27 7813 1
36 23 7860 1
20 33 7817 1
44 132 7835 1
31 26 7837 1
1 27 7869 1
36 23 7879 1
35 30 7812 2
20 33 7894 1
53 145 7932 1
36 23 7898 1
44 21 8089 1
52 21 7845 1
36 23 7915 1
14 26 7884 1
29 27 8716 1
36 23 7929 1
50 99 7869 1
69 70 7876 1
14 15 7875 1
36 77 7936 1
1 114 8161 1
83 77 7889 1
5 7 7975 1
36 23 7968 1
147 23 7953 1
24 26 7986 1
17 42 7991 1
36 23 8003 1
29 8 7954 1
24 26 8000 1
29 8 8674 1
1 81 8492 1
17 42 8008 1
53 90 7977 1
14 15 7969 1
36 23 8025 1
14 15 7978 1
17 42 8020 1
24 26 8018 1
53 90 7981 1
53 90 7990 1
53 145 8002 1
34 42 8035 1
41 48 8033 1
53 145 8010 1
24 26 8056 1
53 145 8034 1
44 132 8023 1
36 108 8031 1
14 15 8028 1
34 148 8039 2
41 26 8071 1
36 108 8045 1
47 42 8061 1
17 42 8076 2
43 21 8084 1
36 108 8059 1
35 149 8053 2
44 114 8100 1
24 26 8098 2
14 15 8066 1
17 22 8065 1
17 42 8090 1
36 108 8132 1
47 144 8073 1
20 7 8123 1
24 26 8114 1
20 114 8119 1
20 7 8146 1
41 26 8125 1
24 26 8132 1
93 21 8139 1
135 7 8121 1
0 150 8497 1
20 23 8202 1
36 108 8142 1
20 114 8182 1
20 21 8199 1
36 108 8156 1
36 108 8259 1
20 33 8163 1
44 108 8196 1
20 140 8202 1
11 19 8175 1
20 114 8210 1
11 19 8183 1
14 23 8565 1
4 21 8550 1
20 21 8235 1
100 142 8205 1
20 55 8217 2
20 21 8258 2
101 55 8213 1
53 90 8217 1
41 26 8260 1
20 7 8288 1
41 26 8268 1
20 23 8318 1
36 42 8322 1
44 114 8299 1
20 7 8334 1
50 18 8296 1
41 48 8322 1
36 42 8392 1
20 21 8344 1
44 51 8335 1
41 27 8357 1
0 150 8338 1
20 7 8368 1
44 21 8357 1
138 7 8348 1
89 48 8349 1
41 26 8388 1
20 21 8399 1
36 108 8383 1
36 108 8432 1
41 26 8421 1
20 7 8458 1
36 108 8462 1
36 108 8482 1
0 27 9002 1
36 108 8504 1
1 81 8853 1
20 33 9257 1
24 25 8502 1
11 19 8511 1
24 25 8950 2
4 114 8569 1
36 108 8592 1
44 82 8532 1
14 23 8587 1
9 10 8521 1
35 149 8528 1
11 19 8537 1
14 23 8600 1
4 114 8590 1
44 132 8554 1
11 19 8542 1
14 15 8547 1
24 25 8549 1
14 23 8620 1
44 132 8576 1
44 132 8596 1
14 23 8641 1
135 21 8591 1
44 132 8622 1
14 76 8644 1
43 97 8612 1
44 132 8633 1
14 76 8666 2
44 132 8645 1
75 77 8649 1
134 86 8649 1
61 123 8656 1
44 132 8654 1
147 23 8665 1
14 23 8705 1
44 132 8661 1
75 23 8690 1
44 132 8693 1
2 27 8730 1
29 7 8732 1
36 108 8702 2
44 132 8822 1
36 108 8717 1
29 8 8721 1
2 27 8762 1
14 15 8721 1
31 151 8728 1
36 108 8729 2
29 7 8770 1
152 26 8739 1
36 108 8753 1
31 26 8768 1
5 140 8744 1
14 15 8744 1
29 7 8803 1
29 8 8766 1
29 27 8834 1
29 140 8822 1
36 108 8832 1
5 7 8852 1
29 7 8865 1
44 132 8828 1
29 6 8835 1
44 132 8852 1
36 108 8842 2
29 21 8885 1
36 108 8863 1
1 27 9024 1
29 70 8890 1
44 132 8877 1
36 108 8881 2
44 132 8881 1
29 7 8914 1
69 27 8917 1
44 132 8897 1
36 108 8905 1
44 132 8922 1
29 8 9538 1
44 132 8940 1
24 26 9184 2
36 23 9026 1
29 8 9880 1
24 25 8964 1
44 132 8977 1
34 23 9062 1
1 38 9039 1
44 132 9001 1
24 25 9002 1
20 33 9005 2
35 38 9010 2
36 108 9007 1
44 132 9027 1
20 33 9019 2
36 23 9079 1
1 133 9043 1
20 33 9049 2
36 23 9101 1
35 149 9031 2
44 82 9199 1
146 27 9048 1
36 23 9114 1
35 48 9061 1
24 25 9050 1
20 33 9058 2
4 15 9064 1
20 33 9081 2
36 23 9136 1
44 132 9061 1
14 23 9900 1
44 132 9082 1
36 77 9132 1
20 33 9122 2
36 23 9174 1
24 25 9115 1
17 86 9156 1
147 23 9150 1
20 33 9149 2
34 42 9191 1
36 23 9204 1
153 154 9147 1
17 42 9201 1
20 33 9171 2
134 23 9184 1
36 23 9222 1
24 48 9188 1
1 27 10415 1
17 42 9216 1
36 77 9221 1
89 48 9185 1
20 33 9187 2
24 26 9232 1
34 133 9210 1
20 33 9265 2
36 23 9261 1
41 88 9198 1
44 82 9206 1
1 27 10448 1
34 42 9246 1
24 48 9239 1
83 23 9238 1
155 42 9228 1
44 132 9236 1
47 42 9268 1
44 21 9297 1
87 48 9258 1
44 132 9252 1
41 48 9286 1
53 7 9319 1
20 55 9271 1
20 33 9276 1
41 26 9300 1
20 21 9364 2
20 21 9334 1
46 23 9543 1
20 33 9297 1
53 145 9304 2
44 21 9343 1
53 56 9310 1
20 70 9362 1
20 82 9331 1
135 114 9330 2
17 42 9350 1
44 21 9363 1
24 48 9359 1
20 21 9374 1
0 150 9340 1
17 42 9379 1
20 21 9404 1
20 21 9396 1
69 7 9383 1
16 21 9374 2
20 7 9415 1
41 26 9399 1
20 21 9418 1
20 114 9436 1
41 26 9433 1
20 145 9428 1
20 21 9456 1
54 123 9463 1
57 60 9438 1
39 23 9475 1
20 114 9499 1
20 114 9494 1
87 26 9498 1
11 19 9498 1
135 21 9495 1
20 114 9538 1
11 19 9523 1
101 18 9544 2
44 21 9553 1
156 26 9772 1
2 72 9898 1
20 21 9575 1
11 19 9565 1
11 19 9621 1
20 114 9654 1
11 19 9642 1
41 26 9663 1
11 19 9652 1
34 42 9685 1
11 19 9717 1
4 21 9778 1
124 27 9723 1
20 145 10661 1
11 19 9751 1
4 21 9798 1
41 48 9797 1
17 22 9782 1
52 21 9777 1
24 25 9791 1
14 23 9914 1
14 15 9848 1
20 132 10474 1
14 23 9933 1
20 55 9977 1
14 15 9870 1
2 8 9874 1
2 27 9945 1
2 8 9888 1
14 23 9950 1
29 6 9901 1
29 7 9936 1
71 27 9928 1
29 6 9957 1
14 15 9941 1
24 25 9933 1
29 8 9951 1
14 23 9992 1
2 7 9980 1
20 55 9984 1
29 7 10001 1
4 23 10015 1
29 7 10022 1
20 55 10437 1
20 55 9995 1
20 55 10012 1
24 25 9999 1
14 26 10033 1
14 15 10008 1
29 8 10020 1
20 55 10043 1
2 27 10077 1
31 26 10050 1
14 15 10025 1
29 140 10047 1
11 19 10043 1
104 151 10036 2
4 107 10051 2
14 77 10084 1
138 7 10070 1
20 55 10045 1
4 21 10326 1
29 8 10066 1
24 25 10066 1
2 27 10111 1
20 55 10065 1
14 23 10123 1
14 15 10070 1
29 7 10118 1
75 86 10076 1
14 23 10139 1
147 23 10095 1
29 7 10134 1
46 26 10172 1
24 25 10100 1
14 23 10154 1
29 27 10157 1
29 7 10164 1
24 25 10135 1
29 27 10191 1
24 25 10150 1
20 55 10154 1
29 157 10211 1
2 7 10204 1
4 21 10339 1
14 23 10231 1
29 7 10248 1
71 27 10229 1
29 8 10242 1
2 70 10257 1
29 27 10307 1
69 27 10286 1
24 25 10271 1
20 55 10274 1
20 55 10292 1
24 25 10290 1
20 55 10307 1
24 25 10338 1
20 55 10328 1
20 55 10359 1
46 158 10686 1
4 103 11318 1
36 23 10432 1
36 23 10441 1
24 25 10395 1
20 55 10395 1
29 8 11272 1
36 23 10463 1
1 125 10456 1
24 25 10416 1
17 22 10409 1
20 55 10425 1
36 23 10485 1
24 25 10436 1
17 22 10431 1
1 27 10496 1
4 103 10438 2
20 55 10447 1
156 158 10447 1
20 55 10470 1
24 25 10460 1
36 23 10510 1
17 22 10443 1
1 122 10512 1
85 27 10481 1
50 70 10461 2
36 66 10534 1
24 25 10482 1
20 55 10503 1
17 22 10468 1
20 55 10473 1
1 122 10539 1
53 132 10496 1
4 103 10479 1
14 26 10527 1
35 38 10490 1
36 23 10550 1
20 55 10493 1
14 32 10494 2
14 15 10491 1
85 133 10491 1
1 27 10564 1
24 25 10493 1
159 132 10534 1
20 55 10510 1
35 149 10504 1
4 103 10516 2
36 23 10568 1
24 25 10519 1
20 160 10537 1
37 27 10522 1
17 22 10513 1
1 27 10588 1
37 122 10517 1
36 23 10584 1
24 25 10534 1
1 122 10588 2
35 149 10531 1
4 103 10536 2
37 27 10549 1
159 132 10542 1
36 77 10577 1
24 25 10550 1
20 161 10543 1
35 149 10543 1
20 21 10726 1
20 161 10562 1
36 23 10616 1
85 133 10557 2
24 25 10571 1
159 21 10707 1
4 103 10582 2
37 162 10583 1
83 23 10596 1
36 23 10643 1
24 25 10596 1
156 158 10586 1
17 22 10583 1
89 27 10589 1
17 22 10587 1
2 8 10671 1
89 48 10592 1
156 158 10597 1
36 84 10642 1
124 27 10602 1
24 25 10612 1
17 22 10606 1
36 66 10680 1
24 25 10624 1
36 142 10635 1
24 25 10647 1
17 22 10642 1
36 23 10702 1
83 23 10668 1
5 140 10800 1
69 70 10651 1
41 26 10707 1
34 42 10709 2
54 21 10722 1
36 148 10774 1
47 148 10670 1
20 21 10739 1
24 25 10678 1
24 26 10722 1
156 42 11199 1
17 42 10731 1
101 21 10746 1
20 7 10753 1
24 26 10742 1
101 21 10764 1
17 42 10751 1
1 27 11856 1
24 26 10757 1
17 42 10760 1
11 27 10739 1
20 21 10777 1
20 7 10785 1
0 33 10736 1
4 78 10742 1
24 26 10774 1
4 21 11201 1
17 42 10784 1
20 90 10765 1
20 55 10760 2
17 22 10765 1
20 139 10796 2
53 7 10804 1
101 21 10809 1
24 26 10800 1
36 108 11612 1
163 42 10800 1
20 114 10820 1
24 26 10811 1
17 42 10817 1
44 7 10832 1
96 114 10806 2
101 21 10839 1
3 7 11139 1
24 88 10811 1
41 26 10841 2
20 70 10845 1
17 137 10849 1
20 7 10861 1
20 164 10870 1
17 42 10868 1
20 33 10843 1
44 114 10874 1
20 21 10890 1
100 114 10855 1
20 7 10907 1
41 26 10888 1
20 21 10918 1
34 137 10907 1
1 81 11099 1
20 21 10937 1
2 8 10907 1
20 21 10955 1
20 114 10948 1
2 8 10935 1
20 114 10959 1
41 26 10958 1
20 99 10962 1
2 8 10942 1
20 51 10960 1
2 8 11064 1
96 7 10973 1
20 7 10993 1
79 164 10969 1
20 21 11035 1
20 21 11053 1
20 114 11058 1
20 7 11068 1
24 26 11077 1
24 26 11084 1
2 27 11362 1
20 90 11284 1
1 27 11880 1
20 92 11850 1
4 103 11151 1
11 19 11178 1
4 21 11229 1
17 25 11795 1
17 22 11217 2
14 13 11266 1
54 56 11260 1
12 23 11330 1
31 42 11313 1
14 15 11288 1
53 90 12022 1
29 7 11344 1
14 15 11317 1
14 13 11355 1
29 114 11373 1
14 15 11337 2
71 72 11339 1
14 15 11355 1
73 26 11387 2
29 8 11373 1
2 7 11414 1
29 6 11380 1
14 105 11394 1
106 120 11378 1
5 7 11423 1
104 26 11413 1
14 26 11426 1
29 27 11453 1
14 26 11447 1
29 6 11434 1
52 7 11428 1
14 23 11477 1
5 7 11472 1
29 8 11447 1
14 23 11504 1
2 27 11491 1
14 15 11450 1
29 8 11470 1
14 23 11519 1
2 72 11494 1
73 165 11474 2
2 8 11472 1
46 158 11483 1
46 42 11600 1
14 23 11536 1
156 166 11495 1
71 27 11514 2
69 84 11511 1
14 26 11543 2
11 27 11514 1
37 38 11509 1
37 122 11513 1
4 21 11580 1
124 48 11515 1
89 48 11512 1
29 7 11566 1
14 15 11516 1
5 7 11554 1
31 42 11573 1
14 15 11549 1
29 27 11611 1
4 23 11645 1
95 91 11625 1
31 26 11697 1
14 15 11672 1
14 23 11733 1
14 15 11690 1
14 23 11751 1
14 23 11772 1
36 23 11852 1
36 142 11811 2
41 25 11818 2
36 23 11868 1
167 142 11814 1
20 33 11827 1
41 25 11842 2
1 27 11900 1
36 23 11892 1
20 33 11843 1
41 25 11844 2
168 133 11847 2
11 27 11856 1
1 133 11894 1
44 82 12018 1
41 23 11911 1
169 170 11856 1
41 25 11860 2
41 84 11899 1
41 25 11876 2
31 112 11894 1
14 15 11872 1
11 27 11879 1
85 149 11880 2
1 27 11948 1
14 15 11893 1
41 25 11901 2
36 23 11948 1
11 19 11900 1
85 27 11920 1
106 42 11904 1
1 27 11959 1
83 23 11926 1
168 171 11912 1
41 25 11919 2
1 27 11975 1
11 27 11917 1
36 40 11964 1
41 25 11928 2
20 33 11927 1
35 149 11944 1
50 99 11930 1
41 25 11930 2
16 18 11931 1
14 15 11942 1
11 19 11948 1
41 25 11948 2
36 23 12003 1
85 125 11950 2
124 19 11960 1
36 23 12021 1
41 25 11971 2
147 66 11974 1
1 133 11990 1
65 23 11979 1
11 19 11975 1
29 8 12340 1
41 25 11988 2
20 33 11976 1
36 23 12036 1
1 27 12033 1
85 27 12016 1
41 25 12001 2
36 23 12049 1
41 25 12017 2
1 30 12050 1
2 8 12029 1
36 23 12067 1
20 33 12012 1
41 25 12030 2
36 23 12079 1
44 21 12144 1
124 19 12034 1
14 15 12026 1
53 7 12139 1
1 27 12079 1
20 33 12034 1
2 8 12048 1
41 25 12056 2
36 23 12099 1
35 162 12056 2
2 8 12062 1
37 27 12065 1
11 19 12066 1
2 8 12072 1
11 19 12079 1
2 8 12091 1
20 33 12095 1
41 26 12138 2
1 27 13440 1
34 42 12144 1
20 21 12156 1
2 8 12095 1
20 21 12161 1
34 22 12098 1
2 8 12100 1
24 26 12154 1
2 8 12115 1
17 42 12158 1
2 8 12338 1
20 7 12178 1
110 172 12127 2
24 26 12168 2
101 21 12181 1
17 42 12187 1
20 21 12195 1
24 26 12186 1
17 42 12190 2
101 33 12160 1
44 21 12200 1
20 21 12211 1
41 26 12204 1
34 42 12205 1
20 33 12178 1
44 114 12218 1
34 109 12211 1
20 21 12239 1
41 48 12227 1
20 21 12242 1
155 49 12217 1
24 26 12253 1
20 33 12224 1
44 21 12257 1
17 42 12258 1
20 21 12273 1
20 21 12301 2
20 21 12288 1
52 21 12271 1
20 21 12307 1
1 114 12331 2
1 81 12310 1
20 142 12352 2
1 81 12333 1
20 23 12385 1
1 81 12740 1
29 8 12347 1
29 27 12736 1
2 8 12392 1
100 21 12366 2
101 72 12390 2
20 114 12396 1
75 91 12382 2
20 7 12415 1
134 86 12384 1
24 26 12408 1
69 99 12390 1
16 164 12394 1
20 7 12429 1
69 18 12402 2
2 129 12668 1
20 21 12462 1
41 173 12457 2
136 112 12446 2
41 173 12471 1
20 23 12523 1
17 42 12509 1
4 21 12601 1
14 23 12615 1
11 78 12547 1
14 15 12554 1
14 23 12633 1
20 70 13765 1
11 19 12652 1
14 23 12667 1
124 27 12604 1
11 19 12669 1
101 92 12688 1
14 26 12664 2
35 149 12631 1
31 32 12637 1
24 25 12647 1
14 23 12703 1
14 15 12651 1
14 23 12715 1
128 157 12693 1
71 27 12713 1
20 114 13778 1
24 25 12697 1
29 7 12742 1
29 27 12783 1
1 81 13382 1
29 72 12782 1
14 23 12809 1
29 72 12812 1
71 30 12796 1
168 125 12785 2
24 25 12794 1
29 21 12837 1
146 27 12806 1
134 86 12795 1
71 27 12835 1
29 27 12866 1
29 8 12843 1
2 72 12866 1
29 27 12911 1
71 27 12884 1
24 25 12873 1
29 7 12909 1
14 15 12889 1
29 27 12942 1
24 25 12898 1
12 23 12933 1
29 72 12966 1
14 23 13006 1
71 27 12981 1
24 25 12972 1
31 26 13013 1
14 15 12989 1
14 23 13046 1
14 23 13076 1
14 23 13110 1
29 7 13144 1
14 23 13195 1
14 23 13262 1
14 23 13277 1
14 23 13292 1
31 42 13299 1
31 26 13352 1
14 15 13382 1
75 91 13361 1
83 77 13370 1
1 27 13471 1
46 26 14215 1
36 84 13439 1
1 27 13486 1
36 84 13459 1
17 22 13427 1
24 25 13429 2
29 8 14293 1
83 23 13459 1
36 23 13501 1
1 27 13515 1
44 55 13459 1
83 23 13485 1
36 23 13532 1
29 7 13558 1
168 133 13486 2
36 114 13492 1
36 23 13548 1
24 25 13497 2
11 19 13502 1
14 26 13532 1
14 15 13509 1
4 149 14193 1
11 19 13514 1
36 23 13574 1
11 19 13521 1
36 23 13592 1
11 19 13542 1
36 23 13609 1
17 22 13551 1
24 25 13554 1
17 22 13556 1
24 25 13579 1
2 8 13571 1
29 7 13640 1
36 23 13627 1
34 42 13621 1
11 19 13571 1
41 173 13640 2
11 19 13583 1
36 23 13643 1
14 15 13579 1
14 15 13592 1
11 19 13585 1
11 19 13590 1
41 154 13599 2
36 23 13655 1
34 109 13621 1
11 19 13610 1
28 26 13632 2
31 15 13609 1
17 42 13656 1
31 15 13654 1
36 23 13675 1
11 19 13625 1
36 40 13675 1
24 88 13641 1
11 19 13635 1
34 42 13673 1
41 173 13728 2
52 7 13642 1
11 19 13661 1
135 77 13692 1
5 7 14266 1
2 8 13674 1
14 32 13743 1
85 42 13686 1
135 23 13723 1
83 77 13670 1
147 23 13690 1
17 137 13719 1
2 8 13686 1
11 19 13692 1
24 48 13718 1
17 42 13733 1
2 8 13689 1
147 23 13710 1
36 108 14382 1
11 19 13712 1
24 27 13737 1
2 8 13706 1
11 19 13718 1
2 8 13738 1
11 19 13731 1
153 26 13758 1
101 21 13798 1
20 23 13804 1
24 26 13781 1
2 129 14309 1
31 15 13751 1
31 15 13806 1
29 6 14313 1
24 26 13801 1
101 114 13808 1
138 21 13782 1
20 175 13803 1
24 26 13815 1
11 19 13787 1
20 21 13825 1
11 19 13795 1
17 42 13819 1
174 7 13839 1
20 7 13861 2
20 21 13845 1
44 55 13810 1
53 90 13813 1
14 15 13842 1
11 19 13831 1
20 21 13863 1
20 140 13866 1
17 49 13854 1
101 114 13875 1
89 48 13842 1
89 48 13845 1
176 140 13850 1
41 26 13876 1
20 23 13911 1
31 15 13879 1
44 132 13869 1
159 170 13872 1
143 94 13874 1
143 45 13873 1
43 45 13877 1
20 140 13912 2
43 45 13876 1
95 97 13878 1
41 26 13907 1
177 86 13883 1
20 164 13917 1
71 51 13883 1
138 99 13887 1
31 15 13941 1
16 18 13890 1
11 19 13913 1
101 70 13927 1
20 161 13903 1
44 23 13965 1
1 27 14860 1
16 114 13920 1
11 19 13930 1
20 7 13969 1
69 114 13937 2
41 48 13960 1
16 140 13930 1
20 114 13960 1
100 114 13936 1
20 21 13987 1
11 19 13954 1
44 21 13979 1
20 114 14000 1
41 26 13982 1
11 19 13965 1
14 15 13971 1
11 19 13971 1
14 15 13969 2
101 18 13995 1
31 26 14014 2
14 15 13976 1
14 15 13978 1
44 23 14028 1
11 19 13983 1
20 7 14032 1
100 7 14004 1
11 19 14012 1
20 7 14056 1
20 7 14074 1
44 56 14048 1
174 7 14076 1
20 21 14092 1
44 82 14073 1
159 132 14074 1
93 170 14075 1
143 94 14076 1
143 45 14077 1
43 45 14078 1
20 23 14138 1
43 45 14079 1
95 97 14080 1
177 98 14081 1
69 51 14083 1
100 164 14087 1
20 7 14139 1
11 19 14112 1
20 7 15173 1
11 19 14152 1
11 19 14157 1
4 103 14179 1
9 165 14182 1
11 19 14184 1
4 103 14188 1
20 33 14186 1
4 114 14240 1
85 21 14237 1
4 103 14200 1
20 33 14204 1
20 140 15195 1
4 23 14335 1
14 107 14295 1
4 23 14359 1
24 25 14384 1
128 27 14359 1
5 7 14354 1
14 15 14312 1
11 19 14314 1
31 26 14343 2
4 21 14439 1
29 72 14370 1
14 23 14388 1
14 15 14351 1
12 13 14353 1
29 7 14403 1
124 27 14357 1
71 27 14393 1
17 22 14381 1
14 23 14432 1
178 97 14377 1
179 77 14392 1
29 7 14430 1
24 25 14404 1
14 120 14409 1
147 123 14396 1
36 108 14439 1
14 15 14397 1
29 8 14420 1
24 25 14484 1
121 26 14419 1
14 23 14468 1
2 72 14444 1
29 48 14478 1
14 23 14487 1
29 7 14481 1
71 27 14464 1
14 23 14501 1
36 108 14452 1
36 108 14455 1
36 108 14472 1
29 27 14517 1
14 23 14522 1
14 15 14473 1
29 157 14516 1
14 23 14545 1
24 25 14492 1
24 25 14532 1
36 108 14496 1
36 108 14501 1
29 7 14552 1
36 108 14524 1
14 107 14516 2
71 27 14533 1
4 23 14564 1
146 30 14524 1
14 107 14533 1
36 108 14530 1
180 23 14578 1
24 25 14554 1
36 108 14551 1
14 23 14605 1
14 23 14624 1
14 23 14652 1
4 23 14670 1
24 25 14628 1
11 19 14633 1
4 21 14675 1
24 25 14674 1
36 108 14653 1
36 108 14669 1
36 108 14672 1
31 26 14723 1
104 151 14707 2
31 42 14736 1
29 7 14767 1
11 21 14778 1
36 108 14776 1
24 25 14775 1
24 25 14777 1
29 7 14879 1
36 23 14873 1
1 133 14857 1
17 22 14814 1
24 25 14822 1
17 22 14822 1
24 25 14829 1
29 183 15694 1
24 25 14842 1
36 23 14891 1
1 27 14903 1
17 22 14838 1
1 162 14911 1
85 27 14880 1
24 25 14885 1
44 55 14865 1
36 23 14930 1
29 8 14870 1
17 22 14882 1
29 8 14912 1
1 27 14945 1
29 6 14890 1
24 25 14887 1
14 15 15816 1
36 84 14927 1
24 25 14901 1
17 22 14901 1
29 6 14903 1
1 27 14968 1
35 38 14923 1
24 25 14907 1
17 22 14908 2
29 8 14939 1
36 23 14969 1
181 122 14918 1
17 22 14916 1
24 25 14918 1
124 27 14920 1
29 8 14935 1
83 23 14951 1
17 23 14992 1
24 25 14967 1
1 27 14990 1
17 23 15026 1
29 8 14951 1
36 23 15007 1
1 27 15009 1
29 8 14968 1
17 23 15042 1
24 25 14999 1
1 133 15002 1
29 8 15052 1
17 22 14994 1
1 27 15042 1
35 30 14990 1
17 23 15067 1
168 27 15029 1
24 25 15015 1
17 22 15012 1
29 6 15006 1
1 27 15064 1
1 27 15082 1
1 27 15095 1
24 25 15065 1
36 23 15114 1
17 22 15062 1
29 8 15054 1
29 8 15068 1
29 8 15102 1
24 25 15072 1
36 66 15128 1
24 25 15090 1
34 22 15090 1
34 42 15144 1
24 26 15152 1
11 19 15103 1
11 19 15122 1
29 8 15108 1
1 27 16645 1
17 42 15169 1
24 48 15155 1
11 19 15558 1
29 8 15137 1
24 26 15183 1
53 7 15188 1
34 42 15186 1
4 78 15148 1
34 42 15315 1
20 126 15181 1
29 8 15160 1
24 26 15203 1
17 42 15204 1
44 94 15173 1
29 8 15170 1
20 21 15230 1
17 42 15213 1
44 23 15232 1
43 72 15196 1
95 91 15185 1
24 25 15188 1
24 26 15225 1
69 164 15202 2
29 8 15190 1
138 7 15204 1
20 33 15198 1
17 42 15229 1
44 21 15247 1
16 21 15209 1
20 86 15229 1
50 99 15205 1
16 18 15206 1
20 33 15213 1
135 114 15212 2
44 21 15260 1
41 48 15251 1
20 23 15280 1
17 42 15260 1
20 21 15273 1
17 42 15274 1
24 173 15276 1
100 164 15240 1
4 78 15244 1
17 42 15286 1
20 21 15296 1
20 140 15286 1
29 8 15254 1
24 48 15290 1
20 21 15314 1
44 164 15308 1
24 26 15313 1
36 108 15893 1
20 21 15328 1
24 26 15331 1
20 55 15309 1
20 182 15310 1
44 21 15344 1
54 21 15348 1
20 114 15360 1
24 27 15343 1
44 92 15322 1
20 21 15372 1
24 26 15375 1
20 21 15379 1
20 7 15387 1
41 26 15388 1
52 21 15361 1
17 42 15391 1
20 23 15428 1
17 42 15412 1
20 21 15430 1
17 42 15421 1
20 139 15430 1
46 183 15413 1
20 33 15412 1
20 21 15442 1
20 21 15460 1
24 26 15440 1
20 21 15451 1
69 114 15433 1
20 23 15487 1
20 21 15493 1
20 21 15502 1
46 183 15465 1
46 183 15467 1
41 26 15498 1
20 21 15516 1
20 7 15531 1
17 137 15514 1
41 27 15529 1
41 25 15556 1
4 21 15634 1
11 19 15573 1
41 25 15624 1
41 25 15636 1
20 7 16958 1
2 27 15755 1
2 27 15769 1
41 25 15762 1
29 8 15746 1
28 144 15741 2
2 27 15810 1
29 6 15762 1
5 7 15795 1
29 7 15839 1
41 25 15799 1
5 7 15821 1
20 33 15814 1
41 25 15821 1
29 7 15862 1
180 158 15910 1
0 21 16950 1
41 25 15836 1
29 7 15959 1
14 15 15857 1
41 25 15859 1
180 23 15935 1
29 8 15885 1
41 25 15885 1
180 23 15950 1
14 23 15976 1
29 7 15978 1
20 21 16979 1
36 108 15977 1
14 23 15998 1
29 7 16021 1
14 97 16000 2
20 33 16035 1
180 40 16026 2
0 33 16002 1
29 27 16153 1
178 23 16026 1
14 15 16006 1
36 108 16014 1
14 26 16035 1
14 15 16012 1
29 8 16027 1
0 33 16204 1
36 108 16026 1
29 7 16143 1
41 25 16021 1
39 23 16033 2
14 23 16075 1
29 8 16035 1
168 133 16040 1
0 33 16051 1
29 8 16084 1
14 23 16107 1
14 66 16112 1
184 111 16070 1
36 108 16077 1
14 23 16128 1
29 8 16086 1
73 23 16134 1
65 23 16116 1
29 157 16162 1
31 151 16135 1
14 15 16125 1
36 108 16144 1
41 25 16142 1
185 23 16136 1
121 120 16147 1
0 33 16155 1
29 27 16201 1
14 15 16148 1
31 151 16153 1
36 108 16170 1
0 33 16168 1
71 27 16180 1
41 25 16166 1
121 26 16168 1
14 23 16211 1
29 27 16218 1
36 108 16189 1
89 122 16178 1
11 19 16178 1
41 88 16189 2
29 27 16240 1
11 27 16201 1
14 23 16241 1
36 108 16245 1
20 33 16206 1
29 7 16246 1
20 33 16212 1
11 19 16216 1
20 33 16334 1
41 25 16230 1
11 19 16240 1
29 7 16285 1
4 19 16255 1
4 19 16272 1
0 33 16268 1
4 78 16263 1
4 113 16300 1
36 108 16284 1
29 70 16297 1
0 33 16282 1
0 33 16322 1
69 27 16325 1
29 7 16347 1
36 108 16314 1
41 25 16322 1
17 22 16313 1
5 6 16314 1
4 78 16344 1
29 27 16370 1
41 25 16356 1
36 108 16356 1
20 33 16372 1
29 7 16387 1
4 78 16340 1
4 114 16466 1
0 33 16350 1
17 22 16350 1
46 42 16495 1
14 15 16368 1
36 108 16375 1
41 25 16374 1
29 27 16429 1
20 33 16542 1
41 25 16472 1
36 108 16389 1
14 107 16393 2
180 23 16439 1
36 108 16468 1
29 27 16444 1
4 23 16458 1
17 22 16437 1
0 33 16445 1
29 7 16484 1
31 26 16474 1
0 33 16458 1
17 22 16463 1
29 119 16472 1
4 21 16536 1
11 19 16463 1
0 33 16478 1
118 27 16509 1
36 108 16535 1
41 25 16502 1
0 33 16493 1
17 22 16502 1
0 33 16579 1
41 25 16528 1
17 22 16525 1
11 19 16529 1
29 7 16570 1
41 25 16537 1
4 21 17413 1
11 19 16543 1
29 8 16541 1
36 108 16571 1
41 25 16573 1
17 22 16567 1
20 150 16584 1
20 33 16591 1
0 33 16626 1
36 108 16597 1
44 132 16602 1
36 23 16668 1
17 23 16720 1
41 25 16689 1
29 7 16686 1
1 48 16687 1
34 23 16685 1
17 22 16631 2
20 33 16649 1
46 137 17429 1
11 19 16640 1
17 22 16642 1
36 23 16699 1
1 19 16712 1
20 21 16967 1
17 22 16717 1
14 15 17447 1
11 19 16685 1
17 23 16739 1
11 19 16700 1
41 25 16696 1
41 25 16712 1
36 23 16760 1
17 22 16764 1
36 23 16772 1
41 26 16807 1
17 23 16791 1
29 7 16796 1
11 19 16802 1
17 22 16745 2
36 23 16821 1
17 22 16827 1
36 108 16815 1
24 26 16835 1
36 23 16859 1
17 42 16846 1
34 23 16878 1
17 42 16856 1
24 26 16856 1
83 23 16837 1
36 23 16897 1
11 19 16832 1
163 148 16828 2
17 42 16867 1
24 26 16867 1
34 23 16909 1
11 19 16852 1
17 42 16880 1
36 23 16923 1
24 26 16890 1
29 27 17603 1
34 23 16940 1
11 19 16867 1
11 19 16875 1
156 158 16885 1
156 158 16900 1
36 108 17165 1
41 26 16948 1
17 42 16940 1
24 48 16952 1
53 145 16926 1
156 158 16932 1
20 114 16985 1
11 19 16951 1
20 23 16995 1
24 27 16982 1
20 7 17009 1
11 19 16957 1
24 26 16997 1
11 19 16981 1
20 21 17023 1
11 19 16992 1
20 21 17036 1
20 21 17045 2
11 19 17007 1
20 21 17051 1
54 126 17015 1
20 7 17059 1
20 21 17063 1
179 91 17020 1
11 19 17032 1
69 70 17024 1
134 86 17027 1
138 99 17032 1
176 140 17033 1
20 70 17062 1
101 21 17075 1
100 164 17036 1
11 19 17122 1
20 33 17050 1
44 21 17091 1
20 21 17118 1
41 26 17112 1
20 7 17135 1
24 26 17125 1
20 21 17141 1
17 42 17138 1
44 23 17170 1
101 21 17156 1
1 -1 18000 1
20 7 17169 1
11 19 17152 1
20 7 17186 1
20 23 17206 1
20 33 17165 1
24 25 17168 2
1 -1 18000 1
87 173 17190 2
44 114 17186 1
128 129 17171 1
36 -1 18000 1
11 19 17232 1
20 114 17202 1
44 21 17217 1
156 158 17203 1
156 158 17214 1
20 21 17256 1
24 173 17248 1
11 19 17239 1
11 19 17245 1
11 19 17265 1
11 19 17303 1
11 19 17322 1
11 19 17350 1
4 103 17366 1
4 103 17369 1
11 19 17395 1
4 21 17449 1
4 103 17409 1
11 19 17444 1
4 21 17505 1
14 23 17538 1
14 23 17559 1
178 186 17504 1
14 13 17531 2
12 23 17587 1
14 15 17529 1
14 15 17607 1
24 48 17618 1
29 7 17606 1
31 151 17582 1
14 15 17571 1
29 7 17624 1
152 120 17585 1
20 -1 18000 1
121 26 17596 1
31 26 17617 1
4 15 17601 1
12 23 17645 1
104 151 17602 2
29 27 17664 1
14 23 17659 1
14 15 17615 1
20 -1 18000 1
29 27 17677 1
14 23 17687 1
20 -1 18000 1
29 30 17692 1
14 23 17708 1
24 25 17659 1
24 -1 18000 1
14 15 17660 1
29 7 17711 1
31 26 17704 1
14 15 17683 1
146 27 17700 1
14 26 17724 1
29 7 17741 1
14 15 17700 1
17 22 17962 1
5 139 17739 1
31 26 17748 1
14 15 17726 1
14 23 17784 1
29 7 17777 1
69 48 17771 1
135 21 17745 1
14 23 17799 1
29 7 17797 1
29 183 17787 1
2 27 17822 1
2 70 17796 1
14 23 17840 1
14 149 17814 1
46 26 17931 1
71 27 17827 2
73 23 17855 1
37 38 17816 1
4 23 17872 1
29 7 17859 1
14 23 17885 1
29 70 17863 1
14 15 17855 1
12 23 17908 1
69 27 17887 1
14 23 17926 1
187 186 17892 1
29 72 17925 1
71 27 17943 1
17 -1 18000 1
11 19 17982 1
4 -1 18000 1
14 -1 18000 2
