0 673 856 254.4 267.6
1 703.5 293 94.8 72
2 643.5 350 116.4 90
3 816.5 314 111.6 93.6
4 126.5 1097 303.6 307.2
5 500 555 216 193.2
6 1598.5 405 337.2 315.6
7 789 373 110.4 80.4
8 774.5 495 154.8 158.4
9 102 1097 244.8 248.4
10 329.5 833 349.2 306
11 1420 274 204 175.2
12 603 1098 400.8 134.4
13 303.5 842 373.2 343.2
14 681 774 307.2 322.8
15 794.5 324 116.4 68.4
16 1906.5 552 68.4 102
17 851 259 72 62.4
18 1913.5 459 51.6 68.4
19 643.5 254 82.8 58.8
20 1568 285 100.8 63.6
21 1554.5 342 111.6 79.2
22 14.5 581 34.8 118.8
23 869.5 275 94.8 87.6
24 742.5 254 121.2 140.4
25 784.5 410 135.6 79.2
26 766 482 144 92.4
27 717.5 695 226.8 152.4
28 618 1097 376.8 158.4
29 610.5 1167 476.4 327.6
30 1881 610 129.6 202.8
31 1829.5 504 253.2 116.4
32 430.5 624 308.4 292.8
33 1879 469 134.4 162
34 747 259 110.4 110.4
35 1783.5 412 116.4 117.6
36 1730.5 382 154.8 114
37 1658.5 322 133.2 148.8
38 613 301 88.8 37.2
39 585.5 423 166.8 156
40 626 281 88.8 34.8
41 613 301 88.8 37.2
42 565 345 84 40.8
43 236 1152 566.4 573.6
44 73.5 890 176.4 228
45 1888 955 112.8 259.2
46 1878.5 584 123.6 171.6
47 1332 1095 580.8 189.6
48 547 382 139.2 90
49 1883 747 112.8 246
50 1944 1095 141.6 169.2
51 -18.5 744 -44.4 223.2
52 -8 729 -19.2 229.2
53 1872 1097 151.2 270
54 579 280 93.6 68.4
55 574.5 276 94.8 68.4
56 500 332 105.6 87.6
57 499 320 110.4 72
58 1742.5 1097 462 170.4
59 29.5 779 70.8 190.8
60 -12.5 816 -30 313.2
61 519 459 160.8 147.6
62 581 340 132 54
63 638.5 342 150 142.8
64 1860.5 436 178.8 112.8
65 807 363 110.4 68.4
66 732 548 220.8 206.4
67 1930 705 12 170.4
68 1709.5 1096 541.2 198
