0 12 14 1
1 9 77 1
2 9 58 1
3 15 23 1
4 9 4 1
5 13 15 2
6 11 13 2
7 12 52 1
8 14 22 1
10 9 25 1
0 12 36 1
7 12 70 1
1 9 100 1
3 15 25 1
16 11 57 1
17 12 92 1
16 11 78 1
18 20 79 1
1 9 122 1
19 22 123 1
18 20 104 1
16 21 99 2
18 20 115 1
6 11 107 1
18 20 128 1
17 12 144 1
1 9 161 1
17 29 158 1
17 23 124 1
17 12 169 1
3 23 138 1
3 25 142 1
17 29 180 1
24 9 187 2
8 26 145 1
7 25 145 1
27 14 151 1
17 29 189 1
0 14 154 1
28 12 160 2
30 31 165 2
18 20 181 1
30 11 184 1
17 29 199 1
24 32 199 2
16 11 195 1
17 29 210 1
1 9 209 2
4 9 186 2
18 20 200 1
30 11 208 1
17 29 224 1
24 9 243 1
10 32 201 2
16 11 225 1
17 29 242 1
33 20 262 2
24 9 285 2
24 32 285 1
24 34 269 2
1 32 290 2
1 9 302 2
24 9 321 1
18 20 307 1
33 20 323 1
35 36 314 2
30 11 332 1
6 20 324 1
6 36 321 2
30 11 345 1
6 20 328 2
33 37 338 2
33 20 354 2
33 31 331 1
24 32 356 1
6 20 346 1
19 40 351 1
6 20 357 1
38 41 351 1
39 43 367 2
39 42 354 1
10 43 368 1
33 31 401 2
33 20 424 1
30 11 475 1
17 29 488 2
24 9 514 1
24 43 532 1
33 20 535 1
24 9 1111 1
44 20 693 1
45 47 661 1
30 46 656 1
24 48 753 1
39 48 907 1
49 51 803 1
4 50 795 1
49 52 829 1
39 48 795 1
4 50 819 1
24 9 1144 1
39 48 920 1
24 41 1089 1
24 9 1171 1
39 48 947 1
39 48 971 1
19 55 955 1
39 9 1132 1
53 59 985 1
54 57 967 1
24 34 1059 1
56 22 1031 1
58 60 1003 1
56 48 1075 1
16 11 1014 1
18 20 1015 1
16 11 1031 1
33 20 1061 2
16 11 1074 1
18 20 1074 1
24 34 1057 1
1 34 1082 1
30 11 1095 2
39 48 1087 1
39 61 1088 2
2 32 1138 1
1 34 1109 1
39 61 1095 1
38 41 1104 1
16 11 1123 1
1 9 1189 1
2 42 1113 1
62 42 1119 1
33 20 1133 1
24 9 1209 1
5 13 1146 1
10 9 1161 1
17 29 1192 1
2 63 1163 2
33 31 1169 2
33 20 1183 1
19 22 1218 1
17 29 1208 2
17 29 1244 1
28 12 1209 2
18 20 1225 1
24 32 1240 1
17 29 1255 1
2 61 1234 1
17 29 1268 1
18 64 1239 1
24 9 1271 1
33 20 1253 1
5 9 1249 1
16 11 1267 1
24 9 1284 1
4 9 1251 1
17 29 1287 1
7 65 1263 1
24 9 1302 1
17 29 1310 1
17 29 1333 1
16 11 1328 1
17 29 1345 1
24 43 1349 1
39 61 1334 1
17 29 1368 1
18 20 1390 1
17 29 1412 1
24 9 1419 1
17 29 1425 1
17 29 1439 1
8 26 1412 1
24 43 1446 1
17 12 1465 1
16 11 1462 1
17 12 1476 1
17 15 1461 1
3 15 1448 1
3 15 1453 1
3 65 1456 1
7 66 1468 2
30 11 1484 1
0 12 1469 1
28 12 1467 1
0 29 1479 2
30 11 1507 1
18 20 1509 1
24 43 1526 2
6 36 1501 2
6 20 1505 1
33 20 1540 2
17 29 1542 1
4 43 1528 2
24 63 1550 1
2 43 1574 2
39 61 1560 1
30 11 1584 1
10 13 1571 2
16 11 1598 2
6 21 1588 1
17 29 1633 1
16 11 1663 1
17 29 1713 1
24 -1 2111 1
44 67 1816 2
44 11 1888 1
33 64 1873 1
6 36 1858 1
53 68 1873 1
24 -1 2111 1
24 -1 2111 1
24 -1 2111 1
17 -1 2111 1
53 -1 2111 1
30 37 2103 2
24 -1 2111 1
58 -1 2111 1
6 21 2108 1
18 -1 2111 1
6 -1 2111 1
