0 401.5 952 963.6 628.8
1 1444 212 122.4 86.4
2 1874 597 146.4 159.6
3 1634 218 105.6 76.8
4 53 978 127.2 295.2
5 20.5 298 49.2 103.2
6 106 248 127.2 72
7 1430 197 110.4 109.2
8 1911.5 852 54 373.2
9 142 500 223.2 223.2
10 89.5 656 214.8 433.2
11 1234.5 244 171.6 75.6
12 1373 233 187.2 166.8
13 1234.5 244 171.6 75.6
14 1363 236 271.2 183.6
15 728.5 311 697.2 240
16 814 309 739.2 244.8
17 315.5 285 82.8 118.8
18 315.5 285 82.8 118.8
19 161 257 220.8 165.6
20 1880 870 208.8 381.6
21 1704.5 651 459.6 280.8
22 1704.5 651 459.6 280.8
23 214 618 513.6 300
24 507 456 288 218.4
25 1128 345 448.8 274.8
26 1126 459 343.2 302.4
27 126.5 1132 303.6 642
28 48 612 115.2 226.8
29 20.5 306 49.2 115.2
30 1499 210 100.8 68.4
31 1144 495 453.6 267.6
32 1395.5 737 603.6 442.8
33 182 261 144 79.2
34 134.5 339 202.8 146.4
35 126.5 355 193.2 140.4
36 371 441 460.8 230.4
37 1422 947 1231.2 620.4
38 48.5 477 116.4 177.6
