20 48 11 1
20 127 6 1
20 81 8 1
20 120 11 1
20 135 1 1
20 187 5 1
20 166 11 1
20 284 2 1
20 488 6 1
20 382 2 1
20 336 11 1
20 282 8 2
20 452 9 1
20 527 5 1
20 601 5 1
20 527 12 1
20 646 5 1
20 589 8 1
20 668 11 1
20 731 5 1
20 705 12 1
20 826 2 1
20 911 5 1
20 871 6 1
20 1003 5 1
20 1060 6 1
20 991 2 1
20 1109 6 1
20 1045 11 1
20 1132 2 1
20 1158 4 1
20 1105 11 1
20 1172 1 1
20 1261 2 1
20 1186 11 2
20 1306 5 1
20 1225 5 1
20 1373 6 1
20 1429 5 1
20 1402 2 1
20 1353 11 1
20 1497 5 1
20 1424 8 1
20 1451 11 1
20 1547 5 1
20 1491 8 1
20 1680 6 1
20 1510 11 1
20 1729 2 1
20 1624 11 1
20 1861 6 1
20 1737 8 1
20 1922 6 1
20 1663 10 1
20 2018 5 1
20 1802 11 1
20 1828 2 1
20 1894 2 1
20 1983 3 1
20 2062 2 1
20 2077 5 1
20 2194 5 1
20 2151 2 1
20 2278 5 1
20 2243 2 1
20 2349 5 1
20 2259 8 1
20 2236 11 1
20 2396 5 1
20 2370 1 1
20 2303 11 1
20 2329 8 1
20 2544 6 1
20 2323 2 2
20 2377 11 1
20 2475 2 1
20 2606 5 1
20 2515 11 1
20 2669 5 1
20 2720 2 1
20 2614 11 1
20 2745 6 1
20 2711 10 2
20 2767 1 1
20 2860 3 1
20 2935 5 1
20 2998 2 1
20 2990 12 1