0 3 48 1
1 8 127 1
2 6 81 1
0 3 120 1
0 4 68 1
5 9 135 1
1 9 187 1
1 12 146 2
0 3 166 1
1 7 116 1
1 7 124 1
1 7 128 1
0 10 141 1
11 13 146 1
14 12 161 2
5 8 284 1
11 16 241 2
1 8 488 1
0 4 203 1
15 16 243 2
5 20 382 1
15 18 267 2
1 12 319 1
17 18 257 1
0 4 266 1
0 3 336 1
1 7 322 1
19 6 282 2
2 23 452 1
0 4 321 1
14 23 527 1
1 23 601 1
21 22 405 2
0 6 527 1
0 4 477 1
1 23 646 1
1 13 639 1
0 24 556 1
15 6 589 1
0 3 668 1
1 7 624 2
1 12 682 2
14 23 731 1
0 6 705 1
14 12 692 2
14 12 696 2
14 12 700 2
5 8 826 1
1 12 781 1
25 16 766 2
25 16 773 2
25 26 776 2
1 23 911 1
1 7 796 1
11 8 871 1
1 7 801 1
14 12 830 1
1 23 1003 1
11 13 867 2
1 8 1060 1
5 20 991 1
0 27 978 1
1 20 1109 1
0 3 1045 1
0 4 988 1
1 7 1001 1
28 10 1005 1
1 7 1027 1
5 20 1132 1
1 7 1041 2
1 6 1158 1
0 4 1041 1
0 3 1105 1
1 13 1157 1
5 10 1172 1
5 29 1090 1
0 4 1100 1
5 20 1261 1
0 3 1186 2
1 10 1306 1
11 23 1225 1
1 8 1373 1
1 23 1429 1
5 20 1402 1
0 3 1353 1
1 30 1335 1
0 4 1339 1
1 23 1497 1
31 26 1355 2
2 22 1368 1
21 6 1424 1
0 27 1395 1
0 3 1451 1
1 23 1547 1
2 6 1491 1
0 4 1457 1
1 20 1680 1
0 27 1464 1
0 3 1510 1
1 30 1487 1
1 12 1546 1
5 20 1729 1
14 12 1553 1
0 4 1562 1
14 12 1574 1
0 3 1624 1
1 8 1861 1
14 13 1598 1
14 12 1603 1
14 33 1737 1
5 34 1739 1
1 8 1922 1
32 22 1663 1
5 29 1738 1
1 23 2018 1
0 3 1802 1
35 8 1828 1
0 4 1747 1
5 29 1752 1
2 34 1837 1
5 20 1894 1
5 34 1840 1
35 3 1983 1
5 8 2062 1
1 23 2077 1
1 23 2194 1
5 20 2151 1
1 23 2278 1
5 20 2243 1
1 9 2349 1
5 24 2291 1
0 27 2179 1
2 6 2259 1
0 3 2236 1
1 23 2396 1
5 10 2370 1
0 3 2303 1
2 33 2329 1
1 8 2544 1
36 20 2323 2
5 29 2291 1
5 29 2330 1
0 3 2377 1
0 27 2330 1
35 34 2344 2
35 34 2348 1
35 34 2351 1
35 8 2475 1
5 29 2574 1
1 23 2606 1
0 4 2443 1
5 29 2655 1
0 3 2515 1
1 23 2669 1
5 20 2720 1
0 4 2550 1
0 3 2614 1
1 8 2745 1
5 34 2754 1
32 37 2711 2
5 10 2767 1
28 9 2751 1
35 3 2860 1
1 9 2935 1
5 29 2799 1
5 20 2998 1
0 33 2990 1
5 29 2840 1
5 29 2847 1
5 -1 3000 1
1 -1 3000 1
0 4 2924 1
38 9 2930 1
