0 641 204 69.6 52.8
1 590.5 309 73.2 51.6
2 345.5 332 78 56.4
3 904.5 159 44.4 31.2
4 1168.5 145 37.2 27.6
5 912 178 48 48
6 829 193 48 32.4
7 549 124 55.2 33.6
8 281 638 357.6 315.6
9 198 334 55.2 25.2
10 281 638 357.6 315.6
11 197.5 333 58.8 25.2
12 531.5 226 58.8 39.6
13 971.5 150 39.6 33.6
14 1001 83 33.6 22.8
15 1178.5 124 37.2 19.2
16 74 738 177.6 142.8
17 979.5 126 27.6 24
18 1001 83 33.6 22.8
19 1023 114 40.8 25.2
20 949 96 40.8 22.8
21 1072 109 40.8 25.2
22 42 489 100.8 72
23 1144.5 159 37.2 36
24 1144.5 159 37.2 36
25 1095 102 40.8 30
26 1070.5 94 39.6 25.2
27 856.5 122 39.6 26.4
28 958 86 33.6 19.2
29 749 140 33.6 16.8
30 1171.5 129 44.4 31.2
31 851.5 118 34.8 24
32 749 140 33.6 16.8
33 4.5 446 10.8 57.6
34 4.5 446 10.8 57.6
35 261 126 60 14.4
36 27.5 449 66 60
37 254.5 127 78 15.6
38 955 84 33.6 20.4
39 8.5 160 20.4 37.2
40 930 106 19.2 22.8
41 944.5 69 44.4 28.8
42 924 96 40.8 24
43 947.5 98 51.6 24
44 895 112 36 26.4
45 1022.5 135 106.8 93.6
46 1023.5 134 106.8 92.4
47 581 368 81.6 62.4
48 99.5 614 174 120
49 596.5 368 80.4 68.4
50 820 247 48 70.8
51 897.5 187 54 28.8
52 804.5 245 54 60
53 1118 79 98.4 94.8
54 962.5 131 44.4 28.8
55 709 181 40.8 32.4
56 845 195 55.2 56.4
57 965 132 38.4 30
58 522.5 349 80.4 68.4
59 881 169 38.4 31.2
60 487 367 91.2 55.2
61 707 178 16.8 26.4
62 918 143 40.8 26.4
63 918 143 40.8 26.4
64 939.5 158 34.8 31.2
65 330.5 299 70.8 50.4
66 621.5 186 44.4 26.4
67 579.5 200 56.4 26.4
68 904 105 40.8 24
69 324.5 303 85.2 61.2
70 942.5 67 32.4 22.8
71 919.5 69 37.2 22.8
72 917 69 43.2 22.8
73 4.5 489 10.8 66
74 138 379 74.4 62.4
75 82.5 399 66 49.2
76 124.5 371 104.4 54
77 524.5 415 99.6 90
78 524.5 415 99.6 90
79 579.5 112 39.6 22.8
80 608 109 52.8 31.2
81 667.5 323 66 62.4
82 878 130 79.2 61.2
83 682.5 308 56.4 54
84 972 86 103.2 66
85 802.5 147 58.8 52.8
86 873.5 204 58.8 45.6
87 849.5 235 54 68.4
88 761.5 92 49.2 28.8
89 727 98 40.8 26.4
90 650.5 211 99.6 73.2
91 950.5 167 51.6 60
92 706 164 55.2 58.8
93 673 173 50.4 64.8
94 1152 231 55.2 46.8
95 1152 231 55.2 46.8
96 456.5 250 70.8 78
97 503 233 72 78
98 1134.5 193 51.6 49.2
99 1137.5 205 63.6 39.6
100 296.5 361 92.4 60
101 456.5 250 70.8 78
102 296.5 361 92.4 60
103 231.5 391 99.6 64.8
104 231.5 391 99.6 64.8
105 84 145 48 28.8
106 108.5 142 30 30
107 125 425 300 241.2
108 33.5 157 80.4 33.6
109 473 370 96 64.8
110 628.5 282 78 52.8
111 716.5 238 66 45.6
112 679.5 263 66 50.4
113 723 239 69.6 49.2
114 651 341 74.4 67.2
115 790.5 270 66 81.6
116 758 159 48 37.2
117 751.5 158 30 28.8
118 916.5 109 37.2 25.2
119 975 83 36 27.6
120 229 126 40.8 16.8
121 372 439 117.6 85.2
122 372 439 117.6 85.2
123 827.5 126 37.2 36
124 593.5 312 82.8 64.8
125 184.5 145 58.8 28.8
126 175 141 43.2 24
127 91.5 143 42 26.4
128 27.5 420 66 88.8
129 1193.5 285 66 66
130 1151.5 139 44.4 28.8
131 668.5 247 78 68.4
132 328.5 119 126 48
133 327 119 122.4 46.8
134 1098 103 43.2 26.4
135 810 211 103.2 98.4
136 872 173 69.6 69.6
137 1165.5 257 66 46.8
138 76.5 738 183.6 237.6
139 307 467 117.6 104.4
140 307 467 117.6 104.4
141 456.5 410 106.8 85.2
142 633.5 109 44.4 22.8
143 550 111 52.8 20.4
144 458 122 43.2 20.4
145 453 128 45.6 28.8
146 943 174 86.4 79.2
147 1212 295 74.4 63.6
148 717.5 294 66 57.6
149 539 353 153.6 88.8
150 944 130 40.8 24
151 1258.5 332 90 81.6
152 1258.5 332 90 81.6
153 765.5 218 66 64.8
154 746 289 158.4 129.6
155 1118.5 179 46.8 31.2
156 805 85 26.4 19.2
157 688 100 40.8 20.4
158 235 141 48 31.2
159 228.5 138 54 28.8
160 561 216 62.4 42
161 552.5 205 46.8 27.6
162 547 237 21.6 32.4
163 102.5 437 128.4 72
164 375 313 28.8 42
165 780.5 131 37.2 18
166 807 141 33.6 26.4
167 832 138 40.8 31.2
168 501 231 67.2 38.4
169 287.5 315 78 42
170 510.5 257 44.4 37.2
171 733.5 156 58.8 45.6
172 656 173 48 30
173 584 189 45.6 22.8
174 445 405 52.8 74.4
175 763 261 57.6 49.2
176 411.5 124 44.4 22.8
177 406 123 52.8 27.6
178 40 152 96 42
179 435 124 40.8 22.8
180 783 154 40.8 31.2
181 600 220 33.6 40.8
182 832 122 48 38.4
183 413 297 55.2 66
184 875 100 55.2 22.8
185 382.5 278 78 60
186 374.5 288 114 68.4
187 876.5 121 37.2 21.6
188 606 223 103.2 112.8
189 1271 375 60 93.6
190 804 84 40.8 26.4
191 504 463 295.2 265.2
192 504 463 295.2 265.2
193 727 91 57.6 25.2
194 641 276 62.4 51.6
195 184 351 103.2 54
196 578 202 67.2 80.4
197 920.5 86 39.6 24
198 970 112 48 20.4
199 29 479 69.6 74.4
200 765.5 129 44.4 20.4
201 802 117 43.2 26.4
202 629 171 48 25.2
203 699.5 156 37.2 26.4
204 743 211 48 25.2
205 793.5 183 44.4 25.2
206 802.5 209 58.8 51.6
207 753.5 88 30 21.6
208 678 157 48 26.4
209 66 477 158.4 242.4
210 755.5 129 34.8 25.2
211 562 100 31.2 19.2
212 1146 178 40.8 36
213 940.5 116 109.2 93.6
214 579.5 116 49.2 34.8
215 843 83 88.8 52.8
216 635 109 108 54
217 802.5 72 44.4 16.8
218 888.5 53 44.4 18
219 888.5 53 44.4 18
220 895 69 28.8 22.8
221 793.5 69 37.2 13.2
222 866 60 40.8 20.4
223 12 659 28.8 73.2
224 770 140 48 36
225 211.5 122 58.8 15.6
226 21.5 128 51.6 27.6
227 21.5 128 51.6 27.6
228 241.5 337 99.6 70.8
229 124 143 40.8 31.2
230 124 143 40.8 31.2
231 179.5 401 78 64.8
232 1159.5 264 66 51.6
233 679.5 105 44.4 33.6
234 485.5 122 37.2 22.8
235 485.5 122 37.2 22.8
236 444 290 103.2 109.2
237 173.5 441 277.2 224.4
238 823 81 36 22.8
239 261 138 67.2 27.6
240 263 136 48 26.4
241 145.5 144 51.6 28.8
242 1255.5 375 97.2 124.8
243 200 141 50.4 30
244 279.5 311 73.2 37.2
245 57.5 140 34.8 20.4
