4 43 1 1
4 19 1 1
4 9 4 1
4 47 3 1
4 37 1 1
4 24 2 1
4 22 1 1
4 32 2 1
4 90 1 1
4 101 1 1
4 35 4 1
4 49 2 1
4 116 1 1
4 129 3 1
4 133 1 1
4 129 1 1
4 152 1 1
4 86 4 2
4 99 2 1
4 143 2 1
4 109 2 1
4 117 2 1
4 127 2 1
4 185 1 1
4 153 1 1
4 197 1 1
4 133 2 1
4 146 2 1
4 143 4 1
4 156 2 1
4 204 3 1
4 178 2 1
4 240 1 2
4 206 2 1
4 273 3 1
4 251 3 1
4 256 4 1
4 351 1 1
4 293 2 1
4 299 2 1
4 312 1 1
4 323 2 1
4 322 2 1
4 410 1 1
4 340 2 1
4 416 1 1
4 342 1 1
4 358 2 1
4 396 1 1
4 375 2 1
4 437 1 1
4 378 2 1
4 465 1 2
4 462 2 1
4 467 1 1
4 480 1 1
4 501 1 1
4 469 3 1
4 522 1 1
4 456 3 1
4 482 2 1
4 515 4 1
4 588 2 1
4 646 2 1
4 787 4 1
4 842 2 1
4 888 4 1
4 910 2 1
4 996 3 1
4 1058 1 1
4 999 4 2
4 1012 2 1
4 1031 2 1
4 1102 3 1
4 1058 1 1
4 1071 2 1
4 1171 1 1
4 1164 3 1
4 1197 2 1
4 1297 1 1
4 1232 2 1
4 1327 4 1
4 1333 2 1
4 1431 1 1
4 1404 2 1
4 1481 1 1
4 1496 1 1
4 1477 2 1
4 1444 2 1
4 1526 1 1
4 1472 4 1
4 1552 3 1
4 1590 1 1
4 1609 3 1
4 1583 3 1
4 1647 1 1
4 1586 2 1
4 1662 1 1
4 1673 1 1
4 1609 4 1
4 1640 4 1
4 1625 4 1
4 1624 2 1
4 1691 1 1
4 1699 1 1
4 1661 1 1
4 1639 2 2
4 1707 1 1
4 1701 1 1
4 1721 1 1
4 1717 1 1
4 1712 1 1
4 1731 1 1
4 1751 1 1
4 1760 3 1
4 1764 1 1
4 1769 1 1
4 1757 1 1
4 1732 1 1
4 1814 1 1
4 1810 3 1
4 1824 1 1
4 1829 1 1
4 1770 4 1
4 1776 2 1
4 1784 3 1
4 1785 2 1
4 1845 1 1
4 1876 1 1
4 1873 1 1
4 1886 1 1
4 1861 1 1
4 1814 2 1
4 1816 4 1
4 1815 2 1
4 1859 1 1
4 1904 3 1
4 1838 4 1
4 1911 1 1
4 1906 1 1
4 1890 1 1
4 1897 1 1
4 1898 2 1
4 1923 1 1
4 1920 4 1
4 2017 3 1
4 1945 2 1
4 1953 2 1
4 1966 2 1
4 1973 2 1
4 1992 1 1
4 2097 1 1
4 2115 1 1
4 2052 2 1
4 2049 2 1
4 2062 2 1
4 2068 3 1
4 2185 4 1
4 2190 4 1
4 2290 1 1
4 2225 2 1
4 2250 2 1
4 2262 1 1
4 2272 2 1
4 2270 2 1
4 2277 4 1
4 2285 2 1
4 2333 3 1
4 2314 2 1
4 2332 2 1
4 2351 2 1
4 2423 1 1
4 2414 4 1
4 2385 2 1
4 2412 2 1
4 2421 4 1
4 2500 1 1
4 2529 1 1
4 2551 1 1
4 2492 2 1
4 2581 1 1
4 2583 3 1
4 2539 1 1
4 2543 4 1
4 2546 2 1
4 2617 1 1
4 2610 1 1
4 2625 3 1
4 2603 1 1
4 2595 1 1
4 2662 1 1
4 2655 1 1
4 2687 1 1
4 2619 2 1
4 2648 4 1
4 2632 4 1
4 2706 3 1
4 2707 1 1
4 2677 3 1
4 2649 2 1
4 2694 1 1
4 2744 1 2
4 2665 1 1
4 2732 1 1
4 2681 2 1
4 2703 1 1
4 2770 1 1
4 2755 1 1
4 2706 2 1
4 2799 1 1
4 2787 1 1
4 2809 1 1
4 2742 2 1
4 2774 1 2
4 2840 1 1
4 2832 2 1
4 2769 2 1
4 2794 4 1
4 2828 1 1
4 2852 1 1
4 2787 2 1
4 2873 1 1
4 2805 2 1
4 2884 1 1
4 2904 1 1
4 2892 1 1
4 2867 1 1
4 2850 4 1
4 2893 1 2
4 2937 1 1
4 2952 1 1
4 2899 2 1
4 2958 1 1
4 2972 1 1
4 2908 2 1
4 2992 1 1
4 2931 2 1
4 3006 2 1
4 3032 2 1
4 3067 3 1
4 3114 1 1
4 3051 2 1
4 3074 4 1
4 3136 1 1
4 3090 4 1
4 3081 2 1
4 3086 2 1
4 3097 4 1
4 3099 2 1
4 3122 2 1
4 3207 1 1
4 3196 1 1
4 3137 2 1
4 3228 1 1
4 3159 2 1
4 3167 2 1
4 3218 1 1
4 3198 2 1
4 3242 2 1
4 3300 2 1
4 3316 2 2
4 3320 2 1
4 3334 2 1
4 3354 4 1
4 3390 4 1
4 3402 2 1
4 3452 4 1
4 3532 4 1
4 3613 2 1
4 3629 2 1
4 3642 2 1
4 3770 3 1
4 3682 2 1
4 3740 2 1
4 3836 1 1
4 3769 2 1
4 3783 2 1
4 3792 2 1
4 3845 4 1
4 3870 1 1
4 3882 1 1
4 3816 2 1
4 3909 3 1
4 3845 2 1
4 3910 1 1
4 3857 2 1
4 3861 4 1
4 3911 4 1
4 3863 3 1
4 3919 1 1
4 3872 2 1
4 3935 2 1
4 3930 1 1
4 3951 1 1
4 3940 1 1
4 3957 1 1
4 3970 1 1
4 3905 2 1
4 3972 1 1
4 3993 1 1
4 3985 3 1
4 4015 1 1
4 3958 2 1
4 4041 1 1
4 4053 3 1
4 3997 4 2
4 4061 2 1
4 4081 3 1
4 4020 2 1
4 4037 2 1
4 4121 1 1
4 4135 1 1
4 4070 2 1
4 4128 4 1
4 4071 1 1
4 4153 1 2
4 4167 1 1
4 4156 3 1
4 4151 1 1
4 4095 2 1
4 4165 4 1
4 4174 3 1
4 4180 2 1
4 4181 1 1
4 4119 2 1
4 4128 2 1
4 4197 1 1
4 4143 2 1
4 4200 1 1
4 4140 1 1
4 4155 2 1
4 4155 3 1
4 4242 1 1
4 4184 2 1
4 4191 2 1
4 4273 1 2
4 4274 1 1
4 4214 2 1
4 4222 1 1
4 4232 2 1
4 4344 2 1
4 4279 2 1
4 4293 2 1
4 4290 2 1
4 4315 2 1
4 4388 4 1
4 4330 2 1
4 4418 4 1
4 4363 2 1
4 4371 2 1
4 4403 4 1
4 4391 2 1
4 4435 2 1
4 4440 4 1
4 4557 2 1
4 4568 2 1
4 4672 4 1
4 4708 1 1
4 4658 1 2
4 4664 2 1
4 4683 2 1
4 4705 4 2
4 4747 2 1
4 4792 2 1
4 4800 2 1
4 4811 2 1
4 4847 2 1
4 4899 2 1
4 4929 2 1
4 4943 2 1
4 4940 2 1
4 4955 2 1
4 4995 2 1
4 5103 2 1
4 5065 2 1
4 5133 1 1
4 5143 1 1
4 5092 2 1
4 5090 2 2
4 5129 1 2
4 5178 1 1
4 5113 2 1
4 5179 3 1
4 5196 1 1
4 5132 2 1
4 5142 2 1
4 5230 3 1
4 5151 2 1
4 5244 3 1
4 5169 4 1
4 5178 2 1
4 5244 1 1
4 5188 2 1
4 5190 2 1
4 5204 2 1
4 5283 1 1
4 5229 2 1
4 5304 3 1
4 5248 2 1
4 5327 3 1
4 5332 2 1
4 5328 1 1
4 5347 1 1
4 5277 2 1
4 5352 1 1
4 5358 3 1
4 5297 1 1
4 5364 1 1
4 5378 1 1
4 5309 1 1
4 5385 1 1
4 5369 1 1
4 5391 1 1
4 5342 2 1
4 5409 1 1
4 5353 2 1
4 5426 1 1
4 5362 2 1
4 5417 1 1
4 5376 2 1
4 5454 1 1
4 5466 1 1
4 5406 2 1
4 5487 3 1
4 5489 2 1
4 5430 2 1
4 5489 1 1
4 5442 1 1
4 5455 2 1
4 5455 1 1
4 5521 1 1
4 5513 1 1
4 5479 2 1
4 5519 1 1
4 5560 1 1
4 5543 4 1
4 5551 1 1
4 5568 1 1
4 5500 2 1
4 5539 1 1
4 5587 1 1
4 5576 1 1
4 5602 3 1
4 5621 1 1
4 5610 1 1
4 5603 1 1
4 5590 1 1
4 5621 1 1
4 5639 1 1
4 5579 2 1
4 5614 1 1
4 5643 3 1
4 5588 4 1
4 5651 1 1
4 5598 1 2
4 5649 1 1
4 5663 4 1
4 5614 2 1
4 5624 2 1
4 5693 1 1
4 5636 2 1
4 5662 2 1
4 5732 4 1
4 5674 3 1
4 5687 2 1
4 5690 2 1
4 5697 2 1
4 5699 2 1
4 5772 4 1
4 5754 2 1
4 5785 2 1
4 5803 2 1
4 5874 4 1
4 5843 4 1
4 5861 2 1
4 5872 2 1
4 5902 4 1
4 5964 2 1
4 5973 2 1
4 5976 2 1
4 5986 2 1
4 6006 2 1
4 6043 2 1
4 6120 4 1
4 6069 2 1
4 6160 1 1
4 6117 2 2
4 6164 4 1
4 6181 1 1
4 6131 2 1
4 6143 2 1
4 6150 2 1
4 6164 2 1
4 6180 2 1
4 6189 2 1
4 6198 2 1
4 6203 2 1
4 6212 2 1
4 6212 2 1
4 6232 2 1
4 6299 3 1
4 6244 2 1
4 6299 3 1
4 6345 4 1
4 6344 2 1
4 6409 1 1
4 6400 4 1
4 6430 3 1
4 6458 1 2
4 6400 2 1
4 6478 1 1
4 6414 2 1
4 6478 3 1
4 6481 1 1
4 6500 4 1
4 6509 1 1
4 6516 1 1
4 6456 2 1
4 6461 2 1
4 6522 4 1
4 6533 1 1
4 6472 2 1
4 6475 2 1
4 6496 1 1
4 6507 2 1
4 6539 4 1
4 6594 1 1
4 6608 1 1
4 6591 1 1
4 6646 1 1
4 6662 1 1
4 6657 1 1
4 6598 2 1
4 6679 1 2
4 6690 1 1
4 6715 1 1
4 6639 1 1
4 6644 2 1
4 6728 1 1
4 6669 2 1
4 6692 1 1
4 6747 2 1
4 6689 2 1
4 6704 2 1
4 6774 1 2
4 6712 2 1
4 6780 1 1
4 6730 2 1
4 6820 2 1
4 6758 2 1
4 6833 1 1
4 6826 1 1
4 6778 2 1
4 6841 1 1
4 6789 1 2
4 6855 1 1
4 6889 1 1
4 6811 2 1
4 6906 1 1
4 6834 2 1
4 6902 3 1
4 6908 1 1
4 6832 2 1
4 6845 2 1
4 6927 1 1
4 6896 1 1
4 6886 2 1
4 6969 1 1
4 6896 2 1
4 6927 1 1
4 6914 1 1
4 6980 4 1
4 6998 3 1
4 7016 1 1
4 6945 2 1
4 7018 2 1
4 7007 2 1
4 7023 2 1
4 7026 2 1
4 7038 4 1
4 7042 2 1
4 7065 2 1
4 7084 2 1
4 7164 1 1
4 7194 2 1
4 7205 4 1
4 7211 2 1
4 7259 4 1
4 7258 2 1
4 7294 4 1
4 7273 4 1
4 7271 2 1
4 7283 2 1
4 7307 4 1
4 7328 1 1
4 7356 2 1
4 7371 1 2
4 7373 2 1
4 7405 2 1
4 7407 2 1
4 7419 1 1
4 7457 4 1
4 7441 2 1
4 7442 1 1
4 7488 3 1
4 7491 4 1
4 7522 4 1
4 7538 2 1
4 7589 2 1
4 7589 1 1
4 7603 2 1
4 7656 2 1
4 7737 1 1
4 7755 1 1
4 7770 1 1
4 7738 4 1
4 7799 2 1
4 7792 3 1
4 7800 1 1
4 7751 1 1
4 7786 4 1
4 7789 2 1
4 7854 1 1
4 7841 1 1
4 7808 2 1
4 7840 1 2
4 7879 1 1
4 7813 2 1
4 7852 3 1
4 7928 2 2
4 7867 1 1
4 7970 1 1
4 7979 1 1
4 7979 1 1
4 7955 1 2
4 7948 2 1
4 7949 1 1
4 8001 1 1
4 7987 1 1
4 8048 1 1
4 7976 2 1
4 8018 1 1
4 8021 3 1
4 7988 1 1
4 7987 2 1
4 8003 2 1
4 8038 1 1
4 8013 1 2
4 8002 2 1
4 8070 3 1
4 8066 1 1
4 8022 2 1
4 8037 1 1
4 8057 4 1
4 8042 2 1
4 8129 1 1
4 8080 1 1
4 8117 1 1
4 8131 1 1
4 8071 2 1
4 8077 1 1
4 8101 1 2
4 8114 1 2
4 8174 1 1
4 8115 1 1
4 8219 1 1
4 8227 1 1
4 8252 1 1
4 8258 1 1
4 8198 1 1
4 8211 2 1
4 8246 1 1
4 8280 1 2
4 8266 4 1
4 8266 1 1
4 8351 1 1
4 8301 2 1
4 8342 1 1
4 8350 1 1
4 8326 4 1
4 8397 1 1
4 8348 2 1
4 8377 2 1
4 8390 2 1
4 8422 2 1
4 8433 2 1
4 8485 3 1
4 8456 1 1
4 8464 4 1
4 8459 2 1
4 8498 2 1
4 8525 2 1
4 8547 1 1
4 8553 2 1
4 8563 2 1
4 8572 4 1
4 8595 2 1
4 8789 3 1
4 8769 1 1
4 8781 2 1
4 8863 1 1
4 8814 4 1
4 8818 2 1
4 8818 2 1
4 8848 1 1
4 8861 1 1
4 8866 2 1
4 8903 2 1
4 8981 1 1
4 9021 2 1
4 9012 3 1
4 8959 4 1
4 9041 1 1
4 9033 1 1
4 9007 2 1
4 9057 1 1
4 9010 2 1
4 9110 3 1
4 9042 1 1
4 9111 1 1
4 9127 3 1
4 9080 1 2
4 9084 3 1
4 9171 3 1
4 9178 1 1
4 9185 1 1
4 9142 1 1
4 9170 1 1
4 9177 1 2
4 9235 3 1
4 9156 1 1
4 9166 2 1
4 9176 2 1
4 9250 1 1
4 9250 3 1
4 9202 2 1
4 9203 4 1
4 9209 3 1
4 9269 1 1
4 9284 1 1
4 9296 1 1
4 9237 4 1
4 9232 1 1
4 9249 2 1
4 9318 1 1
4 9303 1 1
4 9307 1 1
4 9273 2 1
4 9275 4 1
4 9278 4 1
4 9371 1 1
4 9361 1 2
4 9312 1 1
4 9352 1 1
4 9398 1 1
4 9377 1 1
4 9429 1 1
4 9357 2 1
4 9355 1 1
4 9438 1 1
4 9389 1 1
4 9468 4 1
4 9401 2 1
4 9450 1 2
4 9448 1 1
4 9471 2 1
4 9524 3 1
4 9481 2 1
4 9490 2 1
4 9572 2 1
4 9585 2 1
4 9670 2 2
4 9703 1 1
4 9716 1 1
4 9674 2 1
4 9736 1 1
4 9688 2 1
4 9685 4 1
4 9698 4 1
4 9690 2 1
4 9700 2 1
4 9778 2 1
4 9725 4 1
4 9769 3 1
4 9735 2 1
4 9755 2 1
4 9763 1 1
4 9777 2 1
4 9796 2 1
4 9801 2 1
4 9811 2 1
4 9893 4 1
4 9884 2 1
4 9894 1 1
4 9926 2 1
4 9947 2 1
4 9948 2 1
4 9966 2 1
4 10039 2 1
4 10126 1 1
4 10143 2 1
4 10133 2 2
4 10157 2 1
4 10175 2 1
4 10200 2 1
4 10280 3 1
4 10292 2 1
4 10273 2 1
4 10346 1 1
4 10341 1 1
4 10288 1 1
4 10356 4 1
4 10372 1 1
4 10326 4 1
4 10381 1 1
4 10307 2 1
4 10409 1 1
4 10351 2 1
4 10342 2 1
4 10416 1 1
4 10359 1 1
4 10381 1 1
4 10366 2 1
4 10431 1 1
4 10390 2 1
4 10444 1 1
4 10464 1 1
4 10449 1 1
4 10461 1 1
4 10528 1 1
4 10453 2 1
4 10456 2 1
4 10463 2 1
4 10526 1 1
4 10474 1 2
4 10571 1 1
4 10511 2 1
4 10599 1 1
4 10607 1 1
4 10618 1 1
4 10549 1 1
4 10649 1 1
4 10637 3 1
4 10670 1 1
4 10600 1 1
4 10611 1 1
4 10698 3 1
4 10701 1 1
4 10625 2 1
4 10691 1 1
4 10718 1 1
4 10695 1 1
4 10731 1 1
4 10684 3 1
4 10742 1 1
4 10751 1 1
4 10739 1 1
4 10688 2 1
4 10765 1 1
4 10687 4 1
4 10695 4 1
4 10755 1 1
4 10722 2 2
4 10735 4 1
4 10780 1 1
4 10722 2 1
4 10817 4 1
4 10835 4 1
4 10794 4 1
4 10796 4 1
4 10879 2 1
4 10951 4 1
4 10947 2 1
4 10957 2 1
4 10980 4 1
4 10982 4 1
4 11023 2 1
4 11071 1 1
4 11117 1 1
4 11130 2 1
4 11141 4 1
4 11144 4 1
4 11229 4 1
4 11247 2 1
4 11258 2 1
4 11254 2 1
4 11273 2 1
4 11281 4 1
4 11284 2 1
4 11408 1 1
4 11427 1 1
4 11369 2 1
4 11398 1 1
4 11408 2 1
4 11413 3 1
4 11409 4 1
4 11411 4 1
4 11425 2 1
4 11440 2 1
4 11500 1 1
4 11449 2 1
4 11504 2 1
4 11531 2 1
4 11539 1 1
4 11601 3 1
4 11549 2 1
4 11629 1 1
4 11581 2 1
4 11588 1 1
4 11591 2 1
4 11646 1 1
4 11608 2 1
4 11671 1 1
4 11698 1 1
4 11629 1 1
4 11636 2 1
4 11661 1 1
4 11692 1 1
4 11760 1 1
4 11768 1 1
4 11779 1 1
4 11709 1 2
4 11719 2 1
4 11789 1 1
4 11733 1 1
4 11814 1 1
4 11739 2 1
4 11746 2 1
4 11849 1 1
4 11837 1 1
4 11775 1 1
4 11857 1 1
4 11792 2 1
4 11860 3 1
4 11846 4 1
4 11802 1 1
4 11802 2 1
4 11799 4 1
4 11817 2 1
4 11879 3 1
4 11813 2 1
4 11895 1 1
4 11833 2 1
4 11881 4 1
4 11839 2 1
4 11922 1 1
4 11845 3 1
4 11854 2 1
4 11912 1 1
4 11868 1 1
4 11895 1 1
4 11908 1 1
4 11887 2 1
4 11954 1 1
4 11943 1 1
4 11897 4 1
4 11976 1 1
4 11903 2 1
4 11978 1 1
4 12030 1 1
4 11995 1 1
4 11960 1 1
4 12040 1 1
4 11999 2 1
4 12005 1 2
4 12004 2 1
4 12068 1 1
4 12074 1 2
4 12055 1 1
4 12039 1 1
4 12083 1 1
4 12029 4 2
4 12094 1 1
4 12103 1 1
4 12085 2 1
4 12177 1 1
4 12145 1 2
4 12137 2 1
4 12147 2 1
4 12153 1 1
4 12282 2 1
4 12322 1 1
4 12328 1 1
4 12273 2 1
4 12313 1 1
4 12337 4 1
4 12353 2 1
4 12369 2 1
4 12383 2 1
4 12418 1 1
4 12431 4 1
4 12424 2 1
4 12436 2 1
4 12479 4 1
4 12452 1 1
4 12460 4 1
4 12533 1 1
4 12478 2 1
4 12487 2 1
4 12493 2 1
4 12490 4 1
4 12497 4 1
4 12509 2 1
4 12542 4 1
4 12550 2 1
4 12585 1 1
4 12669 1 1
4 12804 3 1
4 12743 2 1
4 12765 2 1
4 12865 3 1
4 12771 4 1
4 12776 2 1
4 12786 2 1
4 12829 3 1
4 12822 2 1
4 12823 3 1
4 12896 1 1
4 12913 1 1
4 12957 3 1
4 12910 1 1
4 12878 1 1
4 12944 1 1
4 12894 4 1
4 12902 4 1
4 12905 2 1
4 12965 1 1
4 13041 1 1
4 13021 1 1
4 13032 1 1
4 13045 1 1
4 13022 4 2
4 13069 1 1
4 13076 1 1
4 13054 1 2
4 13086 1 1
4 13056 1 1
4 13059 1 2
4 13142 3 1
4 13119 1 1
4 13064 2 1
4 13134 1 1
4 13142 1 1
4 13074 1 1
4 13158 1 1
4 13146 1 1
4 13102 3 1
4 13170 1 1
4 13121 2 1
4 13180 1 1
4 13140 2 1
4 13193 1 1
4 13225 1 1
4 13208 2 1
4 13287 3 1
4 13230 2 1
4 13336 3 1
4 13358 3 1
4 13280 1 1
4 13305 4 1
4 13311 1 1
4 13383 1 1
4 13337 1 1
4 13409 1 1
4 13403 1 1
4 13420 1 1
4 13354 3 1
4 13397 2 1
4 13399 2 1
4 13414 2 1
4 13428 1 1
4 13508 3 1
4 13509 4 1
4 13507 2 1
4 13518 4 1
4 13543 1 1
4 13602 1 2
4 13597 2 1
4 13649 2 1
4 13660 2 1
4 13668 2 1
4 13710 4 1
4 13812 1 1
4 13754 1 1
4 13765 2 1
4 13761 1 1
4 13779 1 1
4 13844 4 1
4 13935 1 1
4 13869 2 1
4 13894 2 1
4 13901 2 1
4 13915 2 1
4 13932 2 1
4 13960 2 1
4 13973 4 1
4 14013 4 1
4 14008 2 1
4 14045 2 1
4 14117 1 1
4 14115 4 1
4 14116 2 1
4 14186 3 1
4 14162 2 1
4 14237 1 1
4 14251 1 1
4 14194 2 1
4 14263 1 1
4 14208 4 1
4 14223 4 1
4 14278 2 1
4 14309 1 1
4 14317 3 1
4 14243 2 1
4 14315 1 1
4 14266 4 1
4 14320 1 1
4 14339 1 1
4 14331 1 1
4 14297 3 1
4 14299 4 1
4 14280 4 1
4 14359 1 1
4 14318 2 1
4 14400 3 1
4 14334 2 1
4 14400 1 1
4 14404 1 1
4 14344 3 1
4 14345 2 1
4 14359 2 1
4 14417 1 1
4 14376 2 1
4 14440 1 1
4 14449 1 1
4 14393 1 1
4 14405 2 1
4 14471 1 1
4 14401 3 1
4 14428 2 1
4 14494 1 1
4 14465 1 1
4 14507 3 1
4 14505 1 1
4 14471 3 1
4 14521 1 1
4 14514 1 1
4 14539 1 1
4 14557 1 2
4 14564 1 1
4 14539 1 1
4 14507 1 1
4 14576 1 1
4 14517 2 1
4 14535 2 1
4 14542 1 1
4 14547 2 1
4 14570 2 1
4 14634 1 1
4 14578 2 1
4 14662 1 1
4 14599 2 1
4 14614 2 1
4 14632 4 1
4 14672 3 1
4 14732 1 1
4 14684 1 2
4 14752 2 1
4 14711 2 1
4 14723 2 1
4 14800 1 1
4 14771 4 1
4 14838 3 1
4 14790 4 1
4 14799 2 1
4 14808 1 1
4 14868 1 2
4 14858 1 2
4 14851 2 1
4 14870 2 1
4 14867 4 1
4 14895 2 1
4 14917 2 1
4 14989 2 1
4 15089 1 1
4 15031 2 1
4 15084 2 1
4 15161 2 1
4 15158 1 1
4 15169 1 1
4 15177 2 1
4 15193 2 1
4 15234 2 1
4 15285 2 1
4 15301 2 1
4 15317 4 1
4 15319 4 1
4 15375 2 1
4 15529 1 1
4 15573 1 1
4 15603 1 1
4 15544 1 1
4 15623 1 1
4 15587 4 1
4 15574 2 1
4 15656 1 1
4 15572 1 1
4 15591 2 1
4 15581 2 1
4 15675 1 1
4 15597 2 1
4 15671 2 1
4 15605 2 1
4 15633 1 1
4 15736 1 1
4 15657 2 1
4 15664 2 1
4 15759 1 1
4 15696 2 1
4 15758 1 1
4 15750 1 1
4 15715 1 2
4 15708 2 1
4 15719 1 1
4 15798 1 1
4 15766 1 1
4 15805 1 1
4 15813 3 1
4 15749 1 1
4 15829 1 1
4 15813 1 1
4 15795 1 1
4 15822 1 1
4 15819 1 1
4 15766 1 1
4 15767 1 1
4 15781 1 1
4 15792 2 1
4 15864 1 1
4 15808 1 1
4 15887 1 1
4 15815 4 1
4 15819 4 1
4 15831 2 1
4 15841 2 1
4 15908 1 1
4 15870 3 1
4 15927 1 1
4 15924 1 1
4 15880 3 1
4 15883 3 1
4 15955 1 1
4 15964 1 1
4 15920 1 2
4 15977 1 1
4 15940 2 1
4 15947 1 1
4 15965 3 1
4 15987 2 1
4 16060 1 1
4 16072 1 1
4 16015 2 1
4 16080 1 1
4 16093 1 1
4 16026 2 1
4 16033 1 1
4 16104 3 1
4 16052 2 1
4 16086 3 1
4 16171 1 1
4 16121 2 1
4 16216 1 2
4 16160 2 1
4 16174 4 1
4 16179 4 1
4 16193 1 1
4 16230 4 1
4 16204 3 1
4 16207 3 1
4 16218 4 1
4 16222 2 1
4 16236 2 1
4 16238 1 1
4 16264 2 1
4 16324 3 1
4 16393 2 1
4 16413 4 1
4 16479 4 1
4 16482 2 1
4 16496 2 1
4 16567 1 1
4 16505 1 1
4 16511 2 1
4 16581 1 1
4 16542 2 1
4 16547 2 1
4 16556 1 1
4 16577 2 1
4 16641 2 1
4 16699 4 1
4 16703 2 1
4 16794 3 1
4 16812 1 1
4 16767 4 1
4 16818 1 1
4 16754 2 1
4 16813 2 1
4 16900 3 1
4 16844 2 1
4 16895 1 1
4 16910 1 1
4 16924 1 1
4 16858 2 1
4 16875 1 1
4 16948 1 1
4 16886 2 1
4 16956 1 1
4 16966 3 1
4 16902 2 1
4 16988 3 1
4 16967 1 1
4 16919 2 1
4 16989 1 1
4 17020 3 1
4 16945 1 1
4 17052 1 1
4 17005 2 1
4 17068 1 1
4 17012 2 1
4 17018 2 1
4 17023 1 1
4 17057 1 1
4 17098 1 2
4 17037 2 1
4 17070 1 1
4 17113 1 1
4 17112 4 1
4 17061 1 1
4 17130 1 1
4 17074 2 1
4 17165 1 1
4 17119 2 1
4 17164 2 1
4 17163 1 1
4 17240 1 1
4 17261 1 1
4 17249 1 1
4 17265 3 1
4 17274 1 1
4 17288 1 1
4 17225 2 1
4 17233 1 2
4 17217 2 1
4 17261 1 1
4 17235 2 1
4 17287 1 1
4 17248 2 1
4 17320 1 1
4 17249 2 1
4 17258 2 1
4 17336 1 1
4 17265 2 1
4 17328 1 1
4 17274 1 1
4 17273 2 1
4 17271 2 1
4 17355 1 1
4 17351 3 1
4 17366 3 1
4 17286 4 2
4 17293 2 1
4 17291 3 1
4 17295 3 1
4 17307 2 1
4 17393 3 1
4 17418 2 1
4 17475 2 1
4 17546 3 1
4 17638 1 1
4 17633 4 2
4 17636 4 1
4 17657 2 1
4 17677 2 1
4 17688 2 1
4 17687 4 1
4 17716 4 1
4 17714 2 1
4 17721 1 1
4 17746 4 1
4 17822 1 1
4 17757 2 1
4 17794 2 1
4 17859 2 1
4 17878 1 1
4 17938 1 1
4 17886 2 1
4 17991 1 1
4 17929 1 1
4 17934 2 1
4 17959 2 1
4 17967 1 1
4 17979 2 1