0 22 41 1
1 17 38 1
2 22 17 1
3 17 11 1
4 15 9 1
5 13 7 1
6 13 16 1
7 39 47 1
8 10 63 2
9 11 5 1
12 36 36 1
14 18 11 1
16 13 78 1
19 26 24 1
20 31 30 1
21 25 22 1
23 24 20 1
9 11 25 1
14 28 29 1
19 26 32 1
16 51 84 1
16 13 95 1
27 36 89 1
20 22 99 1
29 32 32 1
30 15 35 1
9 11 38 1
33 34 35 1
16 52 84 1
14 40 48 1
35 37 43 1
19 26 49 1
16 59 97 1
14 28 53 1
29 32 46 1
20 22 114 1
14 18 51 1
38 43 56 1
41 39 129 1
16 13 124 1
42 36 132 1
14 76 135 1
44 22 127 1
14 18 61 1
35 37 72 1
45 46 70 2
20 43 72 1
14 22 150 1
42 61 98 1
9 11 72 1
45 46 77 2
47 49 81 1
21 53 86 2
9 11 88 1
48 60 97 1
45 25 99 1
50 64 108 1
3 13 94 1
9 11 117 1
14 18 95 1
6 56 94 1
54 57 95 1
35 37 93 1
45 22 172 1
55 22 141 1
16 13 158 1
35 37 97 1
58 57 141 1
19 26 109 1
14 28 109 1
35 37 113 1
62 63 101 1
45 25 117 1
54 17 116 1
20 68 116 1
45 17 110 1
65 69 116 2
45 26 127 1
44 22 183 1
0 66 114 1
41 70 117 1
35 37 127 1
67 36 152 1
14 36 196 1
71 72 123 1
71 80 155 1
19 26 133 1
9 11 128 1
16 13 186 1
73 22 126 1
45 25 146 1
74 76 137 1
75 36 142 1
9 11 137 1
33 34 141 1
77 78 142 1
35 37 145 1
9 11 151 1
19 26 156 1
35 37 156 1
16 83 179 1
9 11 182 1
14 82 176 1
79 39 204 1
41 106 243 1
35 37 160 1
45 25 178 1
38 28 168 1
42 43 171 1
35 37 180 1
20 43 174 1
41 88 198 1
44 61 197 1
81 87 194 2
44 68 178 1
38 31 193 1
84 107 251 2
27 82 187 1
85 22 238 2
35 37 196 1
45 25 206 1
86 51 201 1
35 37 213 1
89 80 216 1
0 90 201 2
91 64 205 1
92 93 212 1
0 66 215 1
16 13 274 1
94 95 217 1
16 17 286 1
79 108 272 1
35 37 225 1
12 97 226 1
35 37 226 1
94 99 227 1
96 101 241 2
98 99 232 1
100 102 230 1
103 104 238 2
35 37 245 1
23 24 235 1
16 13 297 1
35 37 251 1
16 13 304 1
105 39 251 1
23 15 256 1
103 104 243 2
16 51 295 1
16 13 320 1
35 37 272 1
16 57 325 1
14 68 281 1
35 37 279 1
16 13 337 1
16 64 333 1
44 22 349 1
45 25 293 1
29 32 287 1
45 26 299 1
109 60 295 2
16 87 340 2
62 17 307 1
45 46 305 1
110 112 307 1
35 37 322 1
21 25 312 1
16 57 364 1
111 113 312 1
19 25 323 1
45 46 314 1
19 25 322 1
14 34 410 1
47 114 322 1
86 56 323 2
86 51 351 1
45 46 334 1
45 25 340 1
9 11 338 1
115 13 355 1
14 22 414 1
21 25 342 1
85 117 348 1
9 11 347 1
45 25 358 1
116 22 394 1
35 37 359 1
14 18 358 1
45 25 375 1
20 40 365 1
54 57 366 1
118 22 435 1
35 37 367 1
45 26 378 1
14 36 464 2
84 119 372 1
71 72 377 1
71 126 443 1
42 68 385 1
14 43 385 1
120 37 379 1
9 11 384 1
48 26 462 1
9 11 396 1
14 18 394 1
120 37 390 1
44 22 465 1
121 122 392 1
85 123 394 1
20 40 403 1
9 11 401 1
35 37 412 1
118 22 478 1
1 124 407 1
16 87 448 1
9 11 412 1
14 22 499 1
89 39 469 1
35 37 431 1
9 11 434 1
14 34 522 1
120 37 437 1
35 37 445 1
125 127 449 1
50 13 464 1
120 37 447 1
105 39 456 1
48 57 510 1
16 13 513 1
35 37 455 1
128 36 460 2
35 37 478 1
129 95 483 1
9 11 478 1
45 25 482 1
9 11 485 1
35 37 483 1
94 99 489 1
35 37 495 1
9 11 496 1
98 130 513 1
35 37 514 1
16 57 573 1
9 11 519 1
35 37 522 1
19 46 522 1
47 49 521 1
19 46 523 1
35 37 537 1
35 37 552 1
35 37 569 1
16 13 615 1
16 57 630 1
19 26 588 1
35 37 587 1
16 112 618 2
35 37 595 1
9 11 591 1
16 10 600 2
35 37 599 1
131 135 631 2
35 37 642 1
132 133 626 2
45 46 626 1
6 56 637 2
132 133 629 2
81 52 640 2
134 25 631 1
136 59 634 1
19 26 646 1
50 87 645 2
91 64 647 2
86 64 657 2
91 64 659 2
45 46 670 2
35 37 700 1
35 37 709 1
129 137 729 1
35 37 761 1
23 24 763 1
16 13 825 1
4 130 785 1
35 37 782 1
47 49 790 2
35 37 816 1
16 13 890 1
16 56 878 1
45 25 842 1
47 49 837 1
9 11 839 1
129 137 843 1
35 37 845 1
35 37 872 1
1 124 859 1
111 113 867 1
98 24 872 1
48 57 923 1
47 49 873 1
23 24 875 1
6 17 893 1
121 122 883 2
4 15 888 1
35 37 891 1
45 25 910 1
45 46 902 1
35 37 912 1
16 138 908 2
8 146 972 2
71 88 937 1
139 140 924 2
121 122 928 2
19 46 934 1
16 17 997 1
35 37 942 1
89 80 951 1
35 37 974 1
141 60 951 1
142 143 957 1
7 145 965 1
16 57 1039 1
48 57 1017 1
144 108 995 1
35 37 992 1
45 46 985 2
54 57 984 1
84 22 1056 1
16 87 1032 1
21 53 999 2
45 46 995 1
19 26 1012 1
129 147 1005 1
129 147 1012 1
129 137 1018 1
35 37 1018 1
19 26 1031 1
35 37 1027 1
41 88 1043 1
16 13 1087 1
50 13 1049 1
9 11 1044 1
89 39 1102 1
45 46 1047 1
35 37 1052 1
9 11 1054 1
21 25 1058 1
35 37 1059 1
19 26 1071 1
35 37 1080 1
35 37 1092 1
14 36 1170 1
16 13 1159 1
35 37 1102 1
71 88 1114 1
21 46 1103 1
35 37 1147 1
16 148 1144 1
89 108 1163 1
129 137 1134 1
16 13 1199 1
81 87 1158 1
16 149 1178 2
50 13 1175 1
35 37 1162 1
48 56 1202 1
9 11 1167 1
81 83 1170 2
45 46 1168 1
121 122 1173 2
45 46 1177 1
109 56 1207 2
1 124 1185 1
35 37 1183 1
19 26 1197 1
35 37 1191 1
35 37 1202 1
6 17 1221 1
3 59 1216 1
45 46 1209 1
54 150 1215 1
14 36 1296 1
19 26 1232 1
35 37 1232 1
35 37 1235 1
16 46 1303 2
48 10 1246 2
8 146 1294 2
35 37 1262 1
16 87 1303 2
151 152 1267 1
129 99 1302 1
35 37 1302 1
9 11 1293 1
98 24 1307 1
35 37 1308 1
45 46 1315 2
86 13 1318 1
23 15 1327 1
134 53 1320 2
35 37 1322 1
45 26 1333 1
48 57 1390 1
47 49 1345 1
35 37 1348 1
84 36 1430 1
35 37 1365 1
16 138 1430 2
35 37 1386 1
16 138 1391 2
14 93 1435 1
19 26 1404 1
153 135 1408 2
77 78 1418 2
35 37 1412 1
14 36 1480 1
129 147 1413 1
35 37 1414 1
136 56 1415 1
129 147 1421 1
35 37 1428 1
81 83 1421 2
14 22 1494 1
129 137 1428 1
154 46 1456 2
35 37 1448 1
45 46 1433 1
55 22 1475 1
19 26 1444 1
29 32 1444 1
98 155 1451 1
35 37 1466 1
84 43 1463 1
9 11 1467 1
20 22 1524 1
23 15 1472 1
44 68 1536 1
35 37 1492 1
71 39 1552 1
9 11 1475 1
9 11 1492 1
35 37 1502 1
16 83 1531 1
41 70 1499 1
71 88 1520 1
9 11 1514 1
35 37 1531 1
9 11 1521 1
84 36 1589 1
89 159 1567 1
47 49 1530 1
154 13 1565 1
16 13 1598 1
71 156 1548 1
35 37 1559 1
120 37 1540 1
16 135 1590 1
16 10 1557 2
151 152 1569 1
89 157 1560 1
9 11 1558 1
84 34 1642 1
142 108 1608 1
14 43 1574 1
158 39 1583 1
8 13 1620 2
35 159 1592 1
14 119 1576 1
42 22 1645 1
94 95 1577 1
45 25 1586 1
84 40 1583 1
14 161 1629 1
129 137 1585 1
118 82 1590 1
44 22 1660 1
98 155 1594 1
14 36 1672 1
94 130 1607 1
35 37 1612 1
14 28 1614 1
98 24 1617 1
21 46 1614 1
4 15 1640 1
134 25 1616 1
30 15 1625 1
16 13 1670 1
19 26 1624 1
42 22 1689 1
84 36 1698 1
9 11 1627 1
120 159 1624 1
84 43 1632 1
160 36 1660 1
20 43 1631 1
45 25 1639 2
14 119 1639 1
118 36 1706 1
35 37 1631 1
84 28 1642 1
42 82 1639 1
160 162 1637 1
20 68 1648 1
103 104 1638 2
44 22 1699 1
38 22 1719 1
118 165 1661 1
9 11 1645 1
47 49 1640 1
163 22 1643 2
96 101 1643 1
35 37 1657 1
44 123 1654 1
14 28 1655 1
2 164 1648 1
103 104 1652 2
2 69 1649 1
20 43 1658 1
85 36 1716 1
9 11 1659 1
100 104 1657 1
103 104 1656 1
42 82 1665 1
116 22 1710 1
118 22 1729 1
35 37 1667 1
14 34 1751 1
9 11 1685 1
73 22 1666 1
85 166 1672 1
14 68 1689 1
71 39 1760 1
16 113 1726 2
118 123 1700 1
8 114 1709 2
44 36 1763 1
9 11 1690 1
14 22 1767 1
35 37 1700 1
167 22 1755 1
71 127 1777 1
73 22 1698 1
16 17 1765 1
168 69 1715 1
35 37 1711 1
48 17 1771 1
35 37 1738 1
169 36 1731 1
139 140 1718 1
71 88 1740 1
154 146 1750 2
50 52 1729 1
9 11 1730 1
153 113 1728 1
14 18 1739 1
84 119 1743 1
16 63 1795 1
38 40 1748 1
16 17 1803 1
42 36 1813 1
9 11 1749 1
151 152 1749 1
89 39 1810 1
14 119 1751 1
42 68 1751 1
35 37 1760 1
118 22 1822 1
129 147 1751 1
121 122 1755 1
20 43 1757 1
120 159 1764 1
19 46 1759 1
129 95 1773 1
118 22 1827 1
14 31 1783 1
9 11 1765 1
151 147 1773 1
21 53 1770 1
45 46 1762 1
33 34 1762 1
1 124 1767 1
19 26 1776 1
134 25 1767 1
35 37 1785 1
14 82 1789 1
129 137 1783 1
105 39 1784 1
19 26 1785 1
55 93 1777 1
94 99 1784 1
27 123 1786 1
120 159 1785 1
14 43 1794 1
167 22 1843 1
44 68 1785 1
44 82 1790 1
44 90 1819 1
14 22 1874 1
94 24 1802 1
170 97 1791 1
42 34 1873 1
35 37 1812 1
62 64 1798 1
9 11 1797 1
167 166 1800 1
14 22 1884 1
84 82 1816 1
116 36 1860 1
45 25 1814 1
4 15 1816 1
9 11 1806 1
19 26 1815 1
14 43 1816 1
103 104 1809 1
9 11 1817 1
14 107 1894 1
98 24 1824 1
44 171 1834 1
0 22 1857 1
42 104 1886 1
48 17 1886 1
41 39 1904 1
9 11 1847 1
35 37 1832 1
14 119 1827 1
84 40 1834 1
4 15 1838 1
14 36 1910 1
118 22 1904 1
35 37 1841 1
16 13 1892 1
92 93 1838 1
172 173 1850 1
14 68 1858 1
67 34 1890 1
9 11 1859 1
118 102 1907 1
129 99 1890 1
35 37 1862 1
151 147 1870 1
9 11 1874 1
128 22 1873 2
16 17 1931 1
73 22 1873 1
35 37 1879 1
129 147 1875 1
129 137 1879 1
16 17 1952 1
16 13 1936 1
103 34 1897 1
94 99 1898 1
9 11 1892 1
19 46 1891 1
35 37 1904 1
45 26 1898 1
16 17 1960 1
9 11 1902 1
98 99 1903 2
21 46 1908 1
163 36 1907 1
100 22 1921 1
4 15 1920 1
121 122 1910 1
98 155 1931 1
16 13 1972 1
41 70 2005 1
9 11 1919 1
35 37 1922 1
163 107 1914 1
71 39 2017 1
35 37 1936 1
19 26 1945 1
35 37 1978 1
45 46 1942 1
19 25 1953 1
19 26 1966 1
19 26 1973 1
16 57 2034 2
16 175 2004 1
48 122 1978 1
14 107 2075 2
121 174 1984 1
16 13 2043 1
45 46 1984 1
109 60 1985 1
21 25 1992 1
35 159 1996 1
42 68 1988 2
14 36 2096 1
35 159 2013 1
120 159 2006 1
85 165 2017 2
89 159 2052 1
86 56 2028 1
35 37 2020 1
120 159 2029 1
50 52 2024 2
16 13 2083 1
14 36 2114 1
139 10 2036 1
35 37 2045 1
120 159 2047 1
45 25 2052 1
45 25 2049 1
16 63 2104 1
45 25 2062 1
158 39 2068 1
48 13 2104 1
35 37 2062 1
120 159 2069 1
41 88 2081 1
120 159 2074 1
35 37 2081 1
128 36 2081 2
89 177 2116 1
35 37 2091 1
9 11 2094 1
45 46 2091 1
45 46 2103 1
35 37 2100 1
47 49 2104 1
121 122 2108 1
35 159 2122 1
141 174 2107 1
109 60 2112 1
176 37 2126 1
1 124 2116 1
45 46 2120 1
134 25 2123 1
111 113 2125 1
158 127 2139 1
153 113 2128 1
125 126 2133 1
35 37 2144 1
178 108 2144 1
16 114 2172 1
23 24 2176 1
48 17 2238 1
81 13 2205 1
16 51 2228 1
35 37 2177 1
4 130 2183 1
16 13 2251 1
30 15 2190 1
16 17 2255 1
84 34 2273 1
151 152 2205 1
35 37 2205 1
16 13 2267 1
129 99 2242 1
14 34 2290 1
45 25 2225 1
35 37 2218 1
35 37 2224 1
50 13 2241 1
35 37 2231 1
35 37 2240 1
19 26 2250 1
141 174 2242 1
16 64 2294 1
109 60 2245 2
58 149 2248 2
58 13 2297 1
45 46 2251 1
41 70 2275 1
48 57 2319 1
21 25 2262 1
45 46 2263 1
45 25 2272 1
45 25 2270 1
9 11 2271 1
9 11 2277 1
30 15 2277 1
35 37 2282 1
48 17 2337 1
45 25 2285 1
89 39 2333 1
141 174 2288 1
35 37 2296 1
35 37 2312 1
45 25 2314 1
120 159 2302 1
120 37 2308 1
16 13 2367 1
35 37 2327 1
19 26 2332 1
35 37 2337 1
19 26 2351 1
16 13 2393 1
14 34 2423 1
35 37 2358 1
129 130 2412 1
45 25 2385 1
35 37 2373 1
19 25 2412 1
48 57 2474 1
47 49 2420 1
8 10 2415 1
9 11 2421 1
35 37 2419 1
30 15 2421 1
20 43 2440 1
42 22 2498 1
14 36 2528 1
16 52 2505 1
16 17 2532 1
14 34 2551 1
9 11 2489 1
14 119 2485 1
19 26 2492 1
84 40 2490 1
118 82 2495 1
9 11 2496 1
44 171 2506 1
14 34 2581 1
115 13 2526 1
71 39 2583 1
14 76 2589 1
0 22 2537 1
35 37 2513 1
9 11 2530 1
47 49 2527 1
33 34 2527 1
14 40 2539 1
9 11 2537 1
45 53 2543 1
20 68 2545 1
19 25 2546 1
120 159 2539 1
118 97 2575 1
16 13 2601 1
14 22 2615 1
44 82 2547 1
35 37 2560 1
9 11 2550 1
27 36 2609 1
179 145 2554 1
120 159 2551 1
71 108 2624 1
120 159 2560 1
120 159 2562 1
16 13 2630 1
129 95 2585 1
12 22 2601 1
151 99 2617 1
35 37 2582 1
9 11 2577 1
16 13 2645 1
14 28 2586 1
160 161 2585 1
38 82 2599 1
35 37 2592 1
74 34 2595 1
9 11 2590 1
94 95 2590 1
100 102 2587 1
42 22 2660 1
35 37 2603 1
94 99 2594 1
27 36 2654 1
120 159 2607 1
9 11 2613 1
98 155 2611 1
41 88 2621 1
48 17 2666 1
14 34 2687 1
45 25 2619 1
47 49 2614 1
125 126 2613 1
35 37 2616 1
35 37 2625 1
98 15 2648 1
23 15 2632 1
14 18 2629 1
71 39 2706 1
89 143 2639 1
84 40 2634 1
35 37 2634 1
48 17 2693 1
84 28 2630 1
42 34 2707 1
14 181 2673 1
35 37 2636 1
7 39 2677 1
45 25 2649 1
120 159 2640 1
35 159 2648 1
35 159 2660 1
85 22 2692 1
9 11 2659 1
85 180 2649 1
14 36 2743 2
33 34 2653 1
84 119 2658 1
45 46 2660 1
20 68 2667 1
21 25 2665 1
42 22 2730 1
120 37 2671 1
48 17 2730 1
9 11 2674 1
19 26 2681 1
27 82 2670 1
0 162 2676 1
14 28 2684 1
35 159 2682 1
84 107 2754 1
182 123 2677 1
35 37 2680 1
9 11 2685 1
20 68 2692 1
183 22 2701 1
44 82 2693 1
9 11 2693 1
14 22 2768 1
27 22 2753 1
84 43 2702 1
19 26 2706 1
35 37 2703 1
16 13 2752 1
9 11 2702 1
0 66 2700 1
44 166 2719 1
67 161 2705 1
184 82 2706 1
44 68 2709 1
14 34 2799 1
182 166 2720 1
84 40 2720 1
16 17 2776 1
84 119 2714 1
35 37 2721 1
9 11 2724 1
85 165 2725 1
42 22 2785 1
29 186 2754 1
29 32 2726 1
35 37 2724 1
14 36 2808 1
35 37 2732 1
16 17 2793 1
45 26 2742 1
109 60 2734 2
0 66 2740 1
9 11 2743 1
160 101 2752 1
3 146 2744 1
129 95 2757 1
14 82 2766 1
9 11 2757 1
185 36 2773 2
163 22 2759 2
14 36 2839 1
16 25 2832 1
16 148 2786 1
185 186 2757 1
45 46 2758 1
73 22 2758 1
35 37 2764 1
94 95 2759 1
45 25 2769 1
98 15 2794 1
169 69 2763 1
187 36 2827 1
75 107 2770 2
121 174 2771 1
14 36 2851 1
9 11 2775 1
19 26 2787 1
9 11 2783 1
81 13 2814 1
14 40 2794 1
14 119 2795 1
120 159 2794 1
42 22 2871 1
6 135 2793 1
84 40 2802 1
9 11 2794 1
45 46 2795 1
6 56 2800 1
35 37 2797 1
19 26 2805 1
14 68 2812 1
118 173 2834 1
120 159 2800 1
9 11 2808 1
84 181 2854 2
35 37 2804 1
91 64 2812 1
9 11 2817 1
44 22 2882 1
16 64 2866 1
14 22 2902 1
9 11 2824 1
16 13 2882 1
16 17 2895 1
9 11 2838 1
167 22 2890 1
35 37 2836 1
116 93 2843 2
12 97 2842 1
35 159 2843 1
141 174 2848 1
183 36 2866 1
75 36 2849 1
188 181 2848 2
35 37 2853 1
9 11 2855 1
120 159 2851 1
160 36 2892 2
35 159 2862 1
14 34 2937 1
103 104 2859 1
96 186 2864 2
9 11 2871 1
35 37 2870 1
48 57 2916 1
33 34 2865 1
14 43 2876 1
65 186 2873 2
91 64 2867 1
120 159 2867 1
120 37 2879 1
120 159 2878 1
42 36 2951 1
14 28 2884 1
74 76 2876 2
45 46 2883 1
73 22 2881 1
20 68 2891 1
35 37 2887 1
45 25 2899 1
44 22 2956 1
14 22 2970 1
84 26 2908 1
9 11 2899 1
74 107 2897 2
35 37 2900 1
35 159 2909 1
14 22 2990 1
35 37 2918 1
160 161 2922 1
19 25 2931 1
9 11 2936 1
48 57 2992 1
120 159 2941 1
9 11 2961 1
163 107 2953 1
16 64 3010 1
48 57 3010 1
35 37 2962 1
74 107 2966 2
9 11 2970 1
73 22 2970 1
9 11 2987 1
16 57 3037 1
71 145 3028 1
154 175 2992 1
120 159 3005 1
35 37 3002 1
19 26 3006 1
16 13 3063 1
120 159 3013 1
91 13 3013 1
35 37 3011 1
48 17 3074 1
132 133 3010 2
35 37 3013 1
129 137 3017 1
151 152 3014 1
120 159 3027 1
48 17 3086 1
45 25 3032 1
151 147 3026 1
94 99 3038 1
35 37 3028 1
144 108 3066 1
129 137 3036 1
120 159 3034 1
35 37 3036 1
120 159 3043 1
14 36 3113 1
94 137 3042 1
19 26 3051 1
98 15 3074 1
48 17 3109 1
94 95 3052 1
14 22 3134 1
85 135 3057 1
16 13 3118 1
136 59 3058 1
35 37 3059 1
35 37 3068 1
98 130 3088 1
45 25 3081 1
84 26 3086 1
48 17 3147 1
30 15 3097 1
16 57 3153 1
19 26 3099 1
9 11 3095 1
35 37 3099 1
9 11 3098 1
35 37 3102 1
9 11 3112 1
19 26 3122 1
35 37 3116 1
14 22 3205 1
9 11 3123 1
84 22 3194 1
45 25 3137 1
48 57 3183 1
14 43 3157 1
84 22 3226 1
19 26 3159 1
118 68 3160 1
19 26 3167 1
187 82 3163 1
160 161 3169 1
48 57 3227 1
35 37 3175 1
9 11 3183 1
92 34 3218 1
9 11 3205 1
19 26 3198 1
35 37 3205 1
35 37 3214 1
9 11 3216 1
47 49 3227 1
48 122 3228 1
9 11 3223 1
121 64 3280 1
16 10 3240 2
19 26 3242 1
35 37 3240 1
8 13 3299 2
48 17 3307 1
8 83 3258 2
8 10 3245 2
8 49 3257 2
16 13 3319 1
16 13 3321 1
154 52 3269 1
81 135 3280 1
120 159 3274 1
50 52 3272 1
151 95 3311 1
50 135 3282 1
120 159 3282 1
86 51 3280 1
54 57 3283 1
35 37 3287 1
120 159 3287 1
5 146 3295 1
19 26 3300 1
120 159 3298 1
35 37 3303 1
45 25 3316 2
120 159 3307 1
19 26 3320 1
98 99 3320 1
151 137 3334 1
16 57 3385 1
19 26 3334 1
98 155 3328 1
35 37 3334 1
21 46 3341 1
23 15 3354 1
120 159 3347 1
94 95 3349 1
120 159 3353 1
16 146 3408 1
94 99 3351 1
98 99 3359 1
120 159 3366 1
23 130 3388 1
120 159 3379 1
47 49 3384 1
120 159 3390 1
16 146 3451 1
129 95 3410 1
120 159 3401 1
19 26 3402 1
47 49 3405 1
35 37 3412 1
120 159 3410 1
94 95 3415 1
120 159 3415 1
98 99 3421 1
120 159 3420 1
47 49 3425 1
98 15 3452 1
35 37 3428 1
120 159 3442 1
120 159 3444 1
129 137 3456 1
35 37 3460 1
94 95 3467 1
94 95 3473 1
151 152 3469 1
21 46 3470 1
98 99 3479 1
129 147 3478 1
120 159 3479 1
129 137 3487 1
98 155 3511 1
94 15 3532 1
35 37 3493 1
120 159 3500 1
35 37 3516 1
35 37 3537 1
48 57 3599 1
16 13 3610 1
141 60 3558 2
16 17 3628 1
120 159 3566 1
35 159 3587 1
48 17 3668 1
19 26 3613 1
47 49 3616 1
45 25 3629 1
120 159 3624 1
19 26 3642 1
16 17 3727 1
47 49 3675 1
71 108 3769 1
19 26 3682 1
16 13 3749 1
35 37 3695 1
120 159 3688 1
16 17 3769 1
35 37 3705 1
35 37 3712 1
120 159 3712 1
16 13 3771 1
35 37 3723 1
120 159 3729 1
19 26 3740 1
35 159 3748 1
35 37 3742 1
48 17 3803 1
47 49 3751 1
35 37 3760 1
120 159 3759 1
84 36 3835 1
45 25 3769 1
16 13 3826 1
120 159 3762 1
16 13 3836 1
19 26 3783 1
151 99 3815 1
45 25 3792 1
71 126 3850 1
189 15 3845 1
14 22 3868 1
35 37 3803 1
48 17 3859 1
120 159 3799 1
81 83 3803 1
14 22 3880 1
19 26 3816 1
35 37 3812 1
120 159 3812 1
35 37 3840 1
120 159 3845 1
94 24 3848 1
16 13 3884 1
47 49 3833 1
9 11 3833 1
41 39 3909 1
14 28 3839 1
45 25 3845 1
160 161 3835 1
20 68 3845 1
14 68 3855 1
118 22 3908 1
45 25 3857 1
23 15 3861 1
189 15 3911 1
158 39 3863 1
35 37 3859 1
120 37 3869 1
118 22 3917 1
9 11 3855 1
14 43 3867 1
9 11 3872 1
45 26 3872 1
16 26 3935 1
120 159 3872 1
42 34 3930 1
47 49 3872 1
73 22 3867 1
14 18 3871 1
84 28 3875 1
20 43 3878 1
35 37 3879 1
9 11 3874 1
42 68 3882 1
14 28 3885 1
16 13 3939 1
44 22 3949 1
73 22 3879 1
184 36 3939 1
120 159 3891 1
35 37 3888 1
20 68 3891 1
118 22 3955 1
14 34 3970 1
45 25 3905 1
14 22 3970 1
120 159 3899 1
35 37 3902 1
9 11 3916 1
160 161 3906 1
71 156 3924 1
65 69 3916 1
160 161 3914 1
35 159 3922 1
14 34 3993 1
74 76 3925 1
190 193 3931 1
89 108 3984 1
191 192 3975 2
35 37 3937 1
9 11 3942 1
14 22 4013 1
16 17 4007 1
35 159 3952 1
14 76 4014 1
45 25 3958 1
14 28 3954 1
9 11 3952 1
35 37 3953 1
20 107 4021 1
35 37 3966 1
120 159 3967 1
16 13 4020 1
9 11 3969 1
14 22 4039 1
5 13 3978 1
71 39 4053 1
120 37 3996 1
45 53 3997 2
48 26 4061 1
120 159 3991 1
84 76 4064 1
16 17 4058 1
9 11 4002 1
120 37 4019 1
35 37 4011 1
71 39 4081 1
19 26 4020 1
120 159 4034 1
163 22 4023 1
1 124 4020 1
9 11 4020 1
48 17 4083 1
110 194 4027 1
9 11 4032 1
45 25 4037 1
35 37 4032 1
9 11 4037 1
14 36 4120 1
35 37 4046 1
120 159 4039 1
16 13 4108 1
48 13 4107 1
120 159 4049 1
16 148 4086 1
14 22 4133 1
35 37 4056 1
120 159 4062 1
84 26 4070 1
151 15 4128 1
14 40 4071 1
74 36 4070 1
16 87 4112 1
14 68 4078 2
84 119 4067 1
35 37 4081 1
42 68 4074 1
14 40 4082 1
118 107 4131 1
42 36 4152 2
14 36 4166 1
41 39 4156 1
44 22 4149 1
35 37 4089 1
81 17 4123 1
45 26 4095 1
120 37 4138 1
189 15 4165 1
182 123 4092 2
29 180 4100 2
41 39 4174 1
16 83 4127 1
185 186 4101 2
120 159 4105 1
16 26 4180 1
14 22 4179 1
120 159 4108 1
19 26 4119 1
16 46 4178 1
195 107 4110 1
50 13 4132 1
67 196 4112 2
9 11 4119 1
19 25 4128 1
132 133 4118 2
14 22 4195 1
81 13 4160 1
120 159 4129 1
45 25 4143 1
14 36 4199 1
103 36 4139 1
120 159 4141 1
73 22 4132 1
169 107 4134 2
45 25 4155 1
14 107 4213 1
35 37 4153 1
48 17 4202 1
73 22 4148 1
120 159 4156 1
5 51 4152 1
178 39 4155 1
35 37 4164 1
14 22 4240 1
120 159 4164 1
48 17 4220 1
9 11 4172 1
35 37 4166 1
35 37 4216 1
9 11 4177 1
19 25 4184 1
19 26 4191 1
120 159 4184 1
169 102 4188 2
103 104 4189 1
47 49 4186 1
84 119 4186 1
14 36 4272 2
38 28 4189 1
14 22 4272 1
42 68 4194 1
73 22 4194 1
27 31 4202 1
9 11 4205 1
19 26 4214 1
182 166 4210 2
85 32 4215 1
48 17 4268 1
74 22 4220 1
9 11 4222 1
47 49 4212 1
16 13 4275 1
16 17 4279 1
92 171 4217 2
35 37 4225 1
120 159 4232 1
14 28 4227 2
19 26 4232 1
14 31 4248 2
35 37 4277 1
118 68 4234 2
9 11 4239 1
120 159 4240 1
48 17 4302 1
182 107 4301 2
120 159 4254 1
85 66 4267 2
121 122 4249 1
16 17 4318 1
2 186 4254 2
141 60 4257 1
195 107 4268 2
120 159 4262 1
139 140 4261 1
195 107 4263 2
16 26 4344 1
19 26 4279 1
16 17 4343 1
35 37 4309 1
45 25 4293 1
16 13 4349 1
45 26 4290 1
120 159 4295 1
84 34 4366 1
45 26 4315 1
151 155 4361 1
35 37 4369 1
16 64 4369 1
189 15 4388 1
45 26 4330 1
189 152 4320 2
120 159 4332 1
120 159 4338 1
189 15 4418 1
45 25 4363 1
47 49 4353 1
45 25 4371 1
48 150 4417 1
47 49 4362 1
9 11 4361 1
98 15 4403 1
189 152 4376 1
35 37 4378 1
129 99 4403 1
35 37 4414 1
45 46 4380 1
120 159 4380 1
45 25 4391 1
120 159 4390 1
120 159 4409 1
98 99 4412 1
35 37 4426 1
98 24 4425 1
54 57 4421 1
19 26 4435 1
23 15 4440 1
35 37 4434 1
35 37 4444 1
120 159 4442 1
35 37 4446 1
35 37 4456 1
120 159 4456 1
35 37 4462 1
35 37 4474 1
35 37 4483 1
16 17 4544 1
16 52 4528 2
120 159 4486 1
47 49 4493 1
120 159 4490 1
35 159 4507 1
9 11 4495 1
35 37 4523 1
120 159 4537 1
115 13 4548 1
35 37 4526 1
120 159 4532 1
35 37 4548 1
91 64 4546 1
19 26 4557 1
120 159 4552 1
16 13 4635 2
45 25 4568 1
35 37 4556 1
120 159 4564 1
139 78 4576 2
35 37 4570 1
120 159 4567 1
120 37 4592 1
35 37 4580 1
48 17 4644 1
47 49 4583 2
16 17 4653 1
120 159 4589 1
35 37 4615 1
120 159 4597 1
151 15 4672 1
48 17 4672 1
16 138 4613 1
120 37 4610 1
16 146 4681 2
48 192 4621 2
35 37 4623 1
120 159 4621 1
84 36 4707 1
86 51 4624 1
35 37 4629 1
120 159 4626 1
5 64 4632 1
35 37 4672 1
120 159 4638 1
45 46 4645 1
120 159 4646 1
21 25 4658 2
120 159 4651 1
19 26 4664 1
120 159 4672 1
6 56 4661 1
86 51 4668 1
16 13 4729 1
45 26 4683 1
35 37 4674 1
120 159 4677 1
35 37 4686 1
45 53 4705 2
35 37 4700 1
120 159 4694 1
120 159 4701 1
35 37 4711 1
35 37 4716 1
84 34 4800 1
16 52 4758 1
16 17 4788 1
35 37 4730 1
120 159 4732 1
16 17 4799 1
120 159 4736 1
45 25 4747 1
35 37 4749 1
9 11 4743 1
151 152 4804 1
35 37 4755 1
120 159 4754 1
153 13 4776 1
120 159 4762 1
35 37 4762 1
120 159 4770 1
35 37 4771 1
48 17 4832 1
54 57 4778 1
35 37 4779 1
45 25 4792 1
35 37 4786 1
35 37 4794 1
19 26 4800 1
35 37 4801 1
19 26 4811 1
35 37 4811 1
16 13 4880 1
35 37 4824 1
19 26 4847 1
35 37 4852 1
48 17 4916 1
16 148 4893 1
47 49 4866 1
120 159 4866 1
16 17 4930 1
120 159 4870 1
9 11 4875 1
35 37 4879 1
121 122 4879 1
16 17 4943 1
109 149 4888 2
35 37 4892 1
19 25 4899 1
81 13 4924 1
81 83 4891 2
35 37 4913 1
16 57 4977 1
19 26 4929 1
35 37 4920 1
54 150 4922 1
35 37 4930 1
45 46 4936 1
19 25 4943 1
19 26 4940 1
35 37 4941 1
19 26 4955 1
35 37 4951 1
35 37 4962 1
48 13 5047 1
19 25 4995 1
16 64 5043 1
35 37 4997 1
16 10 5007 2
16 138 5007 2
35 37 5006 1
8 51 5064 2
35 37 5012 1
121 122 5014 2
16 17 5079 1
77 114 5027 2
35 37 5024 1
16 26 5103 1
50 135 5027 1
81 83 5032 2
35 37 5040 1
9 11 5035 1
58 149 5035 2
154 175 5037 2
48 17 5101 1
121 122 5041 1
19 25 5065 1
14 18 5052 1
84 197 5064 1
120 159 5057 1
16 57 5114 1
50 56 5057 2
20 31 5072 1
45 46 5060 1
35 37 5068 1
85 56 5060 1
5 13 5070 2
44 36 5132 1
48 17 5129 1
84 198 5065 1
27 123 5072 2
14 22 5141 1
29 32 5070 1
35 37 5070 1
167 162 5098 1
48 17 5139 1
45 46 5073 1
85 117 5081 1
84 26 5092 1
19 25 5090 2
35 37 5089 1
35 37 5095 1
160 22 5127 2
48 46 5168 1
170 101 5105 1
14 22 5176 1
9 11 5107 1
19 26 5113 1
151 24 5159 1
71 39 5179 1
35 37 5111 1
14 36 5195 1
120 159 5109 1
16 13 5170 1
48 17 5179 1
35 37 5133 1
45 25 5132 1
74 107 5128 2
84 26 5142 1
16 57 5188 1
128 36 5133 1
9 11 5138 1
35 37 5160 1
71 39 5230 1
120 159 5140 1
19 26 5151 1
16 13 5211 1
71 39 5244 1
4 15 5169 1
120 159 5160 1
121 192 5165 1
9 11 5162 1
50 52 5164 1
35 37 5184 1
9 11 5174 1
19 26 5178 1
16 198 5237 1
199 22 5177 1
14 36 5243 1
45 25 5188 1
19 26 5190 1
54 57 5190 1
35 37 5203 1
109 60 5192 2
19 26 5204 1
1 124 5198 1
16 17 5264 1
14 22 5281 1
120 37 5208 1
16 138 5214 2
35 37 5220 1
45 25 5229 1
120 37 5224 1
19 46 5216 1
8 10 5220 2
71 108 5303 1
8 10 5224 2
14 104 5298 1
35 37 5244 1
191 146 5272 2
19 26 5248 1
14 68 5257 1
71 39 5327 1
35 37 5252 1
48 26 5332 1
35 37 5258 1
44 22 5326 1
153 52 5257 2
16 198 5329 1
14 22 5345 1
9 11 5272 1
35 37 5282 1
19 26 5277 1
84 36 5351 1
16 83 5307 2
91 64 5274 2
14 28 5284 1
41 39 5358 1
16 17 5342 1
120 37 5285 1
16 192 5287 2
20 68 5291 1
9 11 5287 1
121 146 5337 1
16 13 5357 1
21 25 5297 1
118 22 5362 1
9 11 5294 1
35 37 5303 1
84 22 5376 1
14 18 5299 1
103 22 5307 1
9 11 5306 1
58 194 5304 1
38 82 5312 1
14 22 5383 1
120 159 5305 1
27 36 5368 1
9 11 5310 1
35 37 5332 1
14 22 5389 1
154 52 5317 1
62 63 5316 1
9 11 5324 1
120 159 5336 1
9 11 5338 1
19 26 5342 1
84 36 5408 1
54 150 5337 1
91 13 5341 1
14 197 5345 1
48 17 5395 1
35 159 5364 1
14 28 5351 1
84 46 5346 1
20 40 5347 1
9 11 5345 1
42 68 5350 1
100 102 5349 1
16 13 5412 1
45 26 5353 1
118 82 5353 1
20 22 5424 1
19 25 5362 1
103 104 5353 1
187 31 5355 1
84 34 5426 1
27 123 5359 1
16 138 5359 2
35 37 5358 1
167 22 5415 1
48 13 5424 1
132 133 5357 2
45 25 5376 1
8 10 5362 1
8 10 5364 2
35 37 5381 1
16 13 5434 1
121 122 5372 2
14 82 5392 1
77 78 5380 2
103 104 5377 1
42 197 5381 1
47 148 5393 2
9 11 5384 1
44 22 5452 1
14 22 5464 1
35 37 5397 1
19 26 5406 1
50 135 5420 1
35 37 5412 1
41 39 5487 1
200 165 5401 1
16 13 5461 1
92 171 5408 1
14 68 5421 1
9 11 5411 1
92 66 5416 1
54 57 5410 1
9 11 5413 1
35 37 5421 1
16 26 5489 1
45 25 5430 1
44 22 5487 1
54 57 5424 1
67 107 5441 1
35 37 5423 1
120 37 5423 1
45 46 5432 1
19 46 5438 1
16 17 5487 1
35 37 5444 1
120 159 5432 1
21 25 5442 1
84 123 5457 1
134 25 5444 1
169 107 5442 1
169 76 5446 1
14 31 5461 1
45 25 5455 1
195 36 5454 1
58 149 5450 1
9 11 5452 1
35 37 5453 1
14 101 5513 1
167 93 5475 1
35 37 5462 1
120 159 5457 1
27 22 5519 1
9 11 5461 1
85 22 5511 1
120 159 5467 1
19 25 5479 1
14 68 5481 1
189 152 5470 1
35 37 5475 1
92 36 5518 1
84 36 5559 1
151 15 5543 1
103 107 5480 1
35 37 5482 1
160 161 5479 1
118 22 5549 1
9 11 5484 1
35 37 5490 1
14 22 5566 1
19 26 5500 1
35 37 5496 1
16 87 5545 1
35 37 5501 1
9 11 5506 1
14 119 5508 1
84 40 5515 1
35 37 5510 1
96 22 5537 1
42 22 5585 1
35 37 5515 1
128 34 5520 1
14 201 5542 1
151 24 5576 1
29 36 5575 1
14 197 5531 1
20 68 5536 1
9 11 5527 1
182 123 5528 1
84 28 5538 1
154 148 5534 2
14 18 5532 1
9 11 5536 1
71 39 5602 1
200 165 5533 1
118 31 5541 1
38 43 5541 1
35 37 5542 1
84 36 5620 1
92 171 5541 1
42 22 5608 1
27 22 5601 1
85 11 5588 1
42 123 5551 1
9 11 5546 1
14 68 5557 1
86 13 5561 1
92 93 5543 1
16 17 5599 1
35 37 5552 1
16 17 5611 1
188 202 5548 1
9 11 5553 1
67 34 5590 1
44 22 5619 1
103 104 5555 1
91 64 5555 1
35 159 5585 1
121 122 5560 1
48 17 5622 1
14 43 5567 1
20 22 5637 1
92 203 5568 1
19 25 5579 1
172 36 5613 1
84 197 5581 1
71 39 5643 1
14 119 5571 1
23 15 5588 1
20 43 5576 1
42 82 5587 1
9 11 5585 1
44 36 5650 1
195 107 5590 2
195 36 5597 2
35 37 5622 1
27 22 5647 1
71 127 5667 1
48 17 5651 1
9 11 5592 1
151 15 5663 1
103 104 5600 2
9 11 5598 1
16 64 5666 1
45 25 5614 1
9 11 5608 1
73 22 5607 1
33 34 5612 1
19 26 5624 1
16 63 5667 1
9 11 5618 1
16 13 5678 1
33 34 5619 1
73 22 5619 1
14 22 5691 1
19 26 5636 1
48 57 5686 1
35 159 5648 1
139 122 5641 1
75 107 5648 2
35 37 5649 1
120 159 5654 1
19 26 5662 1
189 15 5732 1
35 37 5674 1
91 57 5673 1
62 63 5669 1
105 39 5674 1
45 25 5687 1
9 11 5677 1
35 37 5677 1
45 25 5690 1
16 13 5738 1
9 11 5689 1
19 25 5697 1
19 26 5699 1
151 15 5772 1
16 17 5772 1
35 37 5709 1
35 37 5726 1
16 57 5786 1
35 37 5737 1
81 83 5739 2
35 37 5742 1
45 25 5754 1
35 37 5767 1
16 17 5847 1
45 26 5785 1
35 37 5779 1
129 147 5782 1
16 64 5848 1
129 137 5790 1
35 37 5790 1
129 99 5814 1
19 26 5803 1
16 52 5834 1
121 122 5795 1
109 60 5802 1
151 15 5874 1
98 15 5843 1
189 99 5865 1
115 13 5855 1
54 17 5853 1
19 26 5861 1
19 25 5872 1
35 37 5858 1
19 46 5867 1
98 24 5886 1
16 57 5946 1
23 15 5902 1
16 17 5956 1
16 13 5952 1
191 78 5909 1
16 57 5969 1
48 198 5966 1
9 11 5911 1
9 11 5915 1
16 17 5993 1
141 174 5950 1
45 25 5964 1
45 25 5973 1
19 46 5969 1
19 26 5976 1
48 57 6031 1
19 25 5986 1
47 49 5979 1
48 17 6058 1
19 26 6006 1
139 140 6005 1
121 122 6007 1
58 149 6016 1
16 146 6094 2
19 26 6043 1
189 15 6120 1
16 17 6120 1
35 37 6064 1
16 64 6119 1
19 26 6069 1
14 22 6158 1
58 149 6081 2
86 56 6079 1
48 17 6139 1
35 37 6083 1
48 17 6152 1
91 64 6098 2
111 113 6092 1
91 25 6117 2
16 57 6161 1
189 15 6164 1
35 37 6103 1
14 36 6180 1
6 135 6101 1
6 56 6106 2
45 46 6109 2
16 57 6172 1
35 37 6109 1
16 52 6158 1
91 64 6121 2
191 192 6124 2
16 17 6191 1
45 26 6131 1
16 57 6194 1
45 25 6143 1
16 194 6161 1
9 11 6136 1
19 26 6150 1
141 149 6155 1
9 11 6153 1
16 87 6196 1
50 13 6179 1
19 26 6164 1
110 112 6165 1
131 17 6201 1
111 113 6167 1
45 25 6180 1
35 37 6170 1
50 135 6170 1
153 204 6170 1
54 13 6180 1
16 17 6233 1
45 25 6189 1
33 34 6179 1
154 148 6186 1
45 25 6198 1
84 46 6195 1
50 57 6213 1
19 26 6203 1
19 26 6212 1
45 26 6212 1
35 37 6214 1
35 37 6218 1
45 25 6232 1
71 108 6298 1
91 150 6230 1
19 26 6244 1
35 37 6281 1
48 57 6330 1
35 37 6302 1
151 24 6333 1
178 39 6299 1
35 37 6309 1
35 37 6320 1
48 17 6388 1
35 37 6327 1
189 152 6331 1
35 37 6339 1
16 13 6396 1
151 99 6369 1
23 15 6345 1
45 26 6344 1
14 36 6408 1
35 37 6349 1
35 37 6380 1
71 193 6375 1
98 15 6400 1
89 39 6430 1
16 13 6437 1
160 161 6379 1
120 37 6392 1
14 18 6387 1
16 17 6450 1
84 22 6456 2
45 46 6390 1
16 52 6432 1
19 26 6400 1
35 37 6409 1
187 31 6402 1
16 138 6399 1
16 17 6463 1
84 36 6477 1
45 25 6414 1
71 39 6478 1
14 22 6479 1
35 37 6435 1
105 127 6421 1
84 107 6486 1
120 37 6428 1
189 15 6500 1
50 13 6453 1
14 68 6446 1
16 64 6489 1
35 37 6457 1
120 37 6441 1
44 22 6507 1
14 22 6514 1
85 56 6444 1
19 25 6456 1
84 26 6461 1
151 15 6522 1
120 37 6462 1
189 137 6485 1
84 36 6532 1
54 198 6465 1
45 25 6472 1
81 83 6462 2
35 37 6488 1
19 26 6475 1
153 52 6470 1
9 11 6477 1
169 36 6495 1
94 95 6493 1
35 37 6498 1
9 11 6496 1
84 34 6584 1
94 99 6499 1
19 26 6507 1
35 37 6530 1
98 99 6505 1
98 15 6539 1
14 22 6592 1
16 87 6561 1
44 166 6537 1
14 22 6606 1
35 37 6539 1
85 36 6590 1
35 37 6546 1
84 36 6645 1
50 13 6579 1
35 37 6570 1
48 198 6633 1
14 28 6581 1
35 37 6581 1
9 11 6575 1
20 197 6586 1
16 64 6622 1
20 36 6661 1
44 22 6655 1
35 37 6597 1
14 18 6605 1
45 25 6598 1
14 43 6598 2
16 13 6652 1
84 203 6640 1
163 107 6601 1
187 22 6677 2
27 61 6622 2
14 28 6613 1
35 37 6611 1
20 22 6688 1
160 161 6621 1
35 37 6620 1
84 34 6704 1
48 17 6680 1
91 13 6625 1
16 13 6688 1
84 36 6714 1
45 46 6631 1
21 26 6639 1
16 17 6700 1
19 26 6644 1
9 11 6640 1
35 37 6662 1
14 34 6728 1
84 34 6739 1
12 97 6657 1
120 37 6661 1
45 25 6669 1
16 13 6714 1
168 34 6692 1
115 52 6666 2
48 26 6747 1
6 56 6679 1
19 26 6689 1
16 17 6747 1
73 22 6687 1
14 68 6702 2
14 28 6697 1
35 37 6694 1
45 25 6704 1
42 22 6772 2
38 28 6703 1
35 37 6704 1
84 102 6774 1
48 17 6767 1
19 26 6712 1
118 36 6779 1
167 123 6710 2
35 37 6732 1
33 34 6713 1
116 180 6716 2
9 11 6722 1
45 25 6730 1
35 37 6751 1
16 17 6800 1
16 26 6820 1
14 68 6761 1
16 13 6818 1
19 26 6758 1
16 17 6817 1
42 22 6831 1
35 37 6760 1
139 140 6755 1
184 82 6765 1
14 68 6774 1
16 63 6821 1
27 34 6826 1
35 37 6789 1
16 59 6818 1
183 186 6770 1
45 26 6778 1
84 107 6856 2
44 22 6839 1
100 102 6772 1
100 22 6787 2
38 28 6776 2
84 119 6776 1
33 34 6778 1
9 11 6782 1
92 93 6782 1
205 135 6786 1
27 22 6853 1
200 165 6800 1
84 36 6888 1
29 32 6805 2
45 26 6811 1
48 13 6869 1
14 197 6822 1
35 37 6823 1
16 13 6867 1
84 36 6905 1
3 150 6824 1
42 97 6866 1
19 25 6834 1
91 17 6829 1
71 39 6902 1
14 22 6906 1
35 37 6832 1
19 26 6832 1
16 17 6886 1
19 25 6845 1
35 37 6881 1
65 69 6840 2
84 68 6856 1
14 22 6925 1
16 13 6903 1
118 31 6862 1
0 90 6859 1
27 101 6901 1
12 22 6894 1
54 57 6870 1
45 46 6876 1
84 34 6961 1
19 25 6886 1
120 37 6881 1
16 13 6930 1
84 36 6968 1
74 107 6885 1
35 37 6932 1
45 26 6896 1
96 36 6926 1
154 52 6912 2
45 46 6910 1
21 26 6914 1
151 15 6980 1
47 49 6917 1
71 39 6998 1
14 22 7014 1
16 52 6970 1
35 37 6942 1
19 25 6945 1
35 37 6965 1
48 26 7018 1
16 13 7007 1
16 198 7017 1
16 13 7023 1
121 122 6965 1
128 34 6970 1
35 37 6981 1
115 13 6989 1
151 152 6969 1
151 24 7023 1
35 37 6990 1
16 148 7017 1
35 37 6999 1
45 25 7007 1
16 57 7072 1
45 25 7023 1
81 87 7030 1
19 26 7026 1
35 37 7028 1
23 15 7038 1
50 13 7044 1
45 25 7042 1
35 37 7034 1
45 25 7065 1
16 83 7082 1
35 37 7081 1
19 26 7084 1
154 13 7113 1
35 37 7088 1
16 64 7142 1
35 37 7121 1
48 57 7181 1
35 37 7123 1
16 60 7156 1
91 64 7144 1
21 25 7164 1
84 34 7253 1
58 149 7160 1
1 17 7200 1
48 57 7232 1
98 155 7182 1
16 13 7247 2
23 24 7192 1
16 204 7222 1
19 26 7194 1
35 37 7190 1
4 15 7205 1
129 147 7196 1
129 137 7206 1
16 13 7263 1
19 26 7211 1
151 152 7220 1
129 137 7217 1
111 113 7221 1
206 135 7231 1
129 99 7255 1
94 99 7231 1
81 83 7234 1
35 37 7239 1
98 24 7253 1
151 95 7262 1
45 46 7245 1
16 83 7272 1
98 99 7246 1
9 11 7248 1
4 15 7259 1
19 26 7258 1
98 99 7262 1
45 46 7257 2
98 15 7294 1
23 15 7273 1
45 25 7271 1
94 95 7266 1
35 37 7269 1
45 25 7283 1
81 13 7304 1
98 99 7280 1
23 24 7287 1
48 17 7344 1
23 24 7291 1
23 15 7307 1
16 13 7355 1
35 37 7314 1
14 186 7356 1
21 25 7328 1
35 37 7326 1
16 13 7386 1
16 138 7332 1
35 37 7337 1
16 198 7397 1
16 13 7399 1
45 26 7356 1
183 22 7369 2
48 57 7426 1
16 135 7404 1
45 25 7373 1
48 17 7451 1
45 25 7405 1
19 26 7407 1
151 95 7426 1
86 51 7414 1
19 46 7413 1
71 72 7413 1
21 25 7419 1
71 156 7427 1
91 64 7420 1
98 15 7457 1
207 88 7432 1
89 80 7448 1
19 26 7441 1
21 26 7442 1
129 147 7449 1
7 143 7454 1
7 106 7483 1
45 46 7460 1
35 37 7468 1
129 147 7471 1
48 60 7487 1
35 37 7477 1
105 108 7487 1
4 130 7489 1
58 149 7489 1
1 124 7491 1
131 112 7501 1
111 17 7528 1
16 175 7546 1
84 34 7589 1
23 130 7520 1
16 17 7579 1
16 87 7566 1
45 26 7538 1
141 174 7534 1
115 13 7572 1
131 112 7549 1
85 56 7560 1
50 64 7578 1
16 17 7644 1
45 46 7580 1
19 26 7589 1
109 60 7584 1
21 26 7589 1
45 25 7603 1
19 26 7656 1
14 22 7735 1
14 68 7687 1
14 36 7754 1
44 107 7743 1
48 113 7726 1
129 137 7701 1
16 138 7698 2
84 34 7766 1
14 22 7768 1
94 15 7738 1
8 51 7755 2
16 26 7799 1
71 39 7792 1
16 17 7794 1
58 149 7727 1
121 122 7728 1
129 147 7727 1
1 17 7775 1
16 112 7765 1
14 22 7798 1
129 99 7749 1
9 11 7737 1
141 174 7738 1
74 22 7749 1
121 174 7747 1
9 11 7750 1
98 15 7786 1
35 37 7758 1
14 123 7781 1
131 17 7800 1
35 37 7770 1
44 68 7772 1
84 201 7796 1
14 18 7774 1
38 28 7777 1
35 37 7782 1
182 165 7787 2
19 26 7789 1
134 25 7781 2
71 37 7835 1
44 68 7784 1
200 171 7791 2
120 37 7790 1
29 203 7795 1
167 36 7853 1
92 66 7802 2
85 22 7839 1
14 102 7855 1
19 26 7808 1
0 36 7839 2
35 37 7804 1
14 36 7878 1
19 26 7813 1
35 37 7821 1
35 37 7831 1
16 51 7870 1
158 39 7852 1
9 11 7837 1
16 138 7849 2
9 11 7846 1
8 26 7928 2
103 22 7865 1
84 107 7945 1
16 83 7895 1
35 37 7875 1
14 119 7875 1
48 17 7935 1
84 40 7883 1
9 11 7879 1
91 13 7875 1
128 36 7879 1
20 31 7891 1
44 201 7897 1
121 122 7885 2
14 68 7900 1
134 25 7891 1
14 28 7907 1
154 175 7904 1
85 90 7917 2
85 117 7904 1
20 43 7901 1
48 17 7964 1
16 13 7968 1
14 18 7910 1
27 22 7968 1
50 13 7930 1
44 34 7979 1
184 31 7917 1
27 22 7977 1
42 82 7924 1
0 22 7953 2
16 13 7982 1
44 123 7930 1
38 28 7994 1
16 17 7990 1
27 203 7942 1
9 11 7927 1
85 102 7972 1
84 40 7937 1
14 18 7930 1
38 69 7994 1
185 186 7934 1
116 171 7937 1
2 69 7939 1
169 102 7944 2
19 26 7948 1
128 36 7947 1
208 66 7951 1
84 34 8027 1
48 17 8010 1
103 104 7944 2
14 18 7945 1
21 26 7949 1
167 22 7999 1
128 36 7953 1
199 22 7955 2
9 11 7955 1
12 34 7987 1
121 174 7960 1
14 36 8047 1
9 11 7965 1
16 57 8029 1
103 104 7968 1
16 13 8020 1
85 166 7969 1
73 22 7967 1
19 26 7976 1
9 11 7973 1
116 22 8016 1
100 104 7977 1
163 36 7974 1
71 72 7976 1
71 108 8020 1
103 22 7986 1
84 34 8060 1
19 25 7987 1
151 152 7979 1
160 161 7981 1
151 152 7987 1
85 166 7985 1
9 11 7989 1
14 119 7990 1
45 26 8003 1
84 197 8004 1
116 22 8036 1
185 186 7991 1
129 95 8011 1
38 68 7999 1
65 34 8013 2
185 186 7994 1
14 28 8002 1
65 69 7996 1
118 31 8006 1
45 26 8002 1
169 107 8002 1
16 17 8060 1
20 76 8071 1
42 203 8031 1
195 107 8001 1
9 11 8006 1
71 39 8070 1
27 22 8064 1
74 76 8005 1
84 34 8095 1
139 140 8008 1
9 11 8012 1
45 26 8022 1
141 174 8015 2
58 149 8022 1
98 99 8023 1
9 11 8027 1
14 197 8041 1
92 66 8039 1
98 99 8028 1
84 119 8033 1
20 69 8097 1
21 25 8037 1
16 64 8093 1
98 15 8057 1
35 37 8034 1
199 22 8037 1
19 26 8042 1
118 181 8069 1
188 173 8041 1
67 196 8043 1
14 197 8053 1
9 11 8044 1
160 97 8048 1
20 36 8128 1
12 97 8048 1
84 119 8044 1
183 164 8048 1
33 34 8046 1
168 97 8050 1
168 101 8052 1
35 37 8051 1
120 37 8049 1
96 36 8079 1
9 11 8053 1
44 68 8055 1
187 22 8115 1
9 11 8060 1
163 107 8061 1
14 22 8129 1
65 69 8064 1
45 26 8071 1
169 107 8067 2
103 22 8075 1
188 186 8081 1
35 37 8068 1
9 11 8077 1
96 22 8099 2
9 11 8090 1
183 186 8093 1
14 18 8163 1
9 11 8097 1
65 36 8113 2
91 146 8095 1
75 76 8105 1
14 22 8172 1
9 11 8116 1
84 203 8153 2
21 25 8115 1
42 197 8124 1
16 52 8161 1
84 36 8218 1
16 17 8200 1
14 36 8226 1
9 11 8146 1
9 11 8163 1
172 69 8185 2
50 87 8167 2
14 119 8169 1
9 11 8171 1
84 40 8175 1
86 13 8180 1
38 34 8252 1
35 37 8181 1
44 68 8180 1
16 13 8245 1
14 68 8194 1
35 37 8191 1
100 107 8201 2
167 166 8189 1
45 46 8193 1
118 22 8256 1
21 25 8198 1
35 37 8199 1
14 197 8209 1
45 26 8211 1
92 22 8244 1
209 36 8207 2
42 201 8223 1
9 11 8213 1
44 68 8212 1
14 165 8245 1
16 146 8277 1
84 43 8228 1
182 32 8228 2
200 36 8279 2
16 150 8284 1
27 165 8252 2
199 22 8245 1
116 69 8282 2
58 149 8251 1
9 11 8251 1
92 66 8267 2
23 15 8266 1
35 37 8266 1
21 25 8266 1
67 196 8270 2
151 152 8269 1
16 175 8301 1
35 37 8272 1
12 97 8277 2
84 28 8284 1
14 18 8275 1
16 150 8332 1
129 147 8275 1
38 31 8289 1
14 18 8280 1
129 137 8282 1
91 64 8289 1
20 22 8349 1
44 68 8283 1
27 203 8305 1
35 37 8288 1
45 25 8301 1
182 123 8291 1
74 107 8292 2
200 210 8300 1
98 99 8298 1
116 22 8340 1
92 36 8349 1
115 52 8310 2
48 17 8364 1
50 13 8326 1
23 24 8313 1
48 57 8378 1
14 68 8335 1
9 11 8332 1
30 15 8326 1
44 22 8395 1
19 26 8348 1
35 37 8351 1
48 17 8410 1
160 161 8361 1
48 57 8420 1
19 26 8377 1
121 174 8377 1
16 13 8438 1
9 11 8382 1
45 26 8390 1
9 11 8393 1
16 150 8444 1
73 22 8394 1
71 211 8441 1
19 26 8422 1
16 13 8480 1
129 137 8418 1
19 26 8433 1
94 95 8427 1
98 99 8438 1
151 95 8466 1
98 155 8440 1
7 108 8484 1
16 13 8507 1
21 25 8456 1
179 145 8451 1
23 15 8464 1
19 26 8459 1
94 99 8507 1
35 37 8471 1
48 13 8530 1
16 17 8542 1
35 37 8480 1
16 64 8543 1
19 25 8498 1
77 78 8507 1
189 152 8511 1
45 25 8525 1
151 137 8531 1
154 175 8521 1
16 13 8576 1
94 95 8534 1
45 46 8540 1
91 57 8546 1
21 26 8547 1
19 26 8553 1
45 25 8563 1
23 24 8556 1
84 34 8655 1
16 114 8589 1
4 15 8572 1
19 26 8595 1
154 13 8624 1
35 37 8611 1
35 37 8650 1
16 13 8754 1
71 88 8727 1
48 17 8770 1
207 157 8734 1
89 133 8763 1
16 13 8798 1
48 17 8806 1
35 37 8744 1
35 37 8767 1
132 108 8788 1
21 25 8769 1
129 137 8768 1
16 87 8813 1
14 28 8779 1
94 95 8773 1
19 26 8781 1
35 37 8785 1
94 99 8780 1
20 68 8787 1
16 64 8843 1
44 22 8861 1
98 155 8790 1
23 15 8814 1
48 57 8853 1
19 25 8818 1
19 26 8818 1
50 13 8830 1
16 138 8817 2
8 10 8873 2
16 17 8892 1
45 46 8837 1
21 25 8848 1
91 13 8845 1
9 11 8857 1
21 26 8861 1
45 46 8857 1
110 194 8861 1
19 26 8866 1
16 13 8945 1
19 26 8903 1
14 22 8979 1
129 147 8909 1
129 137 8920 1
94 95 8926 1
98 99 8932 1
48 17 8995 1
16 13 8993 1
98 212 8947 1
16 26 9021 1
71 39 9012 1
45 46 8966 1
9 11 8959 1
30 15 8959 1
141 174 8960 1
14 165 8988 1
9 11 8969 1
109 60 8963 1
14 22 9039 1
9 11 8976 1
35 37 8983 1
167 107 9032 1
85 22 9031 1
14 28 8993 1
35 159 8998 1
20 68 8999 1
84 34 9075 1
118 31 9004 1
19 26 9007 1
27 22 9055 1
35 37 9003 1
45 26 9010 1
71 126 9072 1
35 37 9012 1
84 40 9021 1
20 93 9046 1
9 11 9026 1
71 108 9109 1
182 123 9027 1
9 34 9042 1
9 11 9040 1
14 22 9109 1
0 101 9060 1
71 108 9126 1
188 181 9052 1
160 22 9078 2
35 159 9067 1
14 18 9063 1
84 28 9067 1
185 186 9063 1
2 186 9070 1
38 43 9071 1
42 197 9074 1
125 106 9077 1
35 37 9074 1
118 165 9090 1
209 22 9078 2
176 177 9076 1
35 37 9084 1
105 39 9084 1
27 201 9086 1
48 13 9140 1
16 83 9112 1
85 32 9091 1
14 43 9100 1
29 93 9102 1
71 39 9171 1
191 192 9094 1
92 69 9127 1
35 37 9103 1
14 119 9101 1
20 31 9117 1
9 11 9097 1
84 43 9106 1
16 17 9164 1
44 34 9178 1
74 107 9105 2
20 68 9111 1
14 43 9114 1
27 173 9140 1
81 148 9116 1
20 40 9117 1
160 97 9117 1
81 13 9146 1
85 90 9133 1
42 68 9120 1
118 22 9183 1
168 97 9118 1
35 37 9123 1
16 87 9165 1
71 126 9194 1
153 52 9126 1
65 76 9139 2
65 69 9129 1
0 90 9135 1
74 34 9142 1
188 22 9168 1
75 107 9142 1
189 152 9136 1
151 152 9184 1
67 196 9142 1
35 37 9150 1
170 22 9175 2
71 39 9235 1
168 97 9148 1
14 123 9177 1
21 25 9156 1
183 186 9153 1
45 25 9166 1
35 37 9160 1
2 102 9161 1
84 197 9166 1
9 11 9162 1
206 13 9183 1
44 107 9222 1
71 193 9190 1
48 149 9187 1
19 26 9176 1
9 11 9172 1
14 22 9248 1
47 49 9172 1
27 31 9170 1
151 152 9173 1
35 159 9188 1
47 49 9179 1
129 147 9181 1
9 11 9180 1
129 137 9187 1
23 24 9189 1
89 39 9250 1
14 197 9206 1
45 25 9202 1
16 17 9260 1
23 15 9203 1
125 39 9209 1
35 37 9196 1
1 17 9235 1
38 22 9267 1
14 119 9198 1
35 37 9202 1
42 22 9282 1
170 97 9234 1
14 22 9294 1
23 15 9237 1
35 37 9222 1
9 36 9231 1
35 37 9224 1
14 18 9230 1
84 165 9253 1
129 137 9237 1
38 82 9245 1
9 11 9231 1
35 37 9238 1
14 28 9245 1
94 95 9246 1
19 26 9249 1
9 11 9247 1
187 210 9257 1
85 165 9247 1
20 22 9316 1
29 171 9252 1
14 119 9255 1
92 36 9302 1
98 99 9250 1
84 123 9273 2
85 76 9306 1
116 22 9305 1
118 68 9261 1
19 26 9273 1
44 102 9319 2
4 130 9273 1
9 11 9288 1
85 171 9284 2
16 51 9328 1
30 15 9278 1
14 197 9297 1
16 46 9349 1
42 93 9315 1
84 28 9292 1
42 34 9371 1
27 31 9296 1
9 11 9297 1
44 93 9321 1
84 197 9313 1
29 22 9359 2
74 34 9312 1
9 11 9304 1
9 11 9312 1
42 31 9323 1
118 171 9334 1
172 34 9352 1
16 13 9382 1
35 37 9323 1
14 34 9398 1
27 196 9353 1
103 107 9329 2
188 101 9334 2
67 181 9326 1
16 13 9394 1
14 213 9341 2
5 13 9339 1
92 22 9375 1
9 11 9339 1
20 43 9352 2
44 107 9407 2
81 83 9347 1
0 66 9346 1
14 22 9427 1
67 76 9382 1
19 26 9357 1
9 11 9358 1
85 171 9361 2
21 26 9355 1
160 161 9356 1
9 11 9365 1
16 13 9431 1
84 36 9437 1
9 11 9373 1
74 36 9388 1
9 11 9381 1
42 40 9386 1
151 15 9468 1
45 25 9401 1
187 22 9448 2
16 17 9459 1
16 17 9468 1
16 148 9442 1
35 37 9432 1
84 107 9515 2
84 119 9433 2
154 13 9470 1
118 123 9452 2
16 13 9499 1
21 25 9448 1
19 26 9471 1
29 32 9464 2
92 203 9467 2
89 108 9523 1
35 37 9470 1
35 37 9478 1
19 26 9481 1
19 26 9490 1
84 34 9562 1
35 37 9488 1
48 17 9560 1
35 37 9502 1
45 46 9516 1
128 36 9512 2
48 57 9572 1
16 13 9582 1
199 36 9520 2
16 150 9593 1
35 37 9552 1
110 194 9569 2
19 26 9572 1
19 25 9585 1
16 138 9592 2
48 26 9670 2
16 13 9656 1
19 46 9605 1
35 37 9614 1
14 31 9635 1
16 17 9681 1
14 68 9640 1
16 13 9674 1
129 147 9640 1
48 57 9689 1
85 22 9701 1
27 22 9714 1
141 122 9648 2
35 37 9651 1
131 112 9653 2
129 137 9653 1
94 99 9672 1
35 37 9660 1
45 25 9674 1
84 22 9734 1
48 17 9724 1
16 13 9742 1
129 147 9670 1
23 24 9670 1
9 11 9689 1
71 214 9719 1
16 63 9733 1
45 46 9681 1
16 49 9709 2
23 212 9679 1
45 25 9688 1
30 15 9685 1
16 10 9688 2
23 15 9698 1
94 95 9684 1
19 26 9690 1
8 10 9691 2
8 49 9707 1
9 11 9699 1
19 26 9700 1
16 26 9778 1
98 15 9725 1
103 104 9704 2
9 11 9712 1
47 52 9729 1
16 13 9775 1
191 83 9715 2
81 83 9723 1
111 135 9722 1
7 143 9724 1
35 37 9720 1
16 51 9779 1
7 108 9768 1
50 87 9733 1
9 11 9734 1
16 204 9765 1
19 26 9735 1
50 13 9753 1
35 37 9743 1
81 114 9738 1
62 57 9742 1
3 59 9739 1
129 137 9756 2
19 26 9755 1
45 46 9755 1
21 25 9763 1
94 137 9765 1
45 25 9777 1
35 37 9763 1
111 56 9774 1
94 99 9768 2
206 135 9768 1
71 72 9770 2
6 56 9775 2
98 99 9775 1
136 59 9779 1
215 156 9782 2
136 13 9790 1
98 212 9781 1
45 25 9796 1
54 150 9786 1
19 26 9801 1
142 216 9799 2
16 13 9864 1
19 26 9811 1
16 57 9869 1
16 13 9874 1
151 152 9812 1
129 99 9855 1
178 108 9843 1
48 150 9907 1
16 13 9907 1
98 212 9869 1
16 13 9928 1
23 15 9893 1
45 46 9872 2
16 198 9939 1
45 46 9879 1
19 25 9884 1
21 25 9894 1
16 17 9954 1
5 64 9903 1
54 150 9908 1
109 60 9908 2
45 25 9926 1
19 46 9922 1
45 25 9947 1
19 26 9948 1
16 51 9999 1
19 26 9966 1
16 150 10022 1
47 49 9970 2
5 13 10008 1
45 26 10039 1
84 197 10047 1
16 138 10050 2
42 34 10126 1
84 34 10146 1
8 46 10117 2
48 26 10143 1
48 17 10144 1
16 83 10119 1
9 11 10095 1
16 150 10155 1
58 149 10103 1
9 11 10106 1
191 52 10133 1
16 13 10179 1
9 11 10124 1
19 25 10133 2
115 13 10153 1
50 56 10135 1
86 56 10138 1
16 10 10151 2
19 26 10157 1
191 192 10152 2
77 78 10163 2
191 148 10178 2
45 25 10175 1
47 49 10165 2
154 135 10189 2
206 135 10186 1
45 25 10200 1
86 51 10193 1
86 146 10209 2
16 13 10254 1
48 122 10209 2
71 108 10279 1
121 46 10268 1
48 26 10292 1
16 13 10272 1
21 46 10229 1
154 83 10224 2
9 11 10226 1
121 122 10232 1
16 17 10295 1
142 216 10234 1
110 194 10246 1
14 40 10268 1
35 37 10259 1
151 137 10281 1
16 198 10332 1
19 25 10273 1
14 197 10274 1
42 36 10345 1
35 37 10268 1
118 22 10339 1
16 150 10325 1
14 68 10291 1
21 25 10288 1
16 13 10346 1
94 99 10296 1
48 138 10284 1
151 15 10356 1
118 82 10295 1
14 22 10370 1
187 180 10307 1
27 31 10295 1
19 46 10301 1
98 15 10326 1
14 36 10380 1
19 26 10307 1
116 117 10310 1
29 107 10348 1
16 87 10352 1
50 87 10309 1
92 186 10340 1
27 31 10318 1
121 192 10321 1
9 11 10324 1
77 78 10326 1
14 34 10409 1
84 26 10351 1
96 107 10354 1
14 43 10343 1
16 13 10402 1
19 26 10342 1
73 22 10338 1
9 11 10344 1
20 22 10414 1
91 64 10342 1
33 34 10344 1
169 36 10358 1
115 13 10369 1
160 22 10379 1
14 28 10357 1
9 11 10357 1
163 22 10360 2
16 49 10377 1
45 25 10366 1
20 22 10429 1
9 11 10367 1
14 66 10409 1
16 13 10434 1
73 22 10369 1
16 17 10442 1
47 13 10419 1
45 25 10390 1
33 34 10379 1
184 82 10382 1
84 201 10407 1
16 17 10451 1
182 201 10389 1
85 22 10442 1
14 76 10467 1
9 11 10401 1
182 34 10464 1
0 36 10448 1
9 11 10414 1
116 180 10409 1
48 17 10481 1
84 34 10495 1
9 11 10419 1
21 46 10420 1
0 93 10420 1
9 11 10429 1
188 22 10459 1
45 46 10440 1
16 51 10478 1
9 11 10449 1
74 107 10443 2
73 22 10441 1
14 34 10528 1
121 122 10442 2
45 26 10453 1
19 25 10456 1
14 68 10461 1
45 26 10463 1
9 11 10459 1
73 22 10458 1
118 22 10524 1
14 107 10538 1
16 13 10520 1
74 36 10473 2
9 11 10472 1
86 13 10491 1
45 46 10494 1
14 36 10570 1
168 97 10498 1
19 25 10511 1
14 201 10540 1
35 37 10511 1
20 40 10520 1
42 22 10597 1
14 43 10527 1
9 11 10525 1
190 217 10522 1
20 22 10605 1
14 22 10616 1
215 219 10537 1
16 146 10588 1
84 117 10563 1
218 219 10535 1
195 36 10548 1
85 76 10590 1
9 11 10547 1
38 28 10552 1
16 17 10612 1
71 72 10557 1
14 36 10648 1
220 193 10578 1
29 107 10615 1
27 31 10566 1
50 52 10575 2
85 201 10573 1
200 171 10582 1
89 39 10637 1
14 22 10668 1
92 171 10582 1
9 11 10584 1
111 113 10588 1
195 36 10599 1
9 11 10600 1
71 156 10613 1
160 161 10601 1
33 34 10598 1
16 175 10640 1
168 97 10602 1
14 28 10612 1
21 25 10611 1
71 39 10698 1
20 40 10617 1
128 107 10616 1
190 177 10654 1
14 22 10699 1
84 166 10639 1
42 68 10620 1
19 26 10625 1
44 22 10689 1
151 95 10647 1
169 69 10633 2
16 52 10676 1
84 36 10717 1
85 36 10694 1
16 150 10698 2
35 37 10647 1
9 11 10647 1
50 13 10668 1
14 36 10730 1
94 95 10650 1
48 10 10653 2
14 197 10667 1
176 39 10684 1
9 11 10652 1
139 17 10709 1
20 36 10741 1
9 11 10663 1
120 159 10664 1
44 82 10671 1
84 36 10750 1
98 24 10680 1
221 217 10673 1
187 22 10737 1
35 37 10674 1
120 159 10671 1
14 40 10684 1
16 138 10681 2
45 46 10676 1
129 95 10698 1
103 104 10680 2
50 13 10700 1
19 25 10688 1
215 222 10680 1
14 34 10765 1
23 130 10685 1
35 37 10687 1
42 82 10690 1
8 10 10744 2
4 15 10695 1
136 22 10753 1
33 34 10693 1
62 25 10722 2
84 119 10698 1
94 15 10735 1
38 36 10779 1
45 46 10713 1
9 11 10718 1
45 26 10722 1
35 37 10717 1
48 59 10771 2
33 34 10729 1
151 152 10731 1
121 122 10735 2
9 11 10739 1
5 51 10733 2
129 95 10753 1
9 11 10751 1
21 46 10751 2
35 37 10757 1
9 11 10761 1
129 15 10817 1
16 138 10770 2
189 130 10833 1
3 63 10778 1
8 10 10774 2
8 51 10829 2
16 17 10852 1
35 37 10787 1
98 53 10794 1
19 46 10795 1
30 15 10796 1
16 17 10866 1
48 17 10908 1
91 146 10833 2
45 46 10844 2
35 37 10844 1
21 46 10852 2
134 25 10854 2
48 17 10933 1
19 46 10862 1
134 53 10858 2
16 17 10942 1
19 26 10879 1
16 83 10918 1
129 147 10911 1
45 46 10925 1
94 15 10951 1
84 34 10991 1
154 148 10924 1
151 99 10956 1
115 175 10926 2
50 56 10938 2
19 26 10947 1
86 13 10955 1
45 26 10957 1
35 37 10952 1
16 13 11006 1
98 99 10959 1
48 150 11038 1
30 130 10978 1
30 15 10982 1
9 11 10983 1
9 11 10987 1
16 83 11018 1
58 60 10996 2
19 25 11023 1
154 13 11050 1
16 192 11034 1
16 78 11047 2
8 51 11086 1
54 57 11040 1
16 57 11110 1
47 83 11058 2
19 46 11051 1
154 51 11082 1
21 25 11071 1
5 64 11092 1
151 24 11129 1
16 83 11124 1
21 25 11117 1
19 46 11119 1
45 26 11130 1
154 64 11154 1
35 37 11129 1
23 130 11139 1
16 52 11175 1
30 130 11142 1
91 64 11157 1
129 15 11229 1
16 13 11231 1
35 37 11175 1
48 63 11237 1
50 135 11186 1
16 17 11245 1
151 147 11187 1
129 147 11244 1
5 51 11191 1
48 17 11259 1
16 13 11267 1
151 24 11267 1
62 63 11239 1
45 26 11247 1
19 26 11258 1
45 25 11254 1
19 26 11273 1
30 15 11281 1
45 25 11284 1
48 149 11309 1
1 17 11355 1
16 13 11379 1
35 37 11325 1
14 36 11407 1
16 17 11395 1
71 37 11404 1
16 13 11405 1
14 68 11358 1
35 37 11353 1
16 57 11411 1
44 22 11425 1
120 159 11356 1
45 26 11369 1
16 64 11414 1
16 198 11425 1
16 13 11427 1
35 37 11368 1
9 11 11372 1
35 37 11379 1
98 212 11390 1
35 159 11397 1
21 25 11398 1
16 87 11436 1
35 37 11392 1
19 26 11408 1
125 39 11413 1
4 130 11407 1
16 83 11433 1
30 15 11411 1
19 26 11425 1
45 46 11420 1
91 64 11417 1
9 11 11420 1
45 25 11440 1
14 36 11499 1
35 37 11426 1
19 46 11430 1
16 60 11449 1
81 135 11447 1
45 25 11449 1
86 13 11452 1
35 37 11440 1
86 64 11461 1
58 150 11487 1
48 13 11520 1
16 51 11512 1
16 13 11530 1
21 46 11480 1
9 11 11483 1
54 57 11489 1
35 37 11494 1
120 159 11492 1
9 11 11496 1
19 26 11504 1
48 17 11568 1
16 13 11570 1
71 88 11532 1
91 64 11516 1
223 150 11575 1
35 37 11521 1
45 26 11531 1
35 37 11534 1
21 25 11539 1
48 17 11596 1
89 39 11601 1
19 25 11549 1
14 68 11560 1
16 13 11614 1
118 22 11627 1
35 37 11564 1
223 17 11624 1
35 37 11576 1
14 101 11636 1
19 26 11581 1
20 68 11588 1
21 25 11588 1
45 26 11591 1
35 37 11585 1
44 34 11646 1
14 68 11604 1
45 26 11608 1
44 22 11669 1
84 34 11682 1
9 11 11616 1
54 13 11611 1
84 201 11637 1
14 22 11696 1
45 46 11624 1
9 11 11626 1
21 25 11629 1
19 26 11636 1
134 25 11629 1
14 102 11697 1
96 36 11660 1
85 101 11669 1
14 28 11642 1
16 87 11684 1
42 104 11701 1
9 11 11653 1
14 76 11724 1
9 11 11669 1
48 17 11733 1
96 36 11691 1
16 13 11724 1
84 34 11751 1
9 11 11674 1
195 76 11685 1
14 22 11758 1
50 13 11701 1
14 22 11766 1
9 11 11694 1
33 34 11690 1
169 76 11702 2
35 37 11699 1
14 36 11778 1
54 64 11697 1
103 22 11707 2
35 37 11702 1
16 64 11757 1
209 22 11710 1
45 25 11719 1
14 22 11787 1
16 17 11780 1
35 37 11712 1
14 18 11734 1
223 17 11789 1
20 43 11722 1
195 36 11732 1
223 57 11794 1
16 13 11796 1
14 22 11812 1
44 202 11761 1
33 34 11731 1
45 25 11739 1
9 11 11736 1
45 26 11746 1
121 122 11743 2
182 201 11741 1
9 11 11748 1
85 210 11748 1
109 60 11748 1
116 102 11786 1
58 124 11754 1
9 11 11756 1
16 13 11818 1
223 17 11819 1
14 68 11773 1
85 56 11759 1
9 11 11759 1
0 196 11765 1
67 97 11771 1
14 22 11847 1
71 106 11838 1
168 107 11794 2
118 22 11835 1
21 25 11775 1
205 135 11773 1
85 56 11779 1
14 22 11855 1
84 26 11792 1
9 11 11784 1
71 39 11860 1
16 13 11848 1
151 15 11846 1
16 17 11842 1
65 69 11784 1
136 59 11782 1
100 22 11800 1
45 26 11802 1
75 36 11798 1
54 25 11817 1
9 11 11799 1
71 39 11879 1
16 13 11866 1
35 37 11799 1
19 26 11813 1
9 11 11810 1
84 36 11894 1
151 152 11817 1
14 97 11868 1
35 37 11823 1
16 64 11877 1
45 26 11833 1
129 95 11837 1
189 15 11881 1
103 104 11824 1
14 43 11834 1
14 119 11832 1
45 25 11839 1
38 40 11837 1
9 11 11834 1
35 37 11830 1
42 201 11852 1
84 36 11921 1
9 11 11844 1
178 39 11845 1
44 68 11843 1
94 95 11842 1
84 26 11854 1
187 34 11912 1
98 99 11854 1
200 165 11853 1
45 46 11858 1
21 25 11868 1
92 171 11863 1
98 99 11877 1
14 28 11871 1
170 22 11893 1
16 13 11922 1
0 22 11906 1
20 68 11878 1
45 25 11887 1
14 22 11952 1
44 22 11941 1
91 64 11882 1
9 11 11880 1
23 15 11897 1
9 11 11896 1
16 87 11929 1
19 46 11895 1
14 22 11974 1
74 107 11900 1
45 26 11903 1
9 11 11907 1
44 123 11918 1
9 11 11919 1
14 123 11943 1
85 166 11934 1
16 13 11981 1
9 11 11927 1
50 146 11940 1
103 104 11933 1
16 17 11992 1
9 11 11938 1
21 46 11935 1
172 34 11978 1
134 25 11939 1
91 13 11944 1
182 104 11992 1
14 22 12028 1
224 34 11995 1
16 10 11952 2
9 11 11952 1
45 46 11950 1
21 25 11960 1
8 10 12010 2
14 22 12038 1
14 97 12015 1
35 37 11986 1
9 11 11977 1
14 28 11987 1
14 119 11989 1
38 201 12010 1
9 11 11990 1
45 25 11999 1
14 40 12001 1
20 43 11993 1
103 22 12003 2
118 68 11998 1
9 11 12000 1
19 26 12004 1
184 82 11998 1
16 87 12045 1
14 18 12006 1
44 22 12066 1
167 34 12074 2
85 36 12054 1
35 37 12011 1
16 150 12068 1
9 11 12015 1
20 68 12016 1
168 36 12038 1
118 22 12081 1
45 53 12029 2
9 11 12024 1
20 22 12092 1
14 43 12035 1
9 11 12041 1
20 22 12101 1
84 107 12112 2
50 13 12062 1
42 68 12048 1
9 11 12058 1
35 37 12057 1
35 37 12067 1
14 68 12083 1
9 11 12080 1
45 46 12074 1
48 13 12122 1
19 26 12085 1
16 13 12136 1
118 186 12124 1
9 11 12090 1
223 64 12133 1
14 97 12139 1
35 37 12091 1
16 138 12101 2
35 37 12103 1
14 22 12175 1
35 225 12118 1
111 113 12113 1
77 64 12155 2
183 22 12143 2
45 25 12137 1
188 66 12131 1
226 227 12131 1
12 107 12166 2
45 26 12147 1
45 46 12142 1
21 25 12153 1
65 186 12148 1
9 11 12163 1
47 49 12173 1
84 34 12262 1
16 13 12255 1
16 113 12241 1
218 222 12221 1
16 13 12294 1
111 26 12282 1
84 36 12321 1
14 22 12326 1
189 99 12310 1
45 25 12273 1
48 150 12335 1
35 37 12283 1
16 13 12360 1
223 17 12357 1
9 11 12298 1
45 46 12305 1
16 57 12368 1
21 25 12313 1
98 15 12337 1
9 11 12324 1
141 174 12320 1
33 34 12321 1
16 13 12402 1
48 17 12412 1
19 26 12353 1
45 46 12359 1
19 26 12369 1
48 10 12370 1
8 57 12423 1
129 99 12400 1
16 13 12435 2
121 122 12378 2
19 25 12383 1
48 17 12468 1
23 24 12415 1
129 137 12412 1
151 212 12453 1
21 25 12418 1
16 64 12471 1
16 51 12465 1
19 46 12415 1
94 95 12421 1
23 15 12431 1
19 26 12424 1
94 95 12424 1
91 146 12428 2
19 26 12436 1
151 147 12437 1
16 13 12488 1
19 46 12445 1
129 212 12476 1
98 15 12479 1
21 25 12452 1
30 15 12460 1
14 36 12532 1
16 13 12529 1
62 150 12470 1
91 13 12474 1
189 152 12474 1
45 26 12478 1
54 57 12471 1
45 26 12487 1
151 147 12478 1
45 25 12493 1
129 137 12497 1
23 130 12488 1
35 37 12493 1
30 15 12497 1
48 17 12559 1
45 25 12509 1
94 99 12508 1
16 13 12565 1
50 135 12510 1
98 15 12542 1
195 11 12523 1
74 76 12528 1
9 11 12525 1
19 26 12550 1
19 46 12572 1
16 175 12612 1
21 25 12585 1
84 36 12668 1
48 10 12616 1
115 52 12619 2
50 13 12638 1
58 64 12664 1
48 135 12709 1
16 175 12709 1
16 87 12735 1
71 39 12804 1
153 13 12729 1
48 46 12767 1
206 56 12717 1
48 17 12775 1
81 83 12722 2
129 147 12721 1
16 13 12788 1
129 137 12730 1
71 88 12753 1
45 25 12743 1
50 13 12749 1
14 11 12809 1
94 24 12759 1
16 13 12803 1
207 145 12788 1
35 37 12751 1
35 37 12759 1
45 25 12765 1
71 39 12865 1
4 15 12771 1
35 37 12777 1
16 52 12805 1
19 26 12776 1
19 26 12786 1
144 177 12793 1
35 37 12800 1
176 39 12829 1
16 114 12826 1
158 159 12807 1
228 36 12820 1
50 51 12816 1
35 37 12832 1
125 126 12811 1
45 25 12822 1
189 99 12873 1
105 108 12822 1
229 230 12819 1
5 146 12825 1
14 22 12894 1
16 175 12858 1
81 13 12859 1
151 137 12856 1
14 28 12842 1
14 18 12840 1
45 46 12845 1
20 68 12848 1
35 37 12863 1
44 31 12855 1
27 36 12912 1
154 51 12875 1
98 99 12863 1
208 93 12871 1
71 39 12957 1
14 68 12885 1
0 22 12908 1
21 25 12878 1
98 24 12888 1
5 64 12883 1
118 22 12942 1
30 130 12892 1
9 11 12899 1
23 15 12902 1
14 68 12904 1
19 26 12905 1
35 37 12902 1
118 22 12963 1
35 37 12926 1
16 138 12930 2
35 37 12928 1
8 10 12932 2
8 192 12942 2
191 192 12937 1
9 11 12938 1
14 68 12956 1
191 46 13000 2
84 68 12966 1
44 181 12988 1
14 201 12994 1
9 11 12958 1
84 40 12965 1
223 46 13032 2
118 82 12971 1
84 31 12987 1
184 90 12994 1
14 68 12990 1
85 165 12983 1
224 36 13040 1
182 210 12999 1
35 37 12986 1
14 123 13008 1
48 17 13050 1
118 180 13005 1
85 210 12998 1
16 59 13043 2
170 22 13019 1
116 97 13023 1
14 68 13009 1
188 22 13030 1
182 31 12998 1
92 22 13043 1
45 46 13006 2
118 82 13012 1
14 40 13017 1
45 53 13022 2
92 171 13014 1
55 102 13047 1
224 22 13067 1
9 11 13017 1
55 93 13019 1
167 22 13074 1
12 36 13053 2
187 22 13084 1
0 90 13022 1
9 11 13025 1
188 181 13026 1
96 107 13053 2
71 127 13095 1
12 162 13029 1
128 36 13030 1
16 10 13042 2
84 107 13115 1
96 101 13037 1
19 46 13040 2
183 186 13039 1
8 175 13071 2
14 68 13057 1
195 36 13055 1
5 51 13045 2
191 49 13058 2
103 22 13057 2
71 108 13141 1
103 104 13051 1
9 11 13056 1
8 114 13068 2
44 22 13117 1
19 26 13064 1
14 22 13132 1
2 102 13057 1
9 11 13059 1
77 78 13060 2
103 104 13061 1
16 87 13105 1
14 36 13141 1
47 175 13078 2
81 83 13066 2
9 11 13070 1
21 25 13074 1
14 28 13078 1
115 56 13084 2
20 68 13084 1
154 135 13088 1
84 36 13157 1
6 56 13094 1
6 56 13087 2
118 22 13144 1
136 146 13094 1
3 63 13094 1
84 197 13099 1
5 13 13098 1
86 64 13103 1
105 39 13102 1
42 34 13170 1
5 146 13098 1
2 102 13106 2
220 177 13140 1
84 31 13125 1
19 46 13104 1
14 82 13123 1
74 76 13112 2
35 37 13112 1
45 25 13121 1
86 51 13113 1
163 107 13113 1
9 11 13120 1
16 13 13173 1
5 64 13119 1
84 34 13202 1
100 104 13122 1
21 46 13126 1
35 37 13125 1
27 22 13178 1
9 11 13126 1
182 201 13131 1
35 37 13133 1
19 26 13140 1
48 150 13190 1
84 34 13215 1
224 34 13193 1
179 127 13163 1
9 11 13141 1
35 37 13142 1
199 22 13142 1
14 34 13225 1
16 17 13216 1
74 107 13153 2
9 11 13153 1
35 37 13159 1
121 122 13164 2
9 11 13165 1
178 108 13165 1
16 87 13216 1
9 11 13177 1
45 46 13182 1
84 107 13250 2
54 57 13192 1
9 11 13200 1
16 87 13242 1
45 46 13197 1
19 26 13208 1
41 39 13287 1
35 37 13205 1
86 51 13223 1
19 107 13299 2
19 26 13230 1
5 51 13225 1
91 146 13229 1
151 152 13237 1
35 37 13241 1
151 95 13260 1
86 13 13259 1
35 37 13250 1
71 39 13336 1
35 37 13263 1
14 102 13323 1
45 46 13267 2
35 37 13274 1
71 108 13357 1
21 25 13280 1
16 83 13306 1
35 225 13285 1
35 37 13287 1
16 138 13289 2
23 212 13284 1
103 107 13294 2
35 37 13295 1
23 15 13305 1
8 51 13343 2
228 76 13304 1
35 37 13305 1
74 36 13310 1
14 68 13319 1
154 51 13327 1
35 37 13313 1
16 87 13359 1
118 22 13381 1
100 22 13335 1
35 37 13325 1
14 36 13408 1
223 57 13386 1
103 104 13328 1
121 192 13330 1
38 22 13401 1
35 37 13330 1
120 37 13335 1
48 17 13400 1
14 22 13418 1
81 114 13344 1
35 37 13359 1
91 13 13352 2
16 13 13410 1
178 39 13354 1
50 13 13377 1
35 37 13361 1
9 11 13361 1
134 25 13370 2
35 37 13372 1
54 150 13374 1
9 11 13379 1
45 25 13397 1
9 11 13388 1
9 11 13396 1
19 26 13399 1
35 37 13403 1
73 22 13400 1
9 11 13407 1
47 49 13407 1
71 88 13428 1
19 26 13414 1
35 37 13413 1
231 107 13412 1
47 49 13410 1
9 11 13412 1
35 37 13420 1
21 25 13428 1
35 37 13430 1
48 150 13489 1
14 43 13437 1
89 39 13508 1
84 28 13432 1
35 37 13439 1
151 152 13467 1
35 37 13478 1
44 68 13442 1
27 66 13477 2
129 137 13466 1
84 107 13551 2
94 15 13509 1
16 63 13521 1
16 150 13524 1
120 159 13473 1
188 181 13475 1
0 97 13489 2
35 37 13507 1
96 107 13511 2
183 107 13505 2
19 26 13507 1
23 15 13518 1
199 22 13516 1
5 51 13525 1
16 57 13582 1
35 37 13524 1
14 186 13580 1
35 37 13533 1
19 46 13537 1
35 37 13543 1
21 25 13543 1
35 37 13553 1
48 57 13637 1
2 22 13600 2
16 56 13633 1
223 64 13646 1
228 104 13588 1
19 26 13597 1
9 11 13597 1
151 99 13672 1
136 59 13638 1
91 198 13648 1
19 26 13649 1
19 26 13660 1
45 25 13668 1
16 64 13728 1
16 13 13744 1
35 37 13689 1
16 87 13741 1
16 64 13744 1
30 15 13710 1
16 13 13783 1
84 36 13811 1
50 13 13758 1
35 37 13741 1
45 46 13741 1
54 17 13748 1
21 25 13754 1
45 25 13765 1
151 152 13778 1
21 26 13761 1
35 37 13762 1
21 25 13779 1
35 37 13789 1
16 51 13840 2
9 11 13809 1
48 17 13882 1
35 37 13830 1
16 83 13852 1
4 15 13844 1
136 13 13848 1
141 78 13843 1
35 37 13845 1
48 60 13859 1
81 13 13883 1
14 36 13934 1
45 25 13869 1
48 17 13920 1
58 57 13902 1
45 26 13894 1
16 17 13947 1
45 25 13901 1
71 127 13969 1
19 26 13915 1
47 49 13933 1
19 26 13932 1
129 137 13927 1
16 13 13988 1
9 11 13929 1
48 17 13996 1
35 37 13955 1
19 26 13960 1
129 137 13964 1
35 37 13964 1
4 15 13973 1
94 95 13972 1
41 70 14060 1
16 64 14024 1
35 37 13975 1
178 108 13973 1
98 212 13984 1
98 15 14013 1
35 37 13994 1
35 37 14008 1
19 26 14008 1
132 133 14006 2
35 37 14020 1
16 13 14085 1
35 37 14034 1
16 17 14091 1
14 43 14039 1
19 26 14045 1
139 140 14039 2
42 34 14117 1
48 17 14103 1
35 37 14051 1
35 37 14059 1
232 137 14065 1
35 37 14067 1
94 95 14077 1
35 37 14074 1
98 155 14095 1
120 37 14089 1
16 17 14150 1
35 37 14099 1
19 46 14103 1
21 46 14097 1
71 88 14123 1
4 15 14115 1
19 26 14116 1
35 37 14110 1
58 149 14111 2
48 17 14182 1
35 37 14130 1
89 145 14153 1
16 175 14165 1
144 39 14186 1
14 18 14219 1
35 37 14152 1
129 95 14183 1
19 26 14162 1
189 152 14155 1
35 37 14164 1
151 137 14179 1
48 57 14227 1
14 22 14235 1
50 87 14174 2
35 37 14172 1
14 36 14250 1
86 13 14188 1
35 37 14189 1
45 26 14194 1
94 95 14186 1
14 22 14261 1
98 15 14208 1
35 37 14197 1
98 15 14223 1
189 152 14203 1
129 147 14213 1
21 46 14202 1
16 26 14278 1
35 37 14207 1
151 152 14222 1
9 11 14206 1
35 37 14215 1
9 11 14218 1
16 138 14220 2
41 70 14218 1
71 88 14238 1
35 37 14223 1
9 11 14227 1
232 137 14230 1
48 112 14257 1
8 51 14278 2
14 22 14307 1
9 11 14234 1
35 37 14231 1
71 39 14317 1
19 26 14243 1
14 18 14242 1
94 212 14264 1
48 17 14305 1
84 36 14314 1
35 37 14241 1
89 157 14246 1
233 143 14257 1
9 11 14252 1
84 40 14248 1
132 133 14249 2
23 15 14266 1
48 17 14312 1
35 37 14253 1
16 87 14297 1
118 22 14318 1
14 68 14265 1
223 135 14293 1
7 177 14271 1
9 11 14255 1
35 37 14261 1
14 22 14337 1
41 127 14338 1
118 22 14329 1
48 57 14330 1
35 37 14268 1
120 159 14265 1
132 108 14296 1
98 15 14299 1
4 15 14280 1
48 17 14345 1
91 146 14283 2
35 37 14288 1
125 126 14283 1
91 46 14291 2
14 43 14293 1
115 175 14288 1
153 17 14316 1
20 68 14299 1
16 149 14315 1
35 37 14292 1
9 11 14301 1
206 13 14314 1
45 46 14300 2
44 22 14357 1
16 60 14322 1
134 25 14306 2
35 37 14303 1
3 146 14305 1
16 63 14370 2
45 46 14310 1
35 37 14313 1
9 11 14314 1
128 34 14315 1
71 88 14329 1
58 57 14360 1
19 26 14318 1
35 37 14322 1
16 17 14386 1
16 13 14384 1
71 108 14399 1
9 11 14325 1
19 25 14334 1
14 22 14398 1
73 22 14328 1
9 11 14334 1
207 88 14332 1
14 36 14403 1
45 46 14334 1
141 60 14337 1
89 37 14374 1
35 37 14339 1
105 108 14343 1
19 26 14345 1
131 112 14338 1
16 13 14407 1
35 37 14348 1
14 28 14350 1
9 11 14345 1
19 26 14359 1
9 11 14354 1
20 40 14354 1
223 17 14414 1
42 68 14357 1
35 37 14358 1
118 22 14415 1
54 57 14362 1
35 37 14367 1
19 26 14376 1
234 235 14366 1
14 119 14372 1
35 37 14381 1
158 159 14376 1
125 159 14376 1
42 22 14438 1
125 106 14385 1
20 22 14447 1
19 46 14382 1
9 11 14390 1
21 25 14393 1
35 37 14387 1
45 25 14405 1
178 108 14391 1
14 22 14469 1
45 46 14394 1
35 37 14401 1
45 46 14399 1
9 11 14406 1
178 39 14401 1
71 88 14416 1
35 37 14419 1
89 235 14439 1
14 18 14419 1
19 25 14428 1
84 22 14492 1
92 36 14464 1
71 39 14507 1
35 37 14425 1
9 11 14429 1
14 28 14434 1
9 11 14445 1
20 22 14503 1
14 123 14459 1
84 107 14502 1
234 235 14440 1
144 39 14471 1
35 37 14443 1
14 197 14459 1
16 148 14475 1
35 37 14447 1
84 34 14527 1
118 22 14519 1
167 22 14512 1
35 37 14463 1
84 93 14497 1
16 17 14523 1
9 11 14467 1
14 40 14475 1
16 148 14495 2
154 13 14500 1
42 22 14537 1
14 34 14557 2
14 18 14500 1
35 37 14486 1
9 11 14483 1
48 17 14535 1
9 11 14489 1
84 36 14563 1
73 22 14491 1
35 37 14498 1
208 34 14539 1
27 31 14519 2
154 148 14498 1
9 11 14512 1
35 37 14503 1
74 34 14507 1
14 22 14574 1
48 198 14560 1
115 13 14523 1
29 117 14507 1
85 166 14504 1
35 37 14505 1
92 203 14511 1
45 25 14517 1
73 22 14511 1
172 93 14515 1
48 150 14563 1
35 37 14514 1
16 13 14580 1
9 11 14520 1
0 181 14525 1
35 37 14522 1
160 162 14526 1
45 26 14535 1
35 37 14530 1
45 46 14530 1
75 107 14535 1
35 37 14538 1
21 25 14542 1
19 26 14547 1
35 37 14546 1
16 150 14600 1
9 11 14564 1
14 198 14567 1
19 26 14570 1
20 43 14578 2
9 11 14572 1
118 36 14633 1
35 37 14596 1
19 46 14571 1
129 95 14593 1
45 26 14578 1
44 107 14642 2
14 34 14662 1
167 171 14595 2
45 25 14599 1
116 117 14591 1
94 95 14596 1
55 61 14597 2
55 93 14597 1
14 186 14661 1
71 88 14617 1
35 37 14605 1
0 90 14601 1
188 181 14612 1
19 46 14608 1
45 26 14614 1
170 97 14615 1
170 236 14621 2
35 37 14620 1
89 157 14625 1
132 133 14618 2
96 101 14619 1
23 24 14624 1
35 37 14641 1
233 143 14634 1
120 159 14625 1
2 102 14633 2
16 17 14698 1
4 130 14630 1
14 90 14677 2
7 145 14641 1
231 107 14635 2
16 57 14706 1
209 36 14642 2
144 177 14646 1
176 108 14671 1
35 37 14650 1
16 64 14718 2
14 22 14730 1
9 11 14654 1
116 61 14665 2
35 37 14673 1
183 22 14682 2
48 52 14704 1
125 159 14660 1
8 10 14729 2
105 127 14665 1
9 11 14665 1
0 90 14704 2
121 122 14671 1
16 26 14752 1
188 101 14685 2
35 37 14683 1
35 37 14693 1
16 138 14692 2
16 138 14690 2
183 104 14699 2
120 159 14696 1
35 37 14704 1
154 148 14697 1
129 147 14701 1
153 135 14702 1
19 26 14711 1
50 52 14708 2
209 36 14706 2
237 107 14706 2
129 147 14710 1
191 192 14707 2
191 87 14744 2
151 152 14711 1
199 22 14715 2
19 26 14723 1
151 137 14735 1
16 17 14786 1
16 146 14784 1
35 37 14725 1
9 11 14728 1
5 146 14723 1
14 22 14798 1
73 22 14729 1
45 46 14731 2
35 37 14742 1
19 46 14747 1
98 155 14750 1
134 25 14742 1
86 46 14767 2
35 37 14751 1
134 53 14753 1
16 13 14828 1
35 37 14759 1
98 155 14760 1
23 15 14771 1
41 39 14838 1
98 15 14790 1
14 97 14832 1
48 57 14835 1
134 25 14779 1
14 186 14844 1
16 13 14849 1
9 11 14789 1
19 26 14799 1
35 37 14794 1
9 11 14794 1
48 57 14852 1
16 13 14860 1
35 37 14797 1
21 25 14808 1
35 37 14815 1
16 13 14875 1
47 49 14822 2
35 37 14834 1
168 97 14834 1
96 236 14840 2
16 13 14894 1
48 57 14901 1
183 102 14844 1
9 11 14841 1
185 34 14868 2
2 22 14856 2
19 26 14851 1
134 25 14848 1
163 22 14860 1
45 46 14857 1
19 25 14870 1
21 53 14867 1
45 46 14881 1
45 25 14895 1
35 37 14895 1
48 17 14965 1
19 26 14917 1
16 57 14974 1
35 37 14922 1
35 37 14932 1
35 37 14937 1
35 37 14942 1
35 37 14951 1
16 13 15030 1
16 17 15022 1
19 46 14975 1
16 138 14985 2
19 25 14989 1
8 87 15031 2
48 17 15063 1
14 22 15087 1
35 37 15004 1
48 64 15066 1
19 26 15031 1
86 51 15042 2
91 13 15051 2
134 25 15051 1
54 150 15068 1
134 53 15072 2
19 46 15071 1
9 11 15069 1
47 49 15083 1
16 150 15140 1
9 11 15084 1
45 26 15084 1
16 13 15142 1
48 10 15086 1
16 13 15150 1
16 13 15159 1
16 17 15169 1
48 57 15178 1
141 149 15124 1
9 11 15121 1
136 59 15131 2
35 37 15137 1
62 57 15143 1
35 37 15144 1
45 46 15151 1
45 46 15149 1
45 25 15161 1
21 25 15158 1
35 37 15155 1
16 17 15220 1
45 46 15163 1
47 49 15167 1
21 25 15169 1
45 25 15177 1
45 46 15183 1
58 60 15176 2
19 26 15193 1
16 146 15251 1
35 37 15207 1
16 13 15267 1
16 13 15283 1
19 26 15234 1
223 17 15289 1
35 37 15228 1
50 87 15252 1
91 64 15251 1
129 95 15286 1
45 46 15263 1
45 25 15285 1
16 83 15301 1
94 99 15291 1
45 46 15295 1
19 26 15301 1
35 37 15302 1
16 13 15358 1
154 87 15312 1
35 37 15310 1
23 15 15317 1
86 56 15314 1
30 15 15319 1
5 64 15324 1
91 64 15327 1
48 59 15379 1
153 52 15341 1
45 25 15375 1
35 37 15398 1
16 13 15461 1
84 34 15503 1
35 37 15436 1
35 37 15445 1
35 37 15459 1
14 18 15463 1
8 83 15494 2
20 22 15527 1
191 49 15480 2
21 46 15476 1
35 37 15481 1
191 114 15494 2
35 37 15494 1
16 13 15552 1
14 22 15571 1
154 148 15496 2
154 146 15520 1
9 11 15501 1
35 37 15503 1
223 17 15562 1
223 17 15569 1
9 11 15506 1
6 56 15510 1
16 57 15576 1
9 11 15515 1
86 51 15512 1
223 138 15513 1
16 150 15573 1
35 37 15521 1
91 146 15523 1
9 11 15521 1
14 34 15603 1
73 22 15526 1
129 147 15530 1
45 46 15529 1
16 17 15593 1
16 87 15580 1
35 37 15533 1
14 197 15546 1
21 25 15544 1
9 11 15543 1
42 34 15623 1
23 212 15544 1
84 197 15557 1
98 15 15587 1
77 78 15554 1
42 76 15626 1
84 34 15643 1
84 26 15574 1
45 46 15559 1
14 36 15655 1
21 25 15572 1
91 26 15591 1
19 26 15581 1
16 13 15637 1
50 13 15598 1
223 138 15580 1
16 17 15650 1
14 36 15674 1
45 26 15597 1
16 26 15671 1
54 198 15591 1
45 26 15605 1
54 57 15599 1
9 11 15600 1
121 122 15601 1
141 174 15607 1
45 46 15618 1
58 149 15612 1
16 17 15682 1
1 124 15616 1
9 11 15615 1
14 186 15693 1
48 17 15694 1
74 34 15633 1
9 11 15628 1
84 43 15645 1
14 43 15642 1
9 11 15640 1
27 31 15646 1
42 34 15736 1
35 37 15650 1
45 46 15646 1
118 68 15708 1
45 25 15657 1
84 107 15744 1
9 11 15651 1
19 26 15664 1
35 37 15658 1
224 117 15659 1
14 36 15758 1
14 82 15683 1
92 202 15672 1
14 68 15684 1
20 43 15673 1
118 196 15722 1
170 97 15682 2
84 26 15696 1
118 22 15756 1
27 22 15748 1
16 51 15738 1
14 76 15770 1
185 36 15714 2
118 68 15692 1
44 82 15696 1
45 26 15708 1
35 37 15702 1
2 107 15716 2
14 197 15720 1
103 22 15717 1
35 37 15712 1
16 13 15765 1
20 68 15724 1
14 40 15729 1
73 22 15716 1
118 34 15798 1
55 93 15718 1
16 13 15789 1
172 93 15719 1
16 17 15780 1
0 90 15722 1
12 36 15765 1
0 90 15727 1
27 31 15728 1
14 197 15742 1
188 181 15729 1
42 22 15803 1
160 162 15733 1
84 82 15750 1
35 37 15748 1
12 97 15735 1
85 166 15733 1
170 97 15738 1
85 201 15736 1
71 39 15813 1
16 149 15766 2
14 82 15755 1
96 101 15738 1
118 210 15762 1
5 13 15750 1
183 236 15743 1
75 34 15749 1
75 107 15744 2
185 164 15746 1
92 93 15752 1
8 10 15748 2
14 22 15827 1
8 175 15782 2
48 138 15746 1
187 22 15811 1
237 107 15748 1
151 152 15751 1
182 123 15752 1
187 123 15761 1
0 22 15793 1
16 17 15828 1
16 17 15819 1
151 147 15762 1
9 11 15762 1
45 46 15757 1
35 37 15758 1
163 107 15758 1
206 135 15758 1
167 22 15820 1
29 36 15818 1
199 34 15766 1
129 137 15772 1
21 25 15767 1
121 122 15771 2
195 34 15781 1
35 37 15769 1
81 83 15769 2
191 49 15769 2
45 46 15774 1
21 46 15781 1
9 11 15782 1
35 37 15779 1
94 95 15782 1
231 104 15782 1
134 25 15783 1
71 145 15838 1
19 26 15792 1
153 56 15796 2
14 36 15863 1
9 11 15801 1
185 69 15801 1
71 143 15838 1
85 56 15801 1
5 51 15802 1
21 25 15808 1
14 36 15886 1
35 37 15807 1
132 133 15807 2
136 59 15805 1
4 130 15813 1
9 11 15819 1
73 22 15810 1
47 49 15818 1
35 37 15813 1
30 15 15819 1
19 46 15815 1
84 26 15831 1
142 216 15818 1
35 37 15826 1
109 78 15820 1
21 46 15822 1
16 192 15840 1
35 37 15835 1
45 26 15841 1
234 235 15832 1
71 238 15845 1
14 22 15906 1
7 127 15876 1
14 28 15841 1
179 177 15841 1
176 126 15857 1
35 37 15843 1
20 32 15868 1
215 88 15849 1
77 87 15872 1
14 43 15858 1
89 235 15872 1
35 37 15856 1
27 186 15902 2
125 39 15870 1
20 22 15925 1
16 146 15930 1
178 108 15864 1
9 11 15865 1
120 159 15866 1
125 126 15871 1
92 36 15923 1
9 11 15869 1
229 230 15875 1
234 235 15872 1
105 108 15879 1
35 37 15879 1
144 133 15885 1
86 56 15875 1
178 39 15883 1
16 64 15927 1
14 28 15889 1
5 13 15886 1
188 196 15887 1
35 37 15883 1
20 22 15953 1
239 159 15891 1
14 22 15962 1
41 193 15913 1
125 126 15895 1
9 11 15904 1
178 108 15898 1
45 46 15905 1
65 36 15919 2
35 37 15903 1
48 57 15970 1
184 82 15906 1
35 37 15910 1
27 34 15977 1
89 133 15949 1
128 36 15917 1
41 70 15922 1
71 88 15938 1
19 26 15940 1
48 17 16002 1
89 214 15956 1
21 25 15947 1
139 140 15947 1
9 11 15952 1
47 49 15947 1
239 159 15954 1
16 17 16013 1
79 214 15957 1
9 11 15960 1
16 13 16016 1
7 241 15987 1
125 230 15960 1
14 31 15979 1
73 22 15961 1
178 108 15963 1
84 119 15964 1
178 39 15965 1
16 52 16015 1
27 117 15994 2
19 26 15987 1
14 34 16060 1
239 240 15979 1
14 43 15993 1
229 106 15988 1
182 123 15986 2
178 108 15991 1
116 162 16012 2
20 43 15997 1
14 43 16002 1
84 119 15996 1
42 22 16070 1
92 171 15997 2
38 197 16004 1
172 66 16004 2
20 40 16005 1
42 82 16012 1
45 26 16015 1
118 22 16078 1
71 156 16022 1
14 43 16018 1
0 161 16015 2
12 107 16039 2
27 117 16026 1
184 82 16012 1
50 13 16034 1
182 123 16020 1
20 22 16091 1
12 97 16017 2
19 26 16026 1
190 235 16052 1
35 37 16021 1
224 165 16034 1
71 238 16033 1
169 102 16027 2
21 25 16033 1
35 37 16033 1
195 104 16031 2
215 39 16104 1
172 196 16043 1
35 37 16044 1
45 25 16052 1
67 186 16059 1
16 17 16107 1
128 36 16047 2
35 37 16052 1
9 11 16064 1
179 230 16077 1
185 186 16060 1
185 76 16071 1
228 34 16079 2
125 159 16070 1
35 37 16077 1
229 108 16084 1
178 39 16086 1
48 17 16148 1
35 37 16095 1
14 22 16169 1
48 13 16155 1
16 10 16102 1
16 138 16099 1
48 148 16129 1
35 37 16103 1
8 78 16115 1
139 140 16103 2
35 37 16111 1
19 26 16121 1
58 51 16146 1
189 242 16114 1
35 37 16121 1
132 133 16122 2
14 18 16125 1
110 194 16121 2
84 171 16155 1
151 147 16122 1
16 87 16161 1
35 37 16130 1
129 99 16155 1
44 68 16132 1
16 138 16134 2
35 37 16136 1
215 225 16192 1
16 138 16138 2
182 36 16215 2
5 146 16152 1
151 152 16183 1
48 150 16205 1
19 26 16160 1
121 122 16211 2
54 57 16152 1
92 66 16167 1
50 13 16175 1
45 53 16174 1
98 15 16179 1
189 242 16162 1
16 17 16224 1
16 51 16209 1
9 11 16168 1
151 95 16190 1
188 202 16170 1
12 97 16176 2
35 37 16182 1
48 57 16247 1
19 46 16185 1
21 26 16193 1
158 243 16194 1
98 15 16230 1
125 108 16203 1
94 95 16194 1
35 37 16197 1
195 76 16200 2
178 39 16207 1
128 36 16209 2
4 15 16218 1
5 51 16212 1
19 26 16222 1
91 64 16217 1
45 26 16236 1
35 37 16235 1
21 25 16238 1
41 193 16262 1
35 37 16240 1
35 37 16257 1
120 159 16256 1
19 26 16264 1
89 108 16323 1
35 37 16269 1
35 37 16280 1
35 37 16288 1
35 37 16301 1
120 159 16303 1
35 37 16313 1
48 57 16377 1
35 37 16319 1
35 37 16326 1
35 37 16339 1
35 37 16356 1
16 146 16411 1
35 37 16365 1
129 24 16400 1
16 138 16370 2
35 37 16375 1
8 148 16402 2
35 37 16382 1
35 37 16391 1
19 26 16393 1
35 37 16400 1
23 15 16413 1
154 146 16424 2
16 13 16465 2
91 64 16416 1
35 37 16424 1
129 212 16462 1
16 13 16481 1
91 146 16433 2
35 37 16434 1
223 17 16499 1
16 13 16489 1
21 46 16442 2
9 11 16446 1
48 17 16528 1
4 15 16479 1
16 17 16534 1
19 25 16482 1
35 37 16480 1
16 13 16538 1
45 25 16496 1
14 36 16566 1
58 149 16495 1
35 37 16498 1
21 26 16505 1
19 26 16511 1
81 83 16507 2
35 37 16514 1
14 197 16517 1
16 13 16573 1
42 36 16580 1
48 57 16564 1
35 37 16523 1
35 37 16531 1
16 13 16587 1
19 26 16542 1
35 37 16548 1
45 25 16547 1
45 46 16544 1
21 25 16556 1
35 37 16557 1
9 11 16564 1
35 37 16573 1
16 13 16623 1
19 26 16577 1
47 49 16576 1
129 95 16591 1
21 46 16588 1
45 46 16595 2
21 46 16606 1
35 37 16603 1
94 99 16599 1
35 37 16614 1
98 212 16626 1
120 159 16612 1
35 37 16623 1
19 25 16641 1
35 37 16646 1
48 122 16647 1
129 95 16663 1
141 174 16652 1
58 150 16688 1
35 37 16654 1
35 37 16664 1
35 37 16676 1
35 37 16682 1
16 17 16742 1
30 15 16699 1
19 26 16703 1
71 39 16794 1
129 137 16719 1
232 137 16724 1
94 99 16732 1
98 99 16736 1
14 197 16746 1
16 135 16778 2
16 138 16742 2
42 34 16812 1
98 15 16767 1
14 22 16816 1
237 107 16747 1
19 26 16754 1
35 37 16748 1
35 37 16757 1
16 13 16824 1
141 192 16760 2
35 37 16770 1
47 49 16767 2
111 146 16797 1
206 146 16793 2
16 13 16843 1
91 146 16800 2
74 107 16809 1
38 97 16850 1
9 11 16805 1
19 25 16813 1
81 83 16812 2
47 49 16815 1
41 39 16900 1
48 13 16874 1
16 13 16884 1
84 197 16835 1
35 37 16829 1
45 26 16844 1
42 36 16894 1
35 37 16839 1
84 22 16908 1
14 22 16922 1
16 13 16901 1
19 26 16858 1
168 34 16875 1
14 22 16946 1
35 37 16877 1
16 13 16928 1
45 25 16886 1
14 22 16954 1
71 39 16966 1
35 37 16895 1
45 25 16902 1
14 68 16907 1
35 37 16901 1
41 39 16988 1
35 37 16903 1
9 11 16911 1
44 36 16966 1
33 34 16907 1
14 68 16922 1
35 37 16917 1
45 25 16919 1
44 22 16987 1
35 37 16933 1
120 159 16921 1
223 17 16993 1
9 11 16942 1
45 46 16938 1
35 37 16939 1
71 72 16939 1
220 39 17020 1
48 17 17005 1
21 25 16945 1
16 13 16995 1
73 22 16945 1
14 104 17014 1
9 11 16950 1
84 34 17016 1
191 192 16953 1
35 37 16958 1
35 37 16961 1
48 17 17023 1
9 11 16966 1
14 28 16975 1
20 68 16982 1
14 66 17019 1
118 22 17050 1
14 43 16995 1
35 37 16987 1
5 51 16984 1
110 194 16991 1
35 37 16992 1
84 123 17008 1
16 51 17044 1
44 68 16991 1
120 225 17000 1
19 26 17005 1
187 104 17049 1
118 22 17066 1
45 25 17012 1
9 11 17001 1
35 37 17004 1
120 159 17005 1
19 46 17012 1
151 152 17008 1
9 11 17012 1
35 37 17013 1
19 26 17018 1
103 22 17021 1
129 95 17044 1
14 119 17020 1
0 34 17057 1
9 11 17020 1
20 22 17096 2
35 37 17025 1
19 26 17037 1
0 90 17028 1
9 11 17037 1
67 36 17069 1
189 152 17040 1
35 37 17040 1
14 36 17112 1
16 17 17105 1
9 11 17044 1
224 180 17047 2
35 37 17046 1
5 146 17051 1
98 99 17050 1
129 15 17112 1
103 22 17059 1
73 22 17049 1
121 192 17055 1
14 36 17129 1
98 212 17060 1
9 11 17066 1
120 240 17067 1
45 25 17074 1
23 24 17084 1
35 37 17073 1
120 159 17071 1
98 99 17080 1
35 37 17082 1
16 113 17120 1
14 22 17163 1
16 114 17111 1
160 161 17087 1
35 37 17091 1
9 11 17105 1
35 37 17109 1
45 26 17119 1
191 17 17149 1
131 112 17112 1
35 37 17125 1
111 63 17141 1
153 135 17125 1
136 56 17130 1
136 59 17134 1
16 51 17195 1
14 43 17149 1
62 63 17143 1
5 146 17139 1
9 11 17151 1
35 37 17146 1
42 166 17168 1
16 17 17206 1
45 46 17151 1
45 46 17151 1
223 17 17221 1
14 82 17173 1
9 11 17160 1
19 26 17164 1
35 37 17157 1
21 25 17163 1
14 119 17169 1
35 37 17164 1
48 17 17233 1
85 171 17176 1
84 43 17176 1
84 196 17223 1
35 37 17174 1
187 22 17238 1
14 236 17250 1
16 146 17228 1
16 17 17242 1
92 203 17183 1
84 22 17259 1
118 22 17247 1
92 173 17193 1
41 39 17265 1
35 37 17186 1
9 11 17184 1
16 13 17241 1
16 63 17243 1
120 159 17182 1
172 93 17186 1
172 202 17187 1
14 119 17194 1
9 11 17189 1
67 101 17205 1
223 17 17260 1
35 37 17194 1
84 40 17201 1
67 161 17198 1
91 146 17203 1
168 107 17227 1
141 174 17201 1
42 68 17203 1
160 161 17200 1
16 13 17257 1
139 140 17200 1
44 34 17274 1
35 37 17201 1
71 245 17289 1
14 22 17286 1
9 11 17212 1
96 101 17205 1
45 25 17225 1
141 60 17211 1
185 186 17209 1
185 186 17212 1
20 40 17214 1
65 34 17233 2
41 70 17309 1
35 37 17210 1
45 26 17217 1
48 17 17280 1
131 112 17214 1
154 175 17214 1
65 69 17214 1
118 82 17221 1
47 49 17221 1
14 43 17228 1
27 166 17228 1
160 34 17261 1
35 37 17224 1
19 26 17235 1
20 236 17281 1
85 34 17287 1
205 135 17228 1
35 37 17228 1
9 11 17235 1
91 13 17230 1
16 17 17293 1
35 37 17239 1
58 149 17236 1
0 90 17234 1
45 25 17248 1
14 34 17320 1
45 46 17238 1
50 52 17238 2
120 159 17242 1
9 11 17243 1
65 186 17239 2
62 17 17251 1
14 40 17254 1
45 25 17249 1
45 25 17258 1
100 102 17244 2
96 186 17251 2
45 46 17256 1
14 36 17335 1
45 26 17265 1
42 22 17326 1
35 37 17253 1
169 244 17257 1
35 37 17260 1
103 22 17272 1
228 107 17260 1
19 26 17273 1
35 37 17263 1
231 107 17267 2
45 25 17271 1
9 11 17272 1
35 37 17267 1
14 34 17355 1
71 39 17351 1
199 22 17269 1
158 243 17278 1
35 37 17279 1
183 107 17298 1
41 39 17366 1
75 36 17285 2
19 26 17293 1
9 11 17285 1
105 108 17290 1
178 39 17295 1
9 11 17289 1
35 37 17303 1
96 101 17296 1
9 11 17303 1
163 22 17304 1
19 26 17307 1
120 159 17300 1
35 37 17305 1
71 37 17373 1
35 37 17313 1
120 159 17311 1
9 11 17320 1
35 37 17328 1
120 37 17330 1
9 11 17333 1
35 37 17341 1
48 135 17383 1
47 49 17340 1
16 13 17396 1
35 37 17355 1
9 11 17350 1
35 37 17360 1
35 37 17365 1
35 37 17367 1
239 127 17385 1
153 175 17375 1
35 37 17377 1
206 57 17399 1
35 37 17391 1
105 108 17392 1
16 13 17455 1
35 37 17394 1
21 46 17414 1
35 37 17410 1
19 26 17418 1
120 37 17421 1
35 37 17431 1
16 114 17468 1
71 88 17474 1
35 37 17450 1
45 25 17475 1
89 108 17545 1
35 37 17479 1
35 37 17490 1
35 37 17501 1
35 37 17515 1
35 37 17535 1
120 159 17531 1
35 37 17543 1
48 122 17564 1
16 138 17561 2
109 78 17556 1
35 37 17562 1
8 146 17616 2
84 36 17637 1
129 147 17583 1
120 159 17577 1
35 37 17577 1
48 17 17644 1
232 95 17592 1
151 242 17588 1
48 57 17663 1
129 147 17606 1
48 112 17642 2
9 11 17617 1
151 152 17658 1
45 53 17633 2
121 122 17623 1
23 15 17636 1
58 60 17629 1
35 37 17633 1
110 64 17669 1
189 137 17665 1
35 37 17642 1
16 13 17702 1
48 17 17701 1
19 26 17657 1
98 99 17655 1
19 26 17677 1
54 57 17672 1
94 99 17681 1
19 26 17688 1
151 95 17702 1
48 17 17744 1
30 130 17685 1
98 15 17716 1
5 51 17692 1
45 46 17704 1
19 25 17714 1
45 46 17709 1
16 57 17773 1
21 25 17721 1
48 64 17770 1
98 24 17728 1
23 15 17746 1
14 22 17820 1
19 26 17757 1
45 25 17794 1
35 37 17787 1
16 26 17859 1
35 37 17801 1
14 22 17876 1
48 57 17871 1
35 37 17819 1
16 138 17824 2
14 107 17892 1
35 37 17834 1
191 175 17862 2
35 37 17845 1
35 37 17847 1
16 13 17910 1
35 37 17856 1
84 36 17937 1
9 11 17862 1
115 46 17895 2
35 37 17865 1
16 17 17922 1
9 11 17870 1
35 37 17874 1
45 26 17886 1
35 37 17882 1
35 37 17890 1
48 17 17946 1
16 13 17947 1
228 34 17904 1
35 37 17897 1
139 140 17894 1
45 46 17898 2
35 37 17904 1
14 36 17990 1
16 13 17963 1
134 25 17908 2
9 11 17917 1
21 25 17929 1
45 26 17934 1
14 18 17933 1
84 -1 18000 1
16 13 17998 1
16 -1 18000 2
35 37 17950 1
19 26 17959 1
45 46 17957 1
151 99 17989 1
16 -1 18000 1
21 25 17967 1
45 25 17979 1
48 -1 18000 1
9 11 17989 1
98 -1 18000 1
16 138 17994 2
