0 341 625 81.6 66
1 556.5 473 58.8 48
2 802.5 671 66 49.2
3 798 558 136.8 50.4
4 390.5 583 58.8 49.2
5 488.5 468 58.8 42
6 822.5 639 70.8 52.8
7 902.5 692 63.6 50.4
8 890 516 62.4 40.8
9 913.5 623 66 61.2
10 830.5 600 66 50.4
11 630.5 482 51.6 39.6
12 718 544 69.6 42
13 549 399 40.8 42
14 912 650 62.4 32.4
15 946.5 569 142.8 52.8
16 1147 593 117.6 58.8
17 910.5 622 66 60
18 770 717 62.4 57.6
19 1161.5 588 104.4 52.8
20 919 432 55.2 34.8
21 274.5 683 75.6 62.4
22 831.5 604 63.6 57.6
23 586 433 40.8 32.4
24 519.5 443 51.6 36
25 521.5 434 56.4 45.6
26 583.5 431 34.8 33.6
27 633.5 468 51.6 36
28 922.5 574 51.6 30
29 618 403 52.8 46.8
30 618 403 52.8 46.8
31 755.5 714 68.4 62.4
32 9 491 21.6 46.8
33 1234 576 127.2 40.8
34 380 680 76.8 64.8
35 928.5 553 51.6 27.6
36 987.5 441 56.4 43.2
37 795 685 76.8 80.4
38 501.5 461 51.6 33.6
39 944.5 541 51.6 43.2
40 967 503 48 39.6
41 977 472 43.2 33.6
42 939.5 519 39.6 33.6
43 815.5 634 75.6 62.4
44 939.5 519 39.6 33.6
45 1234 581 141.6 44.4
46 943 500 40.8 27.6
47 484 542 55.2 31.2
48 484 542 55.2 31.2
49 906 438 55.2 46.8
50 893.5 451 63.6 54
51 967 470 69.6 80.4
52 973.5 489 70.8 88.8
53 889 480 62.4 72
54 909.5 676 109.2 151.2
55 927 537 55.2 25.2
56 535 498 60 33.6
57 557 477 45.6 45.6
58 866 717 62.4 55.2
59 526 488 52.8 36
60 951.5 576 92.4 132
61 913.5 662 73.2 72
62 54.5 498 130.8 40.8
63 607 431 69.6 50.4
64 738 588 67.2 61.2
65 739 581 67.2 46.8
66 740 557 57.6 26.4
67 503 521 55.2 27.6
68 503 521 55.2 27.6
69 873.5 535 51.6 36
70 875 484 55.2 27.6
71 848.5 556 51.6 33.6
72 881 468 62.4 38.4
73 690.5 410 70.8 46.8
74 436.5 620 87.6 49.2
75 440.5 588 63.6 22.8
76 401 676 76.8 55.2
77 642.5 452 58.8 36
78 645 446 55.2 32.4
79 1050.5 551 106.8 50.4
80 1042.5 551 102 52.8
81 742.5 611 70.8 69.6
82 148.5 752 171.6 163.2
83 488.5 396 58.8 51.6
84 130.5 493 92.4 44.4
85 642.5 505 66 42
86 422.5 445 70.8 38.4
87 418.5 445 56.4 55.2
88 134.5 503 94.8 49.2
89 1073.5 602 73.2 55.2
90 1107 604 96 49.2
91 41.5 491 99.6 55.2
92 249 509 170.4 55.2
93 1026 616 55.2 42
94 1026 616 55.2 42
95 1078.5 579 123.6 55.2
96 813.5 556 106.8 56.4
97 659.5 556 99.6 61.2
98 646 559 122.4 61.2
99 378 479 74.4 51.6
100 373 470 86.4 44.4
101 756 768 96 122.4
102 772.5 750 63.6 112.8
103 807 706 69.6 72
104 570 399 62.4 52.8
105 399.5 634 51.6 33.6
106 587 451 38.4 46.8
107 436.5 613 58.8 30
108 759.5 685 80.4 27.6
109 458 486 67.2 55.2
110 527 422 69.6 58.8
111 551 404 64.8 56.4
112 377.5 593 75.6 62.4
113 328.5 677 70.8 58.8
114 336.5 632 85.2 69.6
115 475.5 481 118.8 130.8
116 1236.5 479 30 24
117 1236.5 479 30 24
118 1142.5 563 114 48
119 213 516 247.2 76.8
120 881.5 556 99.6 44.4
121 848.5 528 58.8 38.4
122 953 435 52.8 39.6
123 693 814 151.2 177.6
124 853 503 55.2 33.6
125 758 632 62.4 33.6
126 5.5 477 13.2 51.6
127 -3 477 -7.2 56.4
128 989.5 635 80.4 56.4
129 570.5 505 106.8 38.4
130 430.5 572 73.2 31.2
131 426 560 52.8 25.2
132 558 449 48 36
133 915 463 26.4 30
134 -2.5 467 -6 50.4
135 502.5 410 32.4 32.4
136 653 431 55.2 30
137 502.5 505 63.6 27.6
138 -2.5 469 -6 54
139 160.5 477 111.6 49.2
140 -1.5 471 -3.6 44.4
141 484 445 48 31.2
142 353.5 558 51.6 30
143 348.5 558 51.6 25.2
144 313.5 597 58.8 36
145 285.5 613 58.8 27.6
146 233 648 60 32.4
147 401 521 48 27.6
148 401 521 48 27.6
149 27.5 477 66 72
150 318.5 717 121.2 108
151 110 463 110.4 68.4
152 1165.5 556 118.8 33.6
153 1222.5 463 25.2 30
154 1222.5 463 25.2 30
155 450.5 406 70.8 42
156 562.5 440 44.4 32.4
157 393.5 553 73.2 68.4
158 393.5 553 73.2 68.4
159 935 459 67.2 58.8
160 793.5 514 54 30
161 850.5 706 106.8 48
162 475 429 69.6 33.6
163 684 410 48 46.8
164 862.5 683 106.8 52.8
165 484 406 55.2 33.6
166 527 463 48 27.6
167 350 574 81.6 66
168 842.5 516 58.8 30
169 850 673 55.2 40.8
170 289 616 74.4 31.2
171 658 429 52.8 27.6
172 429 516 55.2 57.6
173 478 563 69.6 58.8
174 474.5 564 73.2 60
175 747.5 519 99.6 56.4
176 980 537 86.4 49.2
177 316 722 96 116.4
178 250 768 177.6 178.8
179 756.5 671 66 33.6
180 525.5 479 30 30
181 879.5 620 104.4 44.4
182 426 595 62.4 27.6
183 555 510 127.2 56.4
184 875 747 69.6 88.8
185 645.5 406 58.8 56.4
186 458 595 60 33.6
187 656 500 48 38.4
188 662.5 867 217.2 271.2
189 1021.5 440 49.2 45.6
190 658 475 67.2 58.8
191 659.5 463 56.4 30
192 583 526 136.8 56.4
193 639 525 158.4 45.6
194 912.5 519 70.8 63.6
195 673.5 443 37.2 31.2
196 638.5 590 1352.4 621.6
197 1002.5 440 80.4 152.4
198 913.5 479 44.4 32.4
199 159.5 521 214.8 80.4
