16 181 0 1
16 126 8 1
16 32 0 1
16 168 0 1
16 88 8 1
16 30 8 1
16 58 6 1
16 18 8 1
16 142 8 1
16 108 8 1
16 97 8 1
16 121 8 1
16 154 8 1
16 853 10 1
16 141 8 1
16 200 8 1
16 130 8 1
16 197 0 1
16 146 8 1
16 172 8 1
16 225 8 1
16 197 0 1
16 209 8 1
16 238 8 1
16 250 8 1
16 216 8 1
16 177 8 2
16 200 8 1
16 182 8 2
16 268 8 1
16 256 8 2
16 306 8 1
16 270 0 1
16 280 8 1
16 296 8 1
16 294 0 1
16 297 8 1
16 337 8 1
16 270 8 1
16 326 0 1
16 356 8 1
16 309 8 1
16 332 0 1
16 366 8 1
16 322 0 1
16 350 0 1
16 380 8 1
16 360 0 1
16 342 0 1
16 369 8 1
16 392 8 1
16 437 8 1
16 417 8 1
16 333 8 2
16 400 8 1
16 349 8 2
16 409 8 1
16 353 8 1
16 402 0 1
16 397 8 1
16 414 0 1
16 432 8 1
16 376 8 1
16 414 0 1
16 432 0 1
16 422 0 1
16 462 8 1
16 413 8 1
16 482 8 1
16 457 0 1
16 450 8 1
16 457 0 1
16 472 0 1
16 482 0 1
16 502 8 1
16 490 0 1
16 516 8 1
16 538 8 1
16 501 0 1
16 458 8 1
16 500 0 1
16 550 8 1
16 510 0 1
16 468 8 1
16 562 8 1
16 526 0 1
16 488 8 1
16 529 0 1
16 536 0 1
16 538 0 1
16 576 8 1
16 545 0 1
16 566 0 1
16 546 8 2
16 580 0 1
16 601 8 1
16 562 0 1
16 585 8 1
16 602 0 1
16 572 8 1
16 548 8 2
16 610 0 1
16 614 0 1
16 617 0 1
16 607 8 1
16 625 0 1
16 682 8 1
16 618 8 1
16 689 0 2
16 642 0 1
16 681 8 1
16 662 8 1
16 626 8 1
16 693 0 1
16 674 0 1
16 702 0 1
16 690 0 1
16 714 0 1
16 661 8 2
16 717 0 1
16 728 0 1
16 732 0 1
16 744 0 1
16 778 4 1
16 761 0 1
16 711 8 1
16 941 0 1
16 798 1 1
16 798 4 1
16 817 0 1
16 925 12 1
16 818 0 1
16 1784 3 1
16 906 1 1
16 1264 0 1
16 940 12 1
16 948 8 1
16 1022 6 1
16 1026 8 1
16 1130 8 1
16 1028 8 1
16 1037 8 1
16 1122 9 1
16 1145 8 1
16 1137 8 1
16 1203 10 1
16 1162 9 1
16 1150 8 1
16 1165 8 2
16 1239 8 1
16 1275 0 1
16 1255 8 1
16 1282 0 1
16 1268 8 1
16 1281 8 1
16 2116 10 1
16 1283 8 1
16 1234 8 2
16 1250 8 1
16 1298 8 1
16 1303 8 1
16 1305 0 1
16 1322 8 1
16 1264 8 1
16 1315 8 1
16 1355 8 1
16 1343 0 1
16 1327 8 1
16 1295 8 2
16 1339 8 1
16 1379 8 1
16 1364 8 1
16 2183 9 1
16 1370 0 1
16 1351 8 1
16 1346 8 1
16 1337 8 1
16 1388 8 1
16 1380 0 1
16 1405 8 1
16 1392 0 1
16 1414 0 1
16 1422 8 1
16 1414 0 1
16 1425 0 1
16 1426 0 1
16 1444 0 1
16 1433 8 1
16 1467 8 1
16 1431 0 1
16 1470 0 1
16 1468 0 1
16 1479 8 1
16 1496 8 1
16 1502 8 1
16 1494 0 1
16 1499 0 1
16 1519 0 2
16 1516 8 1
16 1508 0 1
16 1470 8 2
16 1530 8 1
16 1511 8 1
16 1522 0 1
16 1491 0 1
16 1539 8 1
16 1539 0 1
16 1527 8 1
16 1523 0 1
16 1558 0 1
16 1556 0 1
16 1582 8 1
16 1527 0 1
16 1540 8 1
16 1579 0 1
16 1580 0 1
16 1590 0 1
16 1592 0 1
16 1551 8 1
16 1607 8 1
16 1584 8 1
16 1599 0 1
16 1610 0 1
16 1624 0 1
16 1630 0 1
16 1594 8 1
16 1675 0 2
16 1668 0 1
16 1663 4 1
16 1655 0 1
16 1682 0 1
16 1695 0 1
16 1707 0 1
16 1718 0 1
16 1712 4 1
16 1728 0 1
16 1734 0 1
16 1742 8 1
16 1744 0 1
16 1764 0 1
16 1815 0 1
16 1847 3 1
16 1842 8 1
16 1979 12 1
16 1992 12 1
16 2031 12 1
16 2155 12 1
16 2234 8 1
16 2299 0 1
16 2055 4 1
16 2059 6 1
16 2046 8 1
16 2079 8 1
16 2095 8 1
16 2116 8 1
16 2259 8 1
16 2166 9 1
16 2191 8 1
16 2220 8 1
16 2178 8 1
16 2166 8 1
16 2190 8 1
16 2204 8 1
16 2214 8 1
16 2223 8 1
16 2250 8 1
16 2336 8 2
16 2400 8 2
16 2320 8 1
16 2364 8 2
16 2283 8 1
16 2299 8 1
16 2364 8 1
16 2333 8 1
16 2340 8 1
16 2344 0 1
16 2356 0 1
16 2360 0 1
16 2383 8 1
16 2416 8 1
16 2377 0 1
16 2376 0 1
16 2348 8 1
16 2381 0 1
16 2392 0 1
16 2393 8 1
16 2423 0 1
16 2444 0 1
16 2440 8 1
16 2427 8 1
16 2479 8 1
16 2460 8 1
16 2461 0 1
16 2452 8 1
16 2448 8 1
16 2469 0 1
16 2503 8 1
16 2516 8 1
16 2520 8 1
16 2539 8 1
16 2464 8 1
16 2545 8 2
16 3117 6 1
16 2484 8 2
16 2543 0 1
16 2509 8 2
16 2558 1 1
16 2543 0 1
16 2528 8 1
16 3256 9 1
16 2572 0 1
16 2576 0 1
16 2589 8 1
16 2825 3 1
16 2591 0 1
16 2592 8 1
16 2572 8 1
16 2608 0 1
16 2616 0 1
16 2633 8 1
16 2632 0 1
16 2639 8 1
16 2609 8 1
16 2650 1 1
16 2645 0 1
16 2644 0 1
16 2675 8 1
16 2657 0 1
16 2699 8 1
16 2656 8 1
16 2661 8 1
16 2667 0 1
16 2676 0 1
16 2721 8 1
16 2691 0 1
16 2696 0 1
16 2688 8 1
16 2713 0 1
16 2738 8 1
16 2724 0 1
16 2751 0 2
16 2736 8 1
16 2723 8 1
16 2737 0 1
16 2749 0 1
16 2749 0 1
16 2757 0 1
16 2749 8 1
16 2769 0 1
16 3226 8 1
16 2785 0 1
16 2809 0 1
16 2844 0 1
16 3000 10 1
16 2852 8 2
16 2857 0 1
16 2868 4 1
16 2877 0 2
16 2918 0 2
16 2933 0 1
16 3014 12 1
16 3214 9 1
16 3136 10 1
16 3089 4 1
16 3116 4 1
16 3089 9 1
16 3124 8 1
16 3152 4 1
16 3272 8 1
16 3124 0 1
16 3164 4 1
16 3174 8 1
16 3317 8 1
16 3241 8 1
16 3237 9 1
16 3218 8 1
16 3236 8 1
16 3285 8 1
16 3260 8 1
16 3377 0 1
16 3246 8 1
16 3272 8 1
16 3346 8 1
16 3285 8 1
16 3392 0 1
16 3300 8 1
16 3305 8 1
16 3256 8 1
16 3328 8 1
16 3372 8 1
16 3362 8 1
16 3453 10 1
16 3334 8 1
16 3341 8 1
16 3390 8 1
16 3402 8 1
16 3412 0 1
16 3353 8 1
16 3416 0 1
16 3406 8 1
16 3426 0 1
16 3446 8 1
16 3413 0 1
16 3463 8 1
16 3477 8 1
16 3469 8 1
16 3430 8 1
16 3440 8 1
16 3487 8 1
16 3428 8 1
16 3418 8 1
16 3467 0 1
16 3493 8 1
16 3513 8 1
16 3509 8 1
16 3459 8 1
16 3501 8 1
16 3525 8 1
16 3511 0 1
16 3505 0 1
16 3515 0 1
16 3543 8 1
16 3525 0 1
16 3521 8 1
16 3546 0 1
16 3562 8 1
16 3583 8 1
16 3577 8 1
16 3590 8 1
16 3607 8 1
16 3566 0 1
16 3537 8 1
16 3550 8 1
16 3581 0 1
16 3578 8 1
16 3622 8 1
16 3571 8 1
16 3609 0 1
16 3603 8 1
16 3613 1 1
16 3643 8 1
16 3635 8 1
16 3610 0 1
16 3619 0 1
16 3631 0 1
16 3649 8 1
16 3669 8 1
16 3646 0 1
16 3677 8 1
16 3617 8 1
16 3673 8 1
16 3637 8 2
16 3657 0 1
16 3651 0 1
16 3669 0 1
16 3685 0 1
16 3699 0 1
16 3709 8 1
16 3655 8 1
16 3709 0 1
16 3705 0 1
16 3695 8 1
16 3729 8 1
16 3726 0 1
16 3738 0 1
16 3730 0 1
16 3742 0 1
16 3750 4 1
16 3761 8 1
16 3765 0 1
16 3758 0 1
16 3787 1 1
16 3791 0 1
16 3798 0 1
16 3814 0 1
16 3815 0 1
16 3821 0 1
16 3830 0 1
16 3861 3 1
16 3839 0 1
16 3801 8 1
16 3847 0 1
16 3802 9 1
16 3853 0 1
16 3861 0 1
16 3861 0 1
16 3878 0 1
16 3881 0 1
16 3893 0 1
16 3893 0 1
16 3841 8 1
16 3901 0 1
16 3925 0 1
16 3933 0 1
16 3935 0 1
16 3949 0 1
16 3926 0 1
16 3946 3 1
16 3902 3 1
16 4023 4 1
16 4039 4 1
16 4186 6 1
16 4194 6 1
16 4269 8 1
16 4275 8 1
16 4295 8 1
16 4310 8 1
16 4285 8 1
16 4331 8 1
16 4241 8 1
16 4350 0 1
16 4305 8 1
16 4305 0 1
16 4349 8 1
16 4326 0 1
16 4362 0 1
16 5307 0 1
16 4292 0 1
16 4361 0 1
16 4329 8 1
16 4365 8 1
16 4378 8 1
16 4319 8 1
16 4358 8 1
16 4397 8 1
16 4421 8 1
16 4386 8 1
16 4430 8 1
16 4437 8 1
16 4443 8 1
16 4377 8 1
16 4425 0 1
16 4423 0 1
16 4458 8 1
16 4431 0 1
16 4417 8 2
16 4478 8 1
16 4469 8 1
16 4493 8 1
16 4458 0 1
16 4503 8 1
16 4473 8 1
16 4489 0 1
16 4511 8 1
16 4517 8 1
16 4483 0 1
16 4491 8 1
16 4497 8 1
16 4511 0 1
16 4510 0 1
16 4529 8 1
16 4533 0 1
16 4554 8 1
16 4546 0 1
16 4541 8 1
16 4569 8 1
16 4581 8 1
16 4595 8 1
16 4553 8 1
16 4583 0 1
16 4609 8 1
16 4545 8 1
16 4609 8 1
16 4575 8 1
16 4598 0 1
16 4632 8 1
16 4565 8 1
16 4620 0 1
16 4656 8 1
16 4635 0 1
16 4666 8 1
16 4623 8 1
16 4597 8 1
16 4639 0 1
16 4682 8 1
16 4664 0 1
16 4654 0 1
16 4694 8 1
16 4648 8 1
16 4702 8 1
16 4643 8 1
16 4674 0 1
16 4722 0 2
16 4744 8 1
16 4695 8 2
16 4762 8 1
16 4750 0 1
16 4730 8 2
16 4772 8 1
16 4726 8 1
16 4784 0 1
16 4808 8 1
16 4842 0 2
16 4832 0 2
16 4846 8 1
16 4846 0 1
16 4820 8 1
16 5230 10 1
16 4862 8 1
16 4867 0 1
16 4878 0 1
16 4871 0 1
16 4884 0 1
16 4890 0 1
16 4896 0 1
16 4922 0 1
16 4924 0 1
16 4918 8 1
16 4956 3 1
16 4952 0 1
16 4955 0 1
16 4935 8 1
16 4970 0 1
16 4939 3 1
16 5004 0 2
16 5002 0 1
16 4982 0 1
16 4999 0 1
16 4956 8 2
16 5010 0 1
16 4996 8 2
16 5011 8 1
16 5068 4 1
16 5035 8 1
16 5431 0 1
16 5156 12 1
16 5143 8 1
16 5216 12 1
16 5186 8 1
16 5196 8 1
16 5288 8 1
16 5290 9 1
16 5343 8 1
16 5286 8 1
16 5343 8 1
16 5330 8 1
16 5395 8 1
16 5316 8 1
16 5334 8 1
16 5404 8 1
16 5371 8 1
16 5382 8 1
16 5382 8 1
16 5463 0 1
16 5368 8 1
16 5444 8 1
16 5456 8 1
16 5414 8 2
16 5480 8 1
16 5479 0 1
16 5491 8 1
16 5458 0 2
16 5417 0 1
16 5462 8 2
16 5479 0 1
16 5511 8 1
16 5530 8 1
16 5491 8 1
16 5527 0 1
16 5496 0 1
16 5540 8 1
16 5504 8 1
16 5559 8 1
16 5526 0 1
16 5539 0 1
16 6153 10 1
16 5535 0 1
16 5522 0 2
16 5518 8 1
16 5524 8 1
16 5558 0 1
16 5562 0 1
16 5582 0 1
16 5594 8 1
16 5535 8 1
16 5610 8 1
16 5548 8 1
16 5608 8 1
16 5574 0 1
16 5621 8 1
16 5564 8 1
16 5635 8 1
16 5602 0 1
16 5588 8 1
16 5574 8 1
16 5576 8 1
16 5626 0 1
16 6328 9 1
16 5650 8 1
16 5643 0 1
16 5670 8 1
16 5635 8 1
16 5656 0 1
16 5668 0 1
16 5688 8 1
16 5650 8 1
16 5687 1 1
16 5706 8 1
16 5692 0 1
16 5662 8 1
16 5722 8 1
16 5710 0 1
16 5698 8 1
16 5732 8 1
16 5723 0 1
16 5755 8 1
16 5737 0 1
16 5765 8 1
16 5747 0 1
16 5720 8 1
16 5733 8 1
16 5783 8 1
16 5755 0 1
16 5749 8 1
16 5768 0 1
16 5768 0 1
16 5723 0 1
16 5783 0 1
16 5818 8 1
16 5791 0 1
16 5771 8 1
16 5797 0 1
16 5828 8 1
16 5808 0 1
16 5811 0 1
16 5824 0 1
16 5845 8 1
16 5782 8 1
16 5832 0 1
16 5842 0 1
16 5790 8 1
16 5792 8 1
16 5851 0 1
16 5831 8 1
16 5855 0 1
16 5864 0 1
16 6192 10 1
16 5953 3 1
16 5869 8 1
16 5888 0 1
16 5932 0 2
16 5938 0 1
16 5909 6 1
16 5944 0 1
16 5922 0 1
16 5962 0 1
16 5981 0 1
16 5996 3 1
16 5970 0 1
16 5964 3 1
16 5981 0 1
16 6007 0 1
16 5963 3 1
16 6025 0 2
16 6023 0 1
16 6057 0 2
16 6048 3 1
16 6066 0 1
16 6054 8 1
16 6073 4 1
16 6448 0 1
16 6323 8 1
16 6138 12 1
16 6219 10 1
16 6277 10 1
16 6246 6 1
16 6339 8 1
16 6501 0 2
16 6355 8 1
16 6369 8 1
16 6334 8 1
16 6403 8 1
16 6457 8 1
16 6440 8 1
16 6423 8 1
16 6467 0 1
16 6373 8 1
16 6451 8 1
16 7180 10 1
16 6443 0 1
16 6480 0 1
16 6471 0 1
16 6419 8 2
16 6468 8 1
16 6481 8 1
16 6500 8 1
16 6436 8 1
16 6525 8 1
16 6434 8 1
16 6503 0 1
16 6443 8 1
16 6534 8 1
16 6549 8 1
16 6517 8 1
16 6513 0 1
16 6502 8 1
16 6524 0 1
16 6554 8 1
16 6495 8 1
16 6481 8 1
16 6547 0 1
16 6543 0 1
16 6580 8 1
16 6531 8 1
16 7284 9 1
16 6572 0 1
16 6563 8 1
16 6571 0 1
16 6569 8 1
16 6606 8 1
16 6587 0 1
16 6618 8 1
16 6595 0 1
16 6605 0 1
16 6594 8 1
16 6628 8 1
16 6606 8 1
16 6624 0 1
16 6648 8 1
16 6673 8 1
16 6673 1 1
16 6694 8 1
16 6635 8 1
16 6672 0 1
16 6647 8 1
16 6662 8 1
16 6714 8 1
16 6692 0 1
16 6730 8 1
16 6742 8 1
16 6722 0 1
16 6688 8 1
16 6755 8 1
16 6751 1 1
16 6705 8 1
16 6739 0 1
16 6716 8 1
16 6784 8 1
16 6768 8 1
16 6756 0 1
16 6759 8 1
16 6719 0 1
16 6740 8 1
16 6733 5 1
16 6776 8 1
16 6777 0 1
16 6787 0 1
16 6807 0 1
16 6797 0 1
16 6804 8 1
16 6832 8 1
16 6824 0 1
16 6784 8 1
16 6823 0 1
16 6836 0 1
16 6829 8 1
16 6793 8 1
16 6848 0 1
16 6841 0 1
16 6794 8 1
16 6819 8 1
16 6864 0 1
16 6859 0 1
16 6867 8 1
16 6875 0 1
16 6909 0 2
16 6888 0 1
16 6897 0 1
16 6920 0 1
16 6928 0 1
16 6949 0 1
16 6974 0 2
16 6896 5 1
16 6956 8 1
16 6933 0 2
16 6920 6 2
16 6968 0 1
16 6988 0 1
16 6970 0 1
16 7289 8 1
16 6996 0 1
16 6969 6 2
16 7032 0 1
16 7071 0 2
16 7020 3 1
16 7080 0 1
16 7073 5 1
16 7207 10 1
16 7401 0 1
16 7166 5 1
16 7190 4 1
16 7221 10 1
16 7210 5 1
16 7236 8 2
16 7260 8 1
16 7245 8 1
16 7318 8 1
16 7326 8 1
16 7349 8 1
16 7316 8 1
16 7368 8 1
16 7327 8 1
16 7358 8 1
16 7393 8 1
16 7342 8 1
16 7400 8 1
16 7388 8 1
16 7441 8 2
16 7418 8 1
16 7377 8 1
16 7384 8 1
16 7379 8 1
16 7473 8 1
16 7633 0 1
16 7483 8 1
16 7497 8 1
16 7468 8 1
16 7458 8 1
16 7512 8 1
16 7494 0 1
16 7545 8 1
16 7549 8 1
16 7527 0 1
16 7558 8 1
16 7538 0 1
16 7525 8 1
16 7535 8 1
16 7570 8 1
16 7544 0 1
16 7586 8 1
16 7556 0 1
16 7567 0 1
16 7612 8 1
16 7590 0 1
16 7567 8 1
16 7621 8 1
16 7634 8 1
16 7588 8 1
16 7611 8 1
16 7569 8 1
16 7601 8 1
16 7649 8 1
16 7620 8 1
16 7666 8 1
16 7629 8 1
16 7678 8 1
16 7650 8 1
16 7707 8 1
16 7672 0 1
16 7676 8 1
16 7701 8 1
16 8311 10 1
16 7696 0 1
16 7710 0 1
16 7719 0 1
16 7718 0 1
16 7687 8 1
16 7729 8 1
16 8431 9 1
16 7764 8 1
16 7757 8 1
16 7750 0 1
16 7703 8 2
16 7784 8 1
16 7709 8 1
16 7780 0 1
16 8226 12 1
16 7771 0 1
16 7763 0 1
16 7778 8 1
16 7812 0 1
16 7792 8 1
16 7803 8 1
16 7854 1 1
16 7824 8 1
16 7845 0 1
16 7864 0 1
16 7846 8 1
16 7894 0 1
16 7872 4 1
16 7910 0 1
16 7918 0 1
16 7930 8 1
16 7898 8 1
16 7909 0 1
16 7922 0 1
16 7933 0 1
16 7931 0 1
16 7959 0 1
16 7974 8 1
16 7956 0 1
16 7967 0 1
16 7977 0 1
16 7995 0 1
16 7990 0 1
16 8004 0 1
16 8012 0 1
16 8018 0 1
16 8008 8 1
16 8019 0 1
16 8037 0 1
16 8023 4 1
16 8047 0 1
16 8030 0 1
16 8054 0 1
16 8416 8 1
16 8071 0 1
16 8052 3 1
16 8061 8 1
16 8070 3 1
16 8084 3 1
16 8116 4 1
16 8123 3 1
16 8133 3 1
16 8155 4 1
16 8238 12 1
16 8254 12 1
16 8295 11 1
16 8288 5 1
16 8280 8 1
16 8344 10 1
16 8295 8 1
16 8365 6 1
16 8325 8 1
16 8339 4 1
16 8352 4 1
16 8456 8 1
16 8406 5 1
16 8464 8 1
16 8419 8 1
16 8479 8 1
16 8426 8 1
16 8495 8 1
16 8511 8 1
16 8432 8 1
16 8441 8 1
16 8451 8 1
16 8545 8 2
16 8485 8 2
16 8536 0 1
16 8559 8 1
16 8538 8 1
16 8491 8 1
16 8529 0 1
16 8503 8 1
16 8572 8 1
16 8513 8 1
16 8588 8 1
16 8527 8 1
16 8600 8 1
16 8616 8 1
16 8587 0 1
16 8606 8 1
16 8633 8 1
16 8559 8 2
16 8601 0 1
16 8561 8 1
16 8574 8 1
16 8617 0 1
16 8650 8 1
16 8671 8 1
16 8623 0 1
16 8576 8 1
16 8661 8 1
16 8634 0 1
16 8675 8 1
16 8657 0 1
16 8669 0 1
16 8702 8 1
16 8647 8 1
16 8680 0 1
16 9235 10 1
16 8716 8 1
16 8661 8 1
16 8693 0 1
16 8705 8 1
16 8727 8 1
16 8695 8 1
16 8743 8 1
16 9083 3 1
16 8772 8 1
16 8718 8 1
16 8710 8 1
16 8762 0 1
16 8763 8 1
16 8773 0 1
16 8805 8 1
16 8778 0 1
16 8790 0 1
16 8817 8 1
16 8798 0 1
16 8812 8 1
16 8805 0 1
16 8782 8 1
16 8796 8 1
16 8845 8 1
16 8760 8 1
16 8768 8 1
16 8796 8 1
16 9388 9 1
16 8822 0 1
16 8854 8 1
16 8866 8 1
16 8843 0 1
16 8872 8 1
16 8858 0 1
16 8854 0 1
16 8836 8 1
16 8874 0 1
16 8849 8 1
16 8890 0 1
16 8902 0 1
16 8847 8 1
16 8902 0 1
16 8913 0 1
16 8919 0 1
16 8891 8 1
16 8931 0 1
16 8941 0 1
16 8948 0 1
16 8972 8 1
16 8971 0 1
16 8964 0 1
16 8952 0 1
16 8988 0 1
16 8988 0 1
16 9011 8 1
16 9019 8 2
16 9031 0 1
16 9045 0 1
16 9054 0 1
16 9058 0 1
16 9068 0 1
16 9050 8 1
16 9021 0 1
16 9038 0 1
16 9024 8 2
16 9082 0 1
16 9111 0 2
16 9084 4 1
16 9099 0 1
16 9104 4 1
16 9107 0 1
16 9124 0 1
16 9137 0 1
16 9144 8 1
16 9172 0 1
16 9170 8 1
16 9276 1 1
16 9505 0 1
16 9185 8 1
16 9391 8 1
16 9250 9 1
16 9277 8 1
16 9373 9 1
16 9402 8 1
16 9422 8 1
16 9400 8 1
16 9524 0 1
16 9445 8 1
16 9447 8 1
16 9511 0 1
16 9488 8 1
16 9427 8 1
16 9507 8 1
16 9543 0 1
16 9523 0 1
16 9519 8 1
16 9474 8 2
16 9532 8 1
16 9480 8 2
16 9531 8 1
16 9571 8 1
16 9542 8 1
16 9581 0 1
16 9558 8 1
16 9616 8 1
16 9572 8 2
16 9660 10 1
16 9610 8 1
16 9633 8 1
16 9669 8 2
16 9648 8 1
16 9688 8 1
16 9659 8 1
16 9701 8 1
16 9704 0 1
16 9688 0 1
16 9717 0 1
16 9751 8 1
16 9751 0 1
16 9698 8 1
16 9739 0 1
16 9784 8 1
16 9776 0 1
16 9770 0 1
16 9712 8 1
16 9743 8 2
16 9786 0 1
16 9799 8 1
16 9756 0 1
16 9794 0 1
16 9814 8 1
16 9794 0 1
16 9771 8 1
16 9824 8 1
16 9817 1 1
16 9811 0 1
16 9845 8 1
16 9792 8 1
16 9844 0 1
16 9864 8 1
16 9876 8 1
16 9856 0 1
16 9853 8 1
16 9841 8 2
16 9876 0 1
16 9876 0 1
16 9884 0 1
16 9888 0 1
16 9831 8 1
16 9891 0 1
16 9913 8 1
16 9887 8 1
16 9901 0 1
16 9911 0 1
16 9904 0 1
16 9921 0 1
16 9941 1 1
16 9914 8 1
16 9927 0 1
16 9943 0 1
16 9937 0 1
16 9964 0 1
16 9980 0 1
16 9994 0 1
16 10027 0 1
16 10053 8 1
16 10067 0 2
16 10046 0 1
16 10070 8 1
16 10539 9 1
16 10031 0 1
16 10083 0 1
16 10091 0 1
16 10064 0 1
16 10077 0 1
16 10100 0 1
16 10152 0 2
16 10149 0 1
16 10300 12 1
16 10190 3 1
16 10167 0 1
16 10181 0 1
16 10167 0 1
16 10227 0 2
16 10179 3 1
16 10197 0 1
16 10315 12 1
16 10247 0 2
16 10216 0 1
16 10335 12 1
16 10664 0 1
16 10504 8 1
16 10373 9 1
16 10514 9 1
16 10418 4 1
16 10430 4 1
16 10439 8 1
16 10528 8 1
16 10457 4 1
16 10539 8 1
16 10557 8 1
16 10509 8 1
16 10579 9 1
16 10560 9 1
16 10521 8 1
16 10586 8 1
16 10567 8 1
16 10553 8 1
16 10610 8 1
16 10588 8 1
16 10576 8 1
16 10603 8 1
16 10630 8 1
16 10619 8 1
16 10653 8 1
16 10682 8 1
16 10619 8 1
16 10690 0 1
16 10685 0 1
16 10664 8 1
16 10667 0 1
16 10694 8 1
16 10648 8 1
16 10638 8 1
16 10678 8 1
16 10721 8 1
16 10707 0 1
16 10709 1 1
16 10708 0 1
16 10694 0 1
16 10720 0 1
16 10724 0 1
16 10730 0 1
16 10749 8 2
16 10696 8 1
16 10724 8 1
16 10704 8 1
16 10703 8 1
16 10715 8 1
16 10793 8 1
16 10740 8 1
16 10770 0 1
16 10776 8 1
16 10808 8 1
16 10829 8 1
16 10769 8 2
16 10821 8 1
16 10791 0 1
16 10814 0 1
16 10856 8 1
16 10866 8 1
16 10828 0 1
16 11032 4 1
16 10877 8 1
16 11492 0 1
16 10899 8 1
16 10836 8 1
16 10884 8 1
16 10918 8 1
16 10853 8 1
16 10892 0 1
16 10915 0 1
16 10907 8 1
16 10937 8 1
16 10894 8 1
16 10926 0 1
16 10947 8 1
16 10935 0 1
16 10937 0 1
16 10960 8 1
16 10942 0 1
16 10928 8 1
16 10952 0 1
16 10941 8 1
16 10956 0 1
16 10984 8 1
16 10968 8 1
16 10968 0 1
16 10977 0 1
16 10978 0 1
16 11008 8 1
16 10990 0 1
16 10992 0 1
16 10990 8 1
16 10980 8 1
16 11024 0 1
16 11044 0 1
16 11050 8 1
16 11021 0 1
16 11068 8 1
16 11040 0 1
16 11048 0 1
16 11050 0 1
16 11492 0 1
16 11068 8 1
16 11407 10 1
16 11104 0 2
16 11072 0 1
16 11058 0 1
16 11093 4 1
16 11115 0 1
16 11118 0 1
16 11126 0 1
16 11531 8 1
16 11146 0 1
16 11178 0 2
16 11195 1 1
16 11196 0 1
16 11195 0 1
16 11208 0 1
16 11222 0 1
16 11247 4 1
16 11232 0 2
16 11359 6 1
16 11426 10 1
16 11250 0 1
16 11344 8 1
16 11369 6 1
16 11364 8 1
16 11370 5 1
16 11685 0 1
16 11394 8 1
16 11447 8 1
16 11530 8 1
16 11454 6 1
16 11633 8 2
16 11457 8 1
16 11543 8 1
16 11504 8 1
16 11540 8 1
16 11557 8 1
16 11558 8 1
16 11567 8 1
16 11579 8 1
16 11646 8 1
16 11585 8 1
16 11614 0 1
16 11666 8 1
16 11593 8 1
16 11659 0 1
16 11647 0 1
16 11600 8 1
16 11656 8 1
16 11620 0 2
16 11703 0 1
16 11627 8 1
16 11650 8 1
16 11707 0 1
16 11673 8 1
16 11713 8 1
16 11694 8 1
16 11657 8 1
16 11750 8 1
16 11734 8 1
16 11664 8 1
16 11728 8 1
16 11762 8 1
16 11742 0 1
16 11776 8 1
16 11790 8 1
16 11813 8 1
16 11789 0 1
16 11815 1 1
16 11833 8 1
16 11792 0 1
16 11765 8 2
16 11813 0 1
16 11789 8 2
16 11821 0 1
16 11849 8 1
16 11871 8 1
16 11832 0 1
16 11841 0 1
16 11859 0 1
16 11824 8 1
16 11897 8 1
16 11864 8 1
16 11851 8 1
16 11878 8 1
16 11890 8 1
16 11932 8 1
16 11948 8 1
16 11906 8 1
16 12353 10 1
16 11945 0 1
16 11975 8 1
16 11929 8 1
16 11941 8 1
16 11917 8 1
16 11955 0 1
16 11958 8 1
16 12000 8 1
16 11987 0 1
16 11994 0 1
16 11968 0 1
16 12086 8 1
16 12003 0 1
16 12022 0 1
16 11975 8 1
16 12045 8 1
16 12002 8 1
16 11986 8 1
16 12038 0 1
16 12032 8 1
16 12061 0 1
16 12016 8 1
16 12058 8 1
16 12090 0 1
16 12099 0 1
16 12136 8 1
16 12066 8 1
16 12070 0 2
16 12120 0 1
16 12129 0 1
16 12130 0 1
16 12076 8 1
16 12107 0 1
16 12144 0 1
16 12079 8 1
16 12083 8 1
16 12110 8 1
16 12158 0 1
16 12165 0 1
16 12170 0 1
16 12140 0 1
16 12140 0 1
16 12194 0 1
16 12211 0 2
16 12202 0 1
16 12219 0 1
16 12241 0 1
16 12222 0 1
16 12247 0 1
16 12257 0 1
16 12265 0 1
16 12388 10 1
16 12394 12 1
16 12287 0 1
16 12290 3 1
16 12311 0 2
16 12289 0 1
16 12278 0 1
16 12406 12 1
16 12458 6 1
16 12442 9 1
16 12501 6 1
16 12475 8 1
16 12461 8 1
16 12509 4 1
16 12473 8 1
16 12543 10 1
16 12525 8 1
16 12583 9 1
16 12549 8 1
16 12536 8 1
16 12628 10 1
16 12684 8 1
16 12711 0 1
16 12651 8 1
16 12631 8 1
16 12703 0 1
16 12602 8 1
16 12641 8 1
16 12592 8 1
16 12629 8 1
16 12619 8 1
16 12642 8 1
16 12611 8 1
16 12693 8 1
16 12718 0 1
16 12605 8 1
16 12669 8 1
16 12710 8 1
16 12656 8 1
16 12724 8 1
16 12660 8 1
16 12672 8 1
16 12766 8 2
16 12660 8 1
16 12721 0 1
16 12785 8 1
16 13125 4 1
16 12716 8 2
16 12736 8 1
16 12735 8 1
16 12800 8 1
16 12763 0 1
16 12819 8 1
16 12756 8 1
16 12786 8 1
16 12828 8 1
16 12813 0 1
16 12838 8 1
16 12800 8 1
16 12811 0 1
16 12854 8 1
16 12801 8 1
16 12844 8 1
16 12839 0 1
16 12880 8 1
16 12827 0 1
16 12894 8 1
16 12823 8 1
16 12861 0 1
16 12859 8 2
16 12939 8 2
16 12951 8 1
16 12925 0 1
16 12905 8 1
16 12959 8 1
16 12933 0 1
16 12974 8 1
16 12968 8 1
16 12930 8 1
16 12994 8 1
16 13410 11 1
16 12997 8 1
16 12935 8 1
16 12956 0 1
16 12978 8 1
16 12984 0 1
16 12982 0 1
16 12990 0 1
16 13048 8 1
16 13030 8 1
16 13016 8 1
16 13026 0 2
16 13009 0 1
16 13076 8 1
16 13030 0 1
16 13020 0 1
16 13043 8 1
16 13097 8 1
16 13056 0 1
16 13055 0 1
16 13096 0 1
16 13081 0 1
16 13111 0 1
16 13129 0 1
16 13155 8 1
16 13126 0 1
16 13141 0 1
16 13109 8 2
16 13172 8 1
16 13144 0 1
16 13158 0 1
16 13264 8 1
16 13167 0 1
16 13173 0 1
16 13178 0 1
16 13176 0 1
16 13161 8 1
16 13207 0 1
16 13218 0 1
16 13221 0 1
16 13202 0 1
16 13248 8 1
16 13234 1 1
16 13233 0 1
16 13292 4 1
16 13245 0 1
16 13605 9 1
16 13295 4 1
16 13258 0 1
16 13262 0 1
16 13276 0 1
16 13275 0 1
16 13294 0 1
16 13275 3 1
16 13312 1 1
16 13317 0 1
16 13327 0 1
16 13341 3 1
16 13327 0 1
16 13328 8 1
16 13370 8 1
16 13715 0 1
16 13368 8 2
16 13451 12 1
16 13488 4 1
16 13423 4 1
16 13383 8 1
16 13422 11 1
16 13424 8 2
16 13389 8 1
16 13461 8 1
16 13490 8 1
16 13533 4 1
16 13528 4 1
16 13540 8 1
16 13554 4 1
16 13654 10 1
16 13686 8 1
16 13625 8 1
16 13716 0 1
16 13666 8 1
16 13713 8 1
16 13642 8 1
16 13661 8 1
16 13744 8 1
16 13735 0 1
16 13688 8 1
16 13738 0 1
16 13755 8 1
16 13672 8 1
16 13726 8 1
16 13711 8 1
16 13726 8 1
16 13775 8 1
16 13738 8 1
16 13735 8 1
16 13816 8 1
16 13828 8 1
16 13771 8 1
16 13803 8 1
16 13848 8 1
16 13867 8 1
16 13793 8 1
16 13828 1 1
16 13815 0 1
16 13788 8 2
16 13861 8 1
16 13837 0 1
16 13820 8 1
16 13893 8 1
16 13905 8 1
16 13843 8 1
16 13858 0 1
16 13856 8 1
16 13879 0 1
16 13902 0 1
16 13889 0 1
16 13913 0 1
16 13916 0 1
16 13938 0 1
16 13942 0 1
16 13962 1 1
16 13961 8 1
16 13937 8 1
16 14019 8 1
16 13974 0 1
16 13921 8 1
16 13987 0 1
16 13941 8 1
16 13990 0 1
16 13995 0 1
16 14008 0 1
16 14120 8 1
16 14275 3 1
16 14005 8 2
16 14031 0 1
16 14028 0 1
16 13997 8 1
16 14044 0 1
16 14045 0 1
16 14056 0 1
16 14029 8 1
16 14263 8 1
16 14105 0 1
16 14117 0 1
16 14117 0 1
16 14128 8 1
16 14083 8 2
16 14139 0 1
16 14152 0 1
16 14146 0 1
16 14170 8 1
16 14163 0 1
16 14155 0 1
16 14169 0 1
16 14151 8 1
16 14125 0 1
16 14273 8 1
16 14190 0 1
16 14211 0 1
16 14154 8 1
16 14219 0 1
16 14232 0 1
16 14239 0 1
16 14251 0 1
16 14248 0 1
16 14266 0 1
16 14246 0 1
16 14238 8 1
16 14280 0 1
16 14306 0 1
16 14323 0 1
16 14356 0 2
16 14353 0 1
16 14369 3 1
16 14368 0 1
16 14375 0 1