0 21 21 1
1 34 181 1
2 20 126 1
3 15 8 1
4 21 32 1
5 21 168 1
6 20 88 1
7 14 30 1
8 20 30 1
9 17 12 1
10 22 22 1
9 14 6 1
11 27 222 1
12 34 58 1
8 20 18 1
13 25 29 1
9 17 37 1
16 19 17 1
9 17 21 1
18 20 142 1
23 26 33 1
9 17 28 1
6 20 108 1
24 25 50 1
11 27 35 1
23 26 52 1
9 15 45 1
28 15 45 1
11 27 60 1
9 17 62 1
29 30 47 1
28 36 97 1
18 31 54 1
29 26 82 1
6 22 51 1
28 36 121 1
18 50 154 1
32 21 853 1
24 25 59 1
33 15 613 1
9 17 72 1
9 17 81 1
24 25 68 1
11 27 70 1
28 15 85 1
9 17 88 1
35 36 141 1
23 26 92 1
2 22 121 1
28 39 117 1
28 15 99 1
11 27 99 1
23 26 102 1
2 31 104 1
2 37 117 1
5 38 112 1
18 20 200 1
35 39 119 1
5 38 138 1
40 41 130 1
2 43 133 1
1 34 197 1
35 39 130 1
40 36 146 1
10 20 172 1
42 44 136 1
18 20 225 1
6 22 145 1
5 21 197 1
11 27 136 1
33 45 140 1
40 46 140 1
9 36 209 1
33 45 161 1
35 39 153 2
10 53 176 1
47 48 151 1
35 39 164 1
49 20 156 1
42 52 170 2
2 20 238 1
33 45 338 1
10 22 163 1
18 20 250 1
10 20 216 1
51 41 177 2
28 54 182 1
40 36 200 1
49 20 188 1
51 36 182 2
7 54 188 1
35 44 189 1
18 20 268 1
42 46 201 1
35 39 200 1
7 52 266 1
51 52 208 1
28 15 212 2
9 15 222 1
35 36 256 2
29 26 228 1
2 50 306 1
11 15 754 1
2 43 233 1
35 39 236 1
28 15 230 1
1 34 270 1
35 36 280 1
6 20 296 1
11 27 239 1
18 65 414 1
29 34 294 1
28 36 297 1
18 20 337 1
51 36 270 1
7 17 277 2
55 39 274 1
7 54 271 1
13 21 326 1
29 57 290 1
18 20 356 1
7 54 298 1
42 36 309 1
13 21 332 1
23 26 290 1
1 59 294 1
18 20 366 1
29 59 310 1
56 34 322 1
58 54 318 1
13 21 350 1
60 39 310 2
18 20 380 1
61 17 310 1
13 21 360 1
56 34 342 1
28 36 369 1
58 54 316 1
18 20 392 1
61 17 333 1
58 36 437 1
18 20 417 1
51 41 333 2
2 20 400 1
40 46 338 1
51 36 349 2
9 15 352 1
61 14 340 1
2 20 409 1
33 45 370 1
23 26 343 1
51 41 353 1
13 21 402 1
58 54 354 1
55 36 397 1
29 34 414 1
18 20 432 1
9 17 357 1
13 38 376 1
29 26 370 1
7 54 364 1
9 17 362 1
28 15 368 1
7 54 367 1
61 14 378 1
18 65 612 1
51 36 376 1
35 39 378 1
7 54 378 1
33 45 392 1
1 57 378 1
5 21 414 1
13 21 432 1
1 34 422 1
7 54 393 1
18 20 462 1
42 36 413 1
61 14 383 1
32 62 394 1
9 17 384 1
9 14 388 1
9 17 394 1
33 45 569 1
61 14 399 1
18 20 482 1
35 39 414 1
13 21 457 1
29 30 410 1
63 26 414 1
42 41 450 1
1 34 457 1
35 15 416 1
64 65 425 1
13 21 472 1
55 39 424 1
23 26 423 1
29 34 482 1
60 41 469 1
2 20 502 1
12 65 434 1
40 52 446 1
60 41 480 1
7 54 436 2
13 21 490 1
18 20 516 1
12 65 444 1
23 26 448 1
18 20 538 1
13 21 501 1
51 36 458 1
29 34 500 1
18 20 550 1
12 65 456 1
7 14 478 1
29 34 510 1
12 65 469 1
51 36 468 1
18 20 562 1
13 21 526 1
51 36 488 1
29 34 529 1
12 66 478 1
23 26 478 1
18 69 548 1
11 27 480 1
9 14 480 1
12 66 498 1
35 39 486 2
13 21 536 1
29 34 538 1
9 36 576 1
58 15 542 1
29 34 545 1
12 66 500 1
42 44 504 2
1 59 506 1
29 59 530 1
13 21 566 1
64 66 512 1
40 36 546 2
67 68 511 1
7 14 538 1
12 66 522 1
13 21 580 1
18 20 601 1
12 66 534 1
58 14 548 1
56 34 562 1
18 71 581 1
12 66 545 1
8 20 585 1
29 34 602 1
61 17 545 1
32 62 762 1
8 20 572 1
61 41 614 1
9 17 554 1
51 36 548 2
12 66 554 1
13 21 610 1
29 34 614 1
12 66 561 1
60 15 562 1
13 21 617 1
35 36 607 1
29 34 625 1
24 25 570 1
12 66 582 1
11 27 572 1
33 45 610 1
3 71 576 1
70 53 580 1
3 53 602 1
18 81 696 1
29 59 608 1
29 75 636 1
12 65 801 1
11 27 592 1
58 36 682 1
11 27 595 1
72 20 618 1
13 82 689 2
67 34 642 1
16 19 608 1
18 20 681 1
73 78 650 1
60 36 662 1
33 19 658 1
12 66 612 1
51 36 626 1
33 45 778 1
23 26 620 1
12 66 622 1
29 26 636 1
47 48 619 1
11 27 624 1
12 66 628 1
11 27 628 1
13 21 693 1
1 34 674 1
29 34 702 1
74 34 650 1
11 27 640 1
76 34 645 1
64 65 652 1
29 30 650 1
1 34 690 1
11 27 658 1
13 21 714 1
77 78 689 1
23 26 656 1
51 36 661 2
29 34 717 1
79 80 665 1
77 78 664 1
13 21 728 1
79 44 686 2
29 26 685 1
64 81 680 2
1 34 732 1
29 34 744 1
64 81 688 1
1 57 690 1
77 27 709 1
40 52 700 2
56 59 692 1
16 19 697 1
83 87 718 1
64 81 734 1
56 68 701 1
23 26 704 1
16 20 778 1
29 34 761 1
73 78 732 1
77 78 704 1
47 48 704 1
84 88 753 1
51 36 711 1
85 80 741 1
74 75 716 1
86 21 941 1
16 19 720 1
77 15 770 1
83 62 798 1
64 88 1153 1
16 36 798 1
64 65 744 1
16 19 748 1
64 65 752 1
23 26 756 1
13 21 817 1
84 50 925 1
12 66 760 1
16 45 764 1
29 34 818 1
23 26 763 1
16 19 776 1
23 26 781 1
33 95 949 1
64 66 1026 1
73 15 1784 1
83 62 906 1
89 90 829 1
64 65 827 1
16 19 834 1
29 34 1264 1
23 26 840 1
91 88 870 1
23 26 900 1
92 41 940 1
64 65 879 1
7 54 888 1
61 14 899 1
64 65 899 1
64 65 904 1
61 14 912 2
64 65 926 1
93 94 927 1
49 20 928 1
9 17 949 1
23 26 936 1
64 65 944 1
51 36 948 1
60 98 974 1
89 90 956 1
9 17 964 1
83 100 1122 1
23 26 956 1
16 95 964 1
23 26 960 1
16 19 966 1
23 26 968 1
3 96 964 1
1 57 968 1
60 34 1036 1
9 17 1021 1
97 34 1022 1
1 57 972 1
23 26 985 1
16 95 986 1
23 26 992 1
79 80 992 2
60 39 1004 2
40 41 1026 1
1 57 1011 1
18 20 1130 1
23 26 1023 1
9 17 1074 1
64 66 1057 1
51 41 1028 1
23 26 1034 1
51 36 1037 1
64 81 1042 1
16 19 1065 1
58 14 1078 1
23 26 1053 1
64 62 1122 1
23 26 1062 1
16 19 1144 1
23 26 1072 1
23 26 1088 1
64 65 1076 1
35 39 1081 1
60 36 1145 1
3 71 1080 1
9 20 1137 1
32 21 1203 1
64 62 1162 1
29 30 1084 1
29 26 1142 1
12 98 1096 1
23 26 1100 1
7 54 1107 1
7 54 1117 1
61 14 1125 1
32 88 1140 1
99 88 1171 1
23 26 1136 1
60 15 1144 1
1 57 1142 1
32 62 1138 1
23 26 1149 1
18 31 1144 1
84 88 1213 1
1 57 1163 1
1 57 1148 1
18 37 1155 1
60 39 1152 2
51 36 1150 1
16 19 1555 1
1 57 1151 1
23 26 1151 1
23 26 1151 1
84 62 1179 1
23 26 1163 1
1 57 1159 1
40 52 1159 1
2 37 1213 1
23 26 1162 1
18 31 1225 1
40 41 1165 2
23 26 1186 1
1 57 1177 1
23 26 1172 1
84 21 1326 1
18 20 1239 1
13 21 1275 1
1 57 1183 1
1 57 1187 1
18 20 1255 1
1 57 1199 1
2 37 1190 1
23 26 1197 1
58 54 1210 1
61 14 1199 1
1 34 1282 1
18 20 1268 1
60 15 1205 2
18 20 1281 1
32 21 2116 1
40 46 1213 2
61 36 1262 1
23 26 1213 1
7 36 1283 1
40 36 1234 2
60 36 1250 1
18 65 1347 1
84 88 1458 1
7 36 1298 1
18 20 1303 1
18 31 1248 1
29 34 1305 1
7 54 1258 1
18 20 1322 1
18 43 1285 1
51 36 1264 1
7 54 1261 1
7 15 1286 1
18 31 1265 1
7 54 1278 1
18 37 1291 1
9 17 1269 1
60 15 1276 1
40 52 1281 1
60 36 1315 1
61 17 1290 1
18 20 1355 1
10 22 1298 1
58 54 1298 1
13 34 1343 1
10 96 1307 1
60 36 1327 1
51 36 1295 2
61 14 1292 1
10 22 1318 1
9 36 1339 1
61 14 1307 1
58 36 1379 1
9 14 1300 1
3 69 1311 1
101 102 1309 2
9 17 1304 1
9 36 1364 1
18 62 2183 1
8 69 1322 1
29 34 1370 1
28 36 1351 1
8 20 1346 1
18 37 1322 2
70 20 1337 1
103 20 1388 1
23 26 1329 1
29 34 1380 1
18 31 1334 1
103 20 1405 1
23 26 1338 1
13 21 1392 1
104 21 1414 1
103 20 1422 1
29 34 1414 1
29 34 1425 1
13 21 1426 1
74 105 1374 1
29 106 1384 1
103 69 1423 1
1 57 1392 1
23 26 1391 1
29 34 1444 1
1 68 1403 1
60 36 1433 1
18 20 1467 1
7 14 1411 2
47 34 1431 1
23 26 1410 1
29 34 1470 1
13 21 1468 1
18 20 1479 1
9 17 1426 2
74 107 1420 1
58 36 1496 1
60 15 1433 2
18 20 1502 1
29 34 1494 1
8 53 1432 1
35 39 1443 2
58 17 1463 1
23 26 1445 1
29 113 1499 1
13 82 1519 2
18 36 1516 1
108 31 1450 1
40 46 1451 2
32 62 1720 1
7 14 1468 1
40 52 1453 2
29 34 1508 1
24 38 1466 1
58 54 1472 1
51 36 1470 2
18 20 1530 1
23 26 1468 1
9 36 1511 1
29 34 1522 1
10 22 1466 1
109 112 1491 1
61 14 1479 1
18 20 1539 1
7 14 1483 1
58 54 1560 1
58 54 1484 1
56 59 1478 1
13 111 1479 2
13 25 1477 1
29 34 1539 1
9 36 1527 1
110 25 1487 2
24 112 1523 1
61 54 1486 1
9 14 1498 1
9 17 1507 1
13 21 1558 1
23 26 1504 1
29 34 1556 1
18 31 1568 1
35 15 1515 1
101 20 1582 1
35 15 1519 1
23 26 1519 1
4 112 1527 1
42 36 1540 1
101 22 1555 2
58 17 1536 1
29 34 1579 1
13 21 1580 1
55 39 1521 1
0 112 1543 1
29 34 1590 1
0 114 1529 2
13 21 1592 1
40 36 1551 1
93 94 1530 1
89 90 1530 1
89 90 1539 1
58 36 1607 1
9 36 1584 1
23 26 1544 1
29 34 1599 1
93 19 1559 1
29 26 1559 1
23 26 1553 1
10 53 1578 1
23 34 1610 1
58 17 1576 1
16 19 1584 1
23 26 1566 1
29 34 1624 1
29 34 1630 1
9 17 1620 1
72 20 1594 1
16 19 1791 1
104 115 1604 2
24 38 1599 1
29 57 1619 1
109 82 1675 2
16 95 1604 1
23 26 1609 1
29 34 1668 1
79 20 1663 1
116 117 1618 1
56 34 1655 1
23 26 1627 1
33 45 1628 1
13 113 1682 1
29 34 1695 1
16 95 1656 1
23 26 1647 1
13 21 1707 1
23 26 1659 1
104 21 1718 1
73 78 1695 1
79 20 1712 1
23 26 1666 1
29 34 1728 1
23 26 1670 1
104 21 1734 1
58 36 1742 1
29 106 1702 1
103 22 1878 1
1 34 1744 1
23 26 1707 1
29 34 1764 1
32 62 1911 1
18 14 1784 1
29 34 1815 1
77 80 1818 1
118 19 1782 1
73 15 1847 1
16 19 1823 1
60 20 1842 1
18 22 2112 1
16 19 1851 1
58 17 1978 1
16 19 1872 1
10 22 1865 1
89 90 1983 1
33 45 1895 1
118 19 1882 1
118 19 1896 1
92 20 1979 1
32 62 1931 1
118 19 1918 1
18 22 2031 1
92 20 1992 1
118 19 1922 1
118 19 1930 1
33 45 1933 1
92 20 2031 1
118 19 1942 1
32 88 1972 1
118 19 1948 1
118 19 1956 1
118 19 1961 1
58 17 2035 1
33 45 1966 1
118 19 1972 1
84 20 2155 1
13 25 1992 1
9 17 1981 1
18 20 2234 1
92 119 1989 1
110 21 2299 1
60 69 2003 1
33 20 2055 1
120 34 2059 1
9 17 2002 1
42 20 2046 1
33 95 2018 1
10 22 2005 1
58 14 2071 1
18 43 2054 1
12 119 2031 1
10 22 2020 1
9 17 2020 1
60 15 2017 1
33 95 2028 1
10 22 2035 1
84 62 2044 1
10 22 2037 1
9 17 2062 1
16 19 2044 1
35 15 2050 1
60 20 2079 1
58 54 2050 1
58 54 2119 1
55 20 2095 1
16 19 2057 1
9 17 2062 1
9 17 2074 1
9 17 2088 1
10 22 2070 1
55 20 2116 1
10 22 2083 1
9 17 2084 1
9 17 2082 1
10 22 2085 1
9 17 2089 1
10 22 2090 1
10 22 2103 1
9 17 2107 1
33 45 2244 2
120 96 2132 1
18 31 2113 1
9 17 2119 1
10 22 2143 1
10 22 2118 1
60 15 2123 1
18 122 2259 1
64 62 2166 1
61 14 2128 1
60 39 2135 1
10 22 2125 1
9 17 2128 1
120 20 2191 1
9 15 2143 1
18 31 2133 1
6 122 2220 1
103 37 2138 1
60 36 2178 1
10 71 2155 1
120 71 2148 1
40 36 2166 1
28 36 2190 1
103 37 2152 1
120 71 2171 1
9 17 2156 1
9 17 2160 1
120 20 2204 1
60 39 2208 1
103 37 2164 1
18 31 2162 1
28 15 2170 1
2 37 2183 1
101 102 2216 2
121 50 2202 1
35 39 2177 1
6 43 2182 2
55 39 2185 1
2 43 2191 1
28 15 2190 2
6 43 2200 1
7 54 2194 2
42 44 2198 1
7 54 2204 2
42 44 2235 1
6 69 2259 1
35 15 2219 1
7 14 2223 2
49 20 2215 1
10 53 2255 1
51 41 2214 1
51 36 2223 1
18 31 2222 2
42 36 2250 1
108 20 2336 2
101 31 2244 2
9 17 2238 2
33 45 2252 2
10 96 2259 1
18 102 2255 2
7 54 2256 1
123 20 2400 2
60 15 2307 2
120 96 2259 1
33 45 2263 2
124 53 2263 1
9 36 2320 1
120 71 2261 1
70 53 2271 1
108 20 2364 2
7 14 2275 1
72 20 2283 1
121 69 2271 1
7 17 2291 1
93 94 2275 1
33 45 2280 2
124 20 2299 1
58 36 2364 1
9 41 2333 1
72 53 2282 1
89 19 2292 1
33 45 2285 2
13 25 2295 1
33 45 2296 2
9 41 2340 1
7 54 2304 1
110 21 2344 1
29 34 2356 1
7 17 2336 1
61 14 2320 1
104 21 2360 1
33 45 2317 2
9 36 2383 1
18 20 2416 1
29 34 2377 1
33 45 2331 2
104 21 2376 1
7 54 2331 1
51 36 2348 1
18 31 2334 1
33 45 2340 2
13 21 2381 1
29 34 2392 1
103 37 2348 1
23 26 2338 1
9 36 2393 1
58 54 2344 1
33 45 2351 2
7 54 2361 1
101 102 2351 1
101 102 2359 2
9 14 2359 1
125 65 2460 1
7 17 2372 1
2 71 2396 1
61 14 2363 1
72 50 2366 1
58 54 2384 1
29 26 2376 1
61 14 2388 1
1 34 2423 1
58 54 2385 1
104 21 2444 1
9 36 2440 1
2 71 2413 1
35 15 2383 1
61 14 2393 1
35 36 2427 1
58 54 2437 1
33 45 2390 2
61 54 2393 1
18 20 2479 1
9 15 2404 1
61 36 2475 1
120 69 2408 1
23 26 2400 1
121 53 2408 1
9 41 2460 1
29 34 2461 1
35 36 2452 1
124 20 2448 1
10 69 2424 1
33 45 2411 2
70 50 2436 1
18 65 2584 1
13 21 2469 1
33 45 2419 2
7 54 2421 1
23 26 2422 1
33 45 2427 2
72 53 2426 1
7 54 2427 2
18 37 2427 1
124 53 2430 1
18 20 2503 1
9 44 2473 1
33 45 2438 2
18 20 2516 1
58 36 2520 1
61 14 2443 1
101 102 2446 2
9 46 2485 1
33 45 2451 2
49 20 2452 1
101 31 2464 2
58 36 2539 1
33 45 2458 2
51 36 2464 1
108 20 2545 2
33 45 2472 2
55 52 2495 2
2 22 2485 1
32 88 2637 1
33 34 3117 1
33 19 2487 2
51 41 2484 2
58 17 2541 1
89 19 2492 2
29 34 2543 1
10 69 2504 1
51 36 2509 2
83 126 2558 1
104 21 2543 1
121 20 2528 1
2 43 2509 1
58 54 2521 1
6 43 2517 1
18 126 3256 1
13 21 2572 1
23 26 2522 1
7 54 2529 1
29 34 2576 1
28 15 2527 1
18 20 2589 1
35 15 2537 1
7 54 2548 1
73 80 2825 1
23 26 2539 1
29 34 2591 1
35 36 2592 1
33 45 2544 2
7 54 2558 1
42 15 2556 1
9 17 2579 1
23 26 2554 1
33 45 2551 2
40 36 2572 1
29 34 2608 1
61 14 2558 1
58 54 2555 1
13 21 2616 1
49 50 2560 1
7 36 2633 1
58 54 2560 1
42 39 2560 1
9 17 2560 1
64 65 2563 1
33 45 2564 2
23 26 2568 1
40 52 2567 1
9 17 2624 1
58 14 2623 1
23 26 2577 1
33 45 2575 2
29 34 2632 1
2 20 2639 1
40 36 2609 1
83 127 2650 1
64 65 2596 1
23 26 2587 1
7 54 2603 1
29 30 2593 1
18 37 2603 1
13 21 2645 1
63 34 2644 1
110 25 2596 1
58 20 2675 1
29 34 2657 1
64 65 2605 1
18 20 2699 1
9 36 2656 1
2 20 2661 1
58 14 2640 1
29 34 2667 1
64 65 2628 1
33 45 2621 2
13 21 2676 1
33 45 2632 2
23 26 2632 1
9 17 2637 1
18 20 2721 1
6 22 2640 1
58 17 2677 1
64 65 2676 1
29 34 2691 1
13 21 2696 1
84 88 2815 1
33 45 2644 2
60 15 2689 1
9 14 2643 1
10 20 2688 1
58 54 2676 1
9 17 2707 1
33 45 2655 2
23 26 2651 1
29 34 2713 1
18 20 2738 1
33 45 2667 2
121 71 2662 1
23 26 2672 1
29 34 2724 1
33 45 2677 2
58 17 2697 1
64 65 2717 1
13 82 2751 2
9 36 2736 1
28 36 2723 1
23 26 2683 1
29 34 2737 1
33 45 2689 2
29 34 2749 1
13 21 2749 1
33 45 2695 2
64 66 2699 1
29 113 2757 1
23 26 2702 1
9 36 2749 1
29 34 2769 1
18 20 3226 1
58 14 2741 1
64 65 2749 1
29 34 2785 1
12 66 2728 1
23 26 2740 1
9 14 2743 1
58 17 2904 1
29 34 2809 1
64 65 2805 1
9 17 2804 1
58 128 2826 1
29 34 2844 1
18 22 2873 1
23 26 2794 1
29 106 2808 1
32 21 3000 1
60 20 2852 2
23 34 2857 1
118 20 2868 1
9 17 2811 1
64 65 2812 1
23 26 2815 1
64 65 2822 1
13 82 2877 2
64 65 2833 1
16 19 2832 1
93 94 2838 1
64 65 2836 1
64 65 2845 1
64 65 2861 1
13 82 2918 2
58 15 2916 1
89 19 2867 1
64 65 2877 1
64 65 2884 1
13 25 2888 1
64 65 2917 1
110 21 2933 1
9 17 2907 1
9 15 3120 1
13 115 3214 1
64 65 2936 1
9 17 2919 1
64 66 2928 1
84 20 3014 1
28 15 2932 1
89 19 2952 1
64 65 2997 1
64 66 2948 1
9 17 2956 1
60 17 2968 1
18 43 3116 1
9 17 2992 1
9 17 3002 1
64 65 2999 1
64 65 3013 1
64 66 3018 1
64 65 3018 1
9 17 3019 1
64 65 3029 1
64 65 3046 1
9 15 3038 1
33 95 3049 1
33 95 3046 1
60 17 3048 1
64 126 3214 1
32 21 3136 1
60 131 3096 1
12 98 3056 1
9 17 3066 1
79 36 3089 1
33 50 3116 1
129 126 3089 1
9 17 3064 1
5 38 3068 1
18 22 3148 1
60 15 3068 1
10 22 3068 1
33 80 3085 1
9 17 3072 1
9 17 3076 1
58 14 3140 1
60 17 3097 1
60 122 3124 1
28 15 3090 1
33 20 3152 1
18 20 3272 1
130 112 3104 1
4 21 3124 1
33 20 3164 1
9 17 3108 1
60 80 3108 1
10 22 3113 1
18 43 3197 1
9 17 3125 1
58 54 3122 1
118 95 3128 1
9 17 3125 1
7 54 3142 1
79 80 3131 1
9 17 3131 1
58 54 3169 1
9 17 3182 1
60 20 3174 1
61 54 3162 1
18 20 3317 1
6 43 3151 1
9 17 3159 1
61 14 3160 1
10 22 3164 1
7 54 3192 1
10 71 3198 1
61 14 3172 1
28 36 3241 1
2 37 3180 1
6 43 3188 1
7 17 3233 1
64 126 3237 1
9 17 3175 1
61 14 3190 1
35 36 3218 1
120 71 3190 1
108 37 3204 1
58 54 3192 1
9 17 3188 1
13 25 3225 1
9 17 3188 1
120 69 3197 1
9 17 3196 1
28 15 3201 1
120 71 3220 1
58 54 3198 1
18 31 3200 1
121 20 3236 1
2 20 3285 1
58 54 3241 1
10 22 3212 1
6 43 3204 1
28 36 3260 1
61 14 3203 1
121 69 3224 1
5 21 3377 1
9 17 3211 1
121 20 3246 1
9 17 3212 1
9 36 3272 1
108 20 3346 1
5 38 3225 1
121 69 3224 1
24 38 3229 1
9 36 3285 1
58 54 3234 1
124 53 3236 1
6 43 3233 1
13 21 3392 1
61 14 3232 1
70 53 3248 1
6 20 3300 1
7 54 3252 1
24 25 3240 1
40 46 3240 1
9 36 3305 1
7 54 3264 1
49 50 3260 1
2 43 3265 1
51 41 3256 1
61 54 3261 1
9 36 3328 1
6 22 3286 1
18 31 3269 1
61 14 3281 1
7 36 3372 1
103 20 3362 1
32 21 3453 1
5 115 3356 1
9 17 3279 1
18 31 3380 1
10 20 3334 1
9 17 3296 1
9 36 3341 1
58 54 3293 1
58 122 3390 1
23 26 3308 1
60 15 3314 1
2 20 3402 1
13 21 3412 1
58 14 3344 1
60 36 3353 1
18 37 3338 1
2 37 3348 1
58 15 3389 1
18 53 3410 1
2 43 3401 1
29 34 3416 1
6 43 3348 1
108 31 3366 1
9 17 3358 1
35 15 3352 1
58 54 3361 1
9 36 3406 1
13 21 3426 1
2 37 3378 1
7 36 3446 1
23 26 3359 1
2 22 3400 1
61 54 3366 1
9 17 3364 1
1 132 3364 1
33 45 3363 1
29 34 3413 1
61 14 3370 1
120 69 3377 1
58 36 3463 1
2 43 3380 1
2 22 3413 1
8 69 3384 1
35 39 3389 1
8 53 3388 1
91 15 4105 1
58 36 3477 1
103 20 3469 1
10 22 3398 1
35 36 3430 1
28 15 3391 2
10 20 3440 1
18 20 3487 1
70 20 3428 1
133 20 3406 1
40 36 3418 1
10 71 3413 1
72 50 3416 1
58 54 3409 1
13 34 3467 1
72 50 3411 1
7 36 3493 1
10 69 3428 1
121 96 3420 1
49 20 3420 1
121 53 3438 1
108 20 3513 1
58 36 3509 1
18 31 3420 1
124 20 3459 1
2 20 3501 1
108 102 3438 1
72 50 3448 1
108 20 3525 1
7 54 3450 1
29 34 3511 1
13 21 3505 1
49 20 3448 1
108 31 3459 1
61 17 3469 1
13 21 3515 1
108 37 3534 1
23 26 3462 1
7 54 3463 1
29 26 3474 1
73 27 3773 1
108 20 3543 1
110 34 3525 1
7 14 3489 1
61 14 3472 1
9 36 3521 1
108 37 3483 1
9 14 3481 1
7 54 3487 1
29 34 3546 1
2 20 3562 1
58 17 3523 1
108 37 3488 1
9 17 3492 1
60 15 3498 1
2 37 3492 1
18 20 3583 1
2 20 3577 1
61 14 3499 1
58 36 3590 1
29 26 3521 1
35 44 3513 1
28 15 3514 1
18 20 3607 1
23 34 3566 1
58 17 3546 1
40 36 3537 1
35 36 3550 1
13 21 3581 1
60 15 3524 1
9 36 3578 1
18 20 3622 1
35 39 3539 1
7 54 3543 1
42 36 3571 1
108 37 3554 1
61 14 3548 1
29 34 3609 1
9 36 3603 1
83 134 3613 1
18 122 3643 1
9 17 3552 1
2 20 3635 1
13 21 3610 1
23 26 3561 1
29 26 3575 1
9 17 3564 1
121 69 3565 1
7 14 3581 1
23 34 3619 1
28 15 3573 1
121 69 3569 1
13 21 3631 1
58 41 3649 1
35 39 3587 1
47 48 3585 1
108 20 3669 1
9 17 3590 2
72 50 3588 1
13 21 3646 1
18 20 3677 1
42 36 3617 1
9 17 3592 2
23 26 3602 1
7 36 3673 1
60 36 3637 2
13 21 3657 1
29 26 3613 1
23 34 3651 1
73 78 3655 1
29 34 3669 1
58 54 3631 1
7 17 3642 1
7 17 3665 1
110 21 3685 1
23 26 3637 1
29 34 3699 1
73 78 3662 1
9 36 3709 1
58 54 3669 1
77 27 3654 1
51 36 3655 1
29 34 3709 1
13 21 3705 1
110 132 3652 1
83 135 3657 1
77 78 3835 1
28 15 3657 1
23 106 3666 1
1 115 3657 1
55 36 3695 1
28 15 3669 1
136 78 3669 1
9 36 3729 1
13 21 3726 1
137 59 3669 1
29 26 3683 1
47 48 3677 1
13 21 3738 1
23 34 3730 1
29 26 3693 1
130 75 3681 1
23 34 3742 1
29 26 3707 1
33 20 3750 1
58 36 3761 1
13 21 3765 1
76 34 3705 2
1 34 3758 1
33 95 3745 1
83 138 3787 1
83 87 3750 1
83 135 3745 1
29 26 3753 1
13 21 3791 1
1 34 3798 1
86 139 3790 1
79 53 3778 1
29 34 3814 1
13 21 3815 1
13 113 3821 1
23 26 3765 1
33 45 3768 1
23 26 3769 1
29 34 3830 1
11 80 3861 1
118 95 3783 1
13 21 3839 1
70 20 3801 1
23 26 3785 1
29 34 3847 1
84 140 3802 1
5 38 3792 1
13 21 3853 1
79 41 3833 2
23 26 3796 1
58 17 3894 1
13 21 3861 1
63 34 3861 1
23 26 3812 1
110 21 3878 1
29 34 3881 1
29 34 3893 1
77 27 3882 1
13 21 3893 1
5 38 3833 1
51 36 3841 1
29 111 3854 1
77 78 3840 1
11 27 3840 1
141 38 3845 1
23 34 3901 1
77 78 3849 1
7 54 3871 1
77 80 3894 1
29 34 3925 1
118 45 3869 1
110 135 3873 1
29 26 3885 1
110 115 3891 1
13 21 3933 1
61 17 4135 1
23 34 3935 1
13 21 3949 1
109 21 3926 1
118 19 3893 1
73 15 3946 1
9 17 3899 1
104 26 3897 1
79 45 3902 1
9 17 3908 1
9 17 3913 1
73 78 3941 1
13 25 3946 1
118 19 3959 1
77 39 3966 1
9 17 3945 1
141 115 4270 1
16 19 3957 1
79 80 3965 1
9 17 3967 1
33 45 3973 1
89 95 3969 1
79 36 4023 1
33 20 4039 1
89 19 3993 1
118 95 4082 1
18 53 4218 1
35 146 4186 1
118 95 4105 1
28 15 4101 1
73 27 4778 1
118 19 4113 1
35 21 4194 1
118 19 4116 1
23 26 4125 1
35 39 4194 1
18 20 4269 1
9 36 4275 1
89 19 4153 1
142 143 4154 1
18 20 4295 1
0 144 4165 1
18 50 4310 1
145 144 4173 1
7 54 4189 1
58 14 4258 1
61 54 4199 1
28 15 4201 1
61 54 4207 1
18 31 4214 1
28 15 4211 1
6 43 4213 1
23 26 4219 1
35 15 4253 1
6 20 4285 1
108 20 4331 1
70 20 4241 1
13 21 4350 1
9 17 4237 1
23 26 4225 1
104 26 4233 1
58 15 4317 1
108 37 4246 1
58 54 4246 1
104 26 4255 1
9 17 4245 1
141 115 4248 1
9 36 4305 1
7 54 4253 1
23 21 4305 1
108 66 4338 1
9 14 4262 1
141 25 4261 1
16 19 4262 1
23 26 4261 1
110 132 4261 1
60 15 4283 1
61 14 4265 1
108 20 4349 1
109 21 4326 1
110 21 4362 1
9 17 4279 1
32 88 4537 2
109 115 4272 1
18 31 4277 1
9 17 4277 1
108 149 5307 1
35 44 4297 1
28 39 4294 1
9 17 4289 1
4 112 4292 1
55 46 4311 1
147 148 4292 1
29 150 4361 1
60 15 4343 1
18 31 4293 1
42 36 4329 1
108 20 4365 1
108 20 4378 1
42 44 4301 2
33 46 4624 1
51 36 4319 1
18 31 4309 1
91 149 4308 2
35 36 4358 1
104 111 4316 1
91 149 4321 2
108 20 4397 1
108 20 4421 1
35 122 4386 1
58 36 4430 1
64 66 4343 1
18 31 4343 1
108 20 4437 1
58 36 4443 1
9 17 4357 2
18 31 4446 1
51 36 4377 1
29 34 4425 1
104 26 4377 1
13 21 4423 1
108 37 4380 1
2 20 4458 1
2 37 4380 1
29 113 4431 1
42 36 4417 2
18 31 4384 1
64 66 4389 1
2 37 4389 1
23 26 4393 1
89 19 4401 1
108 37 4392 1
64 66 4392 1
13 111 4441 1
104 111 4399 1
108 20 4478 1
2 43 4403 1
7 54 4405 2
64 66 4401 1
6 20 4469 1
18 20 4493 1
29 34 4458 1
74 75 4413 1
61 14 4413 1
58 54 4421 1
93 94 4419 2
23 111 4422 1
18 31 4429 1
7 17 4449 1
89 19 4435 2
61 14 4428 1
23 26 4433 1
29 57 4450 1
108 20 4503 1
28 36 4473 1
13 21 4489 1
58 36 4511 1
108 102 4447 1
23 26 4450 1
108 20 4517 1
56 34 4483 1
64 66 4453 1
28 36 4491 1
18 37 4453 1
9 36 4497 1
13 21 4511 1
29 113 4510 1
2 20 4529 1
108 37 4485 1
7 54 4483 1
23 26 4468 1
2 37 4475 1
13 21 4533 1
89 19 4485 1
61 14 4487 1
18 37 4498 1
2 50 4554 1
58 54 4485 1
104 111 4484 1
9 17 4513 1
91 149 4490 2
29 113 4546 1
58 54 4498 1
10 50 4541 1
6 20 4569 1
91 149 4501 2
18 20 4581 1
64 66 4500 1
61 54 4505 1
104 26 4509 1
7 17 4525 1
64 66 4509 1
35 39 4522 1
60 15 4507 1
91 149 4509 2
55 44 4529 1
58 36 4595 1
108 71 4562 1
104 111 4523 1
42 36 4553 1
60 15 4529 1
13 21 4583 1
18 20 4609 1
51 52 4534 1
9 17 4528 1
104 26 4534 1
91 69 5159 1
55 46 4543 1
51 36 4545 1
7 36 4609 1
28 36 4575 1
13 21 4598 1
104 111 4543 1
91 149 4545 1
141 38 4541 1
151 139 4547 2
108 20 4632 1
51 36 4565 1
64 66 4550 1
7 17 4570 1
151 139 4558 2
104 111 4558 1
91 149 4557 1
121 53 4578 1
13 21 4620 1
108 20 4656 1
151 139 4567 2
91 149 4567 1
104 111 4581 1
151 139 4569 2
9 15 4582 1
108 37 4583 1
151 139 4581 2
70 53 4583 1
18 31 4576 1
2 22 4597 1
72 50 4587 1
13 21 4635 1
18 20 4666 1
151 139 4584 2
28 36 4623 1
72 20 4597 1
6 43 4584 1
104 34 4639 1
91 149 4590 1
151 139 4591 2
49 50 4593 1
64 66 4593 1
10 71 4607 1
18 20 4682 1
104 34 4664 1
91 149 4597 2
151 139 4602 2
64 66 4600 1
10 22 4600 1
73 78 4636 1
151 139 4604 2
120 53 4630 1
13 21 4654 1
18 20 4694 1
151 139 4611 2
60 39 4614 1
121 69 4614 1
60 52 4614 1
84 139 4626 2
23 26 4626 1
40 36 4648 1
18 20 4702 1
72 20 4643 1
13 21 4674 1
23 26 4629 1
151 139 4636 2
118 152 4633 1
104 111 4633 1
91 149 4634 1
23 26 4642 1
118 152 4703 1
151 139 4638 2
64 66 4642 1
7 54 4658 1
136 78 4642 1
151 139 4646 2
29 82 4722 2
11 27 4652 1
151 139 4655 2
61 54 4662 1
151 139 4657 2
11 27 4668 1
151 139 4664 2
58 36 4744 1
55 39 4666 2
151 139 4679 2
9 17 4678 2
91 149 4670 1
13 143 4703 1
23 111 4674 1
42 46 4679 2
29 30 4727 1
55 44 4684 1
64 66 4682 1
28 15 4690 2
40 41 4695 2
151 139 4692 2
91 149 4690 1
18 20 4762 1
35 15 4693 1
42 44 4693 2
104 113 4750 1
91 149 4706 1
151 139 4727 2
55 44 4703 1
42 36 4730 2
89 90 4708 1
118 152 4705 1
18 20 4772 1
104 111 4709 1
91 149 4709 1
118 152 4803 1
91 149 4713 1
104 26 4714 1
91 149 4721 1
51 36 4726 1
91 149 4731 1
63 34 4784 1
153 154 4730 1
151 139 4729 2
151 139 4736 2
91 149 4736 1
18 20 4808 1
64 66 4737 1
151 139 4738 2
23 26 4742 1
91 149 4743 1
151 139 4751 2
91 149 4750 1
153 154 4750 1
13 82 4842 2
151 139 4753 2
91 149 4756 1
29 150 4832 2
91 149 4762 1
151 139 4762 2
58 17 4782 1
5 38 4766 2
91 149 4766 1
151 139 4774 2
77 80 4904 1
91 149 4780 1
151 139 4777 2
18 20 4846 1
151 139 4784 2
91 149 4782 1
155 139 4824 1
13 21 4846 1
151 139 4832 2
9 36 4820 1
91 113 5230 1
18 20 4862 1
104 111 4803 1
83 139 4851 1
118 95 4870 1
29 26 4816 1
23 34 4867 1
29 113 4878 1
13 21 4871 1
77 27 4818 2
18 22 5215 1
29 34 4884 1
151 88 4825 1
151 88 4829 1
13 21 4890 1
151 139 4856 2
63 34 4896 1
33 152 4908 1
23 26 4856 1
151 88 4849 1
151 139 4894 2
11 27 4858 1
13 21 4922 1
63 113 4924 1
77 78 4880 1
104 111 4884 1
29 30 4886 1
77 15 4923 1
60 20 4918 1
136 30 4894 1
64 66 4886 1
118 80 4895 1
77 19 4956 1
13 21 4952 1
104 34 4955 1
73 78 4915 1
64 66 4898 1
58 14 4931 1
151 139 4919 2
79 39 4904 1
42 20 4935 1
29 113 4970 1
11 80 4939 1
13 82 5004 2
118 15 5150 1
118 152 4914 1
141 115 4924 1
151 139 4927 2
104 111 4938 1
64 66 4922 1
151 88 4925 1
60 46 4939 2
109 115 4936 1
118 19 4934 1
13 21 5002 1
151 139 4947 2
58 17 4984 1
156 34 4982 1
9 17 4976 1
64 66 4939 1
29 34 4999 1
89 19 4946 1
40 122 4956 2
13 21 5010 1
157 158 4946 2
151 139 4988 2
73 39 4998 1
60 52 4958 2
64 66 4954 1
104 26 4958 1
118 80 4963 1
51 159 4958 2
42 36 4996 2
79 44 4975 1
64 66 4965 1
13 38 5044 1
29 57 5047 1
151 88 4974 1
24 25 4980 1
42 20 5011 1
118 80 5000 1
28 17 5068 1
151 88 4981 1
13 135 5006 1
151 139 4999 2
18 37 5015 1
28 15 4996 1
28 15 5002 1
151 139 5008 2
79 36 5068 1
79 52 5007 1
13 111 5019 1
40 122 5035 1
24 25 5018 1
2 22 5116 1
151 88 5017 1
110 25 5055 1
104 111 5031 1
141 25 5030 1
28 15 5030 1
92 119 5080 2
104 26 5034 1
29 78 5060 1
64 66 5046 1
5 158 5410 1
141 115 5049 1
64 66 5049 1
28 15 5053 1
1 34 5431 1
155 115 5060 2
110 25 5057 1
18 22 5175 1
23 26 5057 1
151 139 5066 1
28 15 5143 1
77 27 5194 1
92 53 5119 1
77 78 5075 1
110 25 5092 1
9 17 5158 1
151 139 5079 1
155 115 5074 1
64 66 5091 1
104 26 5077 1
92 20 5156 1
141 115 5081 1
9 17 5086 1
104 26 5091 1
92 115 5098 1
64 66 5093 1
110 25 5100 1
8 41 5132 2
23 26 5100 1
64 66 5103 1
137 160 5120 1
64 66 5105 1
110 25 5110 1
64 66 5109 1
156 132 5110 1
64 66 5118 1
110 25 5122 1
104 26 5122 1
70 20 5143 1
110 25 5136 1
104 111 5125 1
64 66 5126 1
32 113 5216 1
64 66 5134 1
18 43 5247 1
60 20 5186 1
110 25 5143 1
58 54 5142 1
155 115 5142 1
118 152 5150 1
28 15 5162 1
58 17 5200 1
110 25 5155 1
118 19 5158 1
156 132 5153 1
110 25 5157 1
104 26 5164 1
58 15 5284 1
110 25 5167 1
9 17 5167 1
155 115 5165 1
28 15 5165 1
42 36 5196 1
156 132 5165 1
104 111 5166 1
10 22 5170 1
10 22 5179 1
73 78 5191 1
9 17 5176 1
118 19 5170 1
104 111 5180 1
110 25 5187 1
10 96 5174 1
10 22 5190 1
104 111 5187 1
28 15 5186 1
9 17 5186 1
64 66 5188 1
77 27 5447 1
18 43 5259 1
110 25 5189 1
104 111 5189 1
28 15 5198 1
9 17 5198 1
104 26 5198 1
9 17 5198 1
10 22 5202 1
110 25 5203 1
104 111 5201 1
110 25 5205 1
61 14 5210 1
10 22 5206 1
18 43 5291 1
120 20 5288 1
28 15 5244 1
6 43 5222 1
77 78 5218 1
110 25 5222 1
10 22 5217 1
104 26 5222 1
58 54 5221 1
10 22 5225 1
6 43 5235 1
18 31 5232 1
155 115 5229 1
10 96 5271 1
110 135 5233 1
10 22 5233 1
9 17 5239 1
58 14 5299 1
2 43 5242 1
110 25 5237 1
108 37 5237 1
77 78 5238 1
108 37 5246 1
12 126 5290 1
10 96 5242 1
9 15 5258 1
155 115 5251 1
28 15 5250 1
18 31 5250 1
110 25 5256 1
10 50 5343 1
2 37 5262 1
35 15 5253 1
2 43 5283 1
108 37 5260 1
35 39 5263 1
9 17 5258 1
110 25 5267 1
108 37 5303 1
141 115 5266 1
42 41 5286 1
10 43 5266 1
28 15 5294 1
108 37 5269 1
3 71 5284 1
110 25 5276 1
155 115 5273 1
35 39 5279 1
10 96 5282 1
58 161 5277 1
10 22 5319 1
55 44 5292 1
110 25 5281 1
3 71 5281 1
121 50 5318 1
141 115 5282 1
58 161 5286 1
35 36 5343 1
18 31 5431 1
2 37 5290 1
9 17 5290 1
141 115 5290 1
121 20 5330 1
110 25 5292 1
2 37 5299 1
42 46 5300 1
55 39 5300 1
110 25 5294 1
10 22 5304 1
110 25 5307 1
2 20 5395 1
42 46 5312 1
51 36 5316 1
141 115 5302 1
18 31 5332 1
9 17 5320 1
110 25 5319 1
10 71 5339 1
141 115 5317 1
51 36 5334 1
110 25 5327 1
28 44 5346 1
120 69 5338 1
141 115 5325 1
2 20 5404 1
58 161 5326 1
120 71 5330 1
155 115 5334 1
7 17 5368 1
121 20 5371 1
110 25 5334 1
108 37 5346 1
125 22 5359 1
121 20 5382 1
110 25 5356 1
42 36 5382 1
77 78 5364 1
162 115 5350 1
73 163 5368 1
11 27 5354 1
162 115 5358 1
24 21 5463 1
51 36 5368 1
110 25 5367 1
58 161 5361 1
10 71 5379 1
104 26 5365 1
2 20 5444 1
136 78 5396 1
164 54 5374 1
109 115 5372 2
9 17 5375 1
108 50 5456 1
110 25 5373 1
77 78 5378 1
28 15 5377 1
55 36 5414 2
24 25 5386 1
121 50 5418 1
89 19 5386 1
109 115 5384 2
28 15 5427 1
136 78 5382 1
18 37 5391 1
109 115 5395 2
7 54 5400 2
108 20 5480 1
141 21 5479 1
136 78 5422 1
18 20 5491 1
61 14 5408 2
157 82 5458 2
9 17 5420 2
4 158 5413 1
110 135 5426 2
7 54 5422 1
118 152 5418 1
4 112 5417 1
110 135 5464 1
28 36 5462 2
118 152 5426 1
136 78 5460 1
42 46 5431 1
104 34 5479 1
7 14 5444 1
61 17 5444 1
118 152 5429 1
0 114 5430 1
83 165 5434 1
104 26 5438 1
162 165 5438 1
29 132 5456 1
2 20 5511 1
18 31 5451 1
108 20 5530 1
118 152 5446 1
28 36 5491 1
11 27 5455 1
110 21 5527 1
77 78 5450 1
109 148 5472 1
109 115 5455 1
9 17 5455 1
1 34 5496 1
108 20 5540 1
11 27 5457 1
104 111 5458 1
166 38 5458 1
7 14 5470 1
11 27 5516 1
60 36 5504 1
136 78 5468 1
18 20 5559 1
29 34 5526 1
110 21 5539 1
157 158 5474 2
58 17 5500 1
67 68 5469 1
32 21 6153 1
157 143 5483 1
7 54 5474 1
136 78 5495 1
9 15 5478 1
61 14 5473 1
29 111 5480 1
104 34 5535 1
9 17 5478 1
4 82 5522 2
35 36 5518 1
9 17 5485 1
167 112 5486 1
28 44 5512 1
104 26 5489 1
7 17 5512 1
13 111 5493 1
18 31 5499 1
136 78 5507 1
103 37 5497 1
121 168 5498 1
110 25 5507 1
18 31 5504 1
23 26 5502 1
164 169 5505 1
42 122 5524 1
63 34 5558 1
2 168 5558 1
141 21 5562 1
28 39 5523 1
136 78 5527 1
13 21 5582 1
118 152 5513 1
7 54 5520 1
9 17 5514 1
32 88 5836 1
108 20 5594 1
51 36 5535 1
11 27 5591 1
18 20 5610 1
63 26 5527 1
42 36 5548 1
7 36 5608 1
61 14 5526 1
156 34 5574 1
136 78 5546 1
9 17 5535 1
35 44 5543 1
108 20 5621 1
60 15 5542 1
77 78 5542 1
40 36 5564 1
18 20 5635 1
28 15 5545 1
29 34 5602 1
118 152 5763 1
35 44 5563 1
13 38 5574 1
136 78 5563 1
42 46 5559 1
40 36 5588 1
72 20 5574 1
7 54 5571 1
51 36 5576 1
108 31 5571 1
136 78 5580 1
5 21 5626 1
108 126 6328 1
61 17 5582 1
47 48 5577 1
18 20 5650 1
29 34 5643 1
18 20 5670 1
7 54 5588 1
136 78 5590 1
9 36 5635 1
77 78 5593 1
11 27 5664 1
63 34 5656 1
136 78 5631 1
121 96 5597 1
61 14 5597 1
77 78 5611 1
7 54 5606 1
9 17 5602 1
28 15 5606 1
9 17 5610 1
23 113 5668 1
18 20 5688 1
7 54 5616 1
61 36 5674 1
35 36 5650 1
136 78 5618 1
28 15 5623 1
61 17 5632 1
164 54 5632 1
77 27 5623 1
35 52 5643 1
73 163 5632 1
83 62 5687 1
18 20 5706 1
73 163 5638 1
61 54 5642 1
9 17 5688 1
136 163 5652 1
13 21 5692 1
18 37 5651 1
40 36 5662 1
9 17 5655 1
2 20 5722 1
13 21 5710 1
28 36 5698 1
7 14 5672 1
73 163 5662 1
11 78 5683 1
103 20 5732 1
58 161 5678 1
110 21 5723 1
18 20 5755 1
61 14 5684 1
11 27 5731 1
7 54 5691 1
13 113 5737 1
18 20 5765 1
29 34 5747 1
35 36 5720 1
9 36 5733 1
61 17 5704 1
11 27 5698 1
18 20 5783 1
13 21 5755 1
11 27 5705 1
23 26 5710 1
9 36 5749 1
7 54 5717 1
13 21 5768 1
29 34 5768 1
61 54 5727 1
61 14 5719 1
9 17 5727 1
4 112 5723 1
29 113 5783 1
18 20 5818 1
11 27 5745 1
61 14 5734 1
0 105 5730 1
110 21 5791 1
9 44 5759 1
35 36 5771 1
29 34 5797 1
167 112 5739 2
166 38 5748 1
18 20 5828 1
11 27 5755 1
60 39 5759 1
29 34 5808 1
77 78 5752 1
11 27 5819 1
110 21 5811 1
40 52 5783 2
29 113 5824 1
58 17 5789 1
18 20 5845 1
77 78 5775 1
51 41 5782 1
13 21 5832 1
63 34 5842 1
77 78 5785 1
51 36 5790 1
5 59 5789 1
51 36 5792 1
136 78 5799 1
29 113 5851 1
136 163 5797 1
40 46 5815 1
35 36 5831 1
118 152 5813 1
109 115 5801 1
110 21 5855 1
136 78 5811 1
63 34 5864 1
91 113 6192 1
145 170 5825 1
11 80 5953 1
60 20 5869 1
63 34 5888 1
136 78 5840 1
136 171 5840 1
13 82 5932 2
24 38 5853 1
24 135 5852 2
13 25 5870 1
29 59 5882 1
136 171 5875 1
141 115 5880 1
136 78 5874 1
29 113 5938 1
56 105 5909 1
13 21 5944 1
109 115 5886 1
77 78 5886 1
136 171 5886 1
172 21 5922 1
136 78 5894 1
173 174 5896 1
23 26 5903 1
110 111 5900 1
136 171 5902 1
83 21 5962 1
77 78 5904 1
13 115 5924 1
58 161 5907 1
74 150 5922 1
23 26 5916 1
136 171 5910 1
58 14 5945 1
13 21 5981 1
136 45 5996 1
77 27 5929 1
5 21 5970 1
136 175 5987 1
73 163 5942 1
11 80 5964 1
63 34 5981 1
136 171 5936 1
77 78 5942 1
11 15 5972 1
13 115 5963 2
73 163 5949 1
63 34 6007 1
9 17 5996 2
73 39 6018 1
58 161 6000 1
79 45 5963 1
141 82 6025 2
29 34 6023 1
118 19 5973 1
73 39 6040 1
13 82 6057 2
18 43 6015 1
118 19 5984 1
12 39 5998 2
73 15 6048 1
9 17 6002 2
118 152 6008 2
13 111 6006 1
9 17 6008 2
110 25 6013 1
73 27 6052 1
9 17 6010 2
7 14 6060 1
79 80 6018 1
10 22 6024 1
35 15 6015 1
9 17 6021 2
141 21 6066 1
10 22 6045 1
118 152 6032 1
9 17 6051 1
42 36 6054 1
73 171 6049 1
118 20 6073 1
121 96 6030 1
13 21 6448 1
9 39 6038 1
10 22 6037 1
28 15 6046 1
136 27 6061 1
10 20 6323 1
89 45 6052 1
10 22 6048 1
136 171 6056 1
9 17 6060 2
16 19 6058 1
77 78 6116 1
92 122 6138 1
60 15 6063 1
77 27 6071 1
136 78 6073 1
9 17 6088 1
9 17 6101 2
13 135 6109 1
77 78 6096 1
16 19 6084 1
9 17 6093 1
9 17 6223 1
136 78 6106 1
9 17 6111 2
32 21 6219 1
10 22 6104 1
77 78 6115 1
28 15 6119 1
11 27 6280 1
136 78 6121 1
9 17 6142 1
77 78 6128 1
77 78 6148 1
118 152 6150 1
32 21 6277 1
77 78 6166 1
141 38 6166 1
9 17 6160 2
13 111 6206 2
11 27 6164 1
35 21 6246 1
28 15 6171 1
136 78 6184 1
118 19 6178 1
9 17 6179 2
110 135 6185 1
77 27 6186 2
9 17 6189 2
77 78 6206 1
60 15 6193 1
18 20 6339 1
16 19 6201 1
13 82 6501 2
77 78 6208 1
136 78 6223 1
9 17 6238 1
18 31 6233 2
77 78 6305 1
18 20 6355 1
9 17 6244 1
24 135 6255 1
9 17 6250 1
9 17 6259 1
18 20 6369 1
24 135 6262 1
61 14 6271 2
9 17 6271 1
28 36 6334 1
7 54 6280 1
11 27 6377 1
120 71 6282 1
77 27 6290 1
58 161 6286 1
110 25 6290 1
7 54 6294 2
110 135 6308 1
103 37 6385 1
11 27 6306 1
7 161 6302 1
7 14 6341 1
35 39 6320 1
29 26 6337 1
141 115 6308 1
136 78 6353 1
110 135 6317 1
18 20 6403 1
58 36 6457 1
42 39 6352 1
110 135 6327 1
11 27 6329 1
156 57 6379 1
108 37 6339 1
28 15 6339 1
77 27 6337 1
18 20 6440 1
9 14 6343 1
2 20 6423 1
29 34 6467 1
9 15 6377 1
24 135 6353 1
40 36 6373 1
18 20 6451 1
77 78 6378 1
35 15 6356 2
156 132 6362 1
58 161 6359 1
77 27 6473 1
55 39 6369 2
42 44 6368 1
156 132 6370 1
110 135 6377 1
58 161 6368 1
164 17 6437 1
35 39 6371 2
32 21 7180 1
1 34 6443 1
58 161 6376 1
29 113 6480 1
141 21 6471 1
11 27 6384 1
77 78 6385 1
40 36 6419 2
18 20 6468 1
55 39 6387 1
7 17 6436 1
77 78 6426 1
58 161 6391 1
11 27 6397 1
55 39 6394 1
33 152 6613 1
42 39 6404 1
11 27 6410 1
42 46 6411 1
42 44 6406 1
18 20 6481 1
9 17 6421 1
51 44 6423 1
58 54 6438 1
73 78 6451 1
13 111 6413 1
11 27 6417 1
51 52 6425 1
18 20 6500 1
28 15 6431 1
110 111 6423 1
35 39 6440 1
72 53 6421 1
51 36 6436 1
109 115 6429 2
55 39 6442 1
24 25 6432 1
18 20 6525 1
157 158 6436 1
51 41 6434 1
42 44 6449 1
141 21 6503 1
77 27 6442 1
9 15 6451 1
51 36 6443 1
42 46 6479 1
35 39 6464 1
18 20 6534 1
9 14 6448 1
58 36 6549 1
7 54 6455 1
9 36 6517 1
40 52 6466 1
136 27 6501 1
42 44 6471 1
29 34 6513 1
7 14 6466 1
51 36 6502 1
7 54 6463 1
29 34 6524 1
77 27 6493 1
18 20 6554 1
9 54 6474 1
51 41 6495 1
58 161 6480 1
77 27 6480 1
9 17 6503 1
23 26 6478 1
51 41 6481 1
7 54 6489 1
108 22 6526 1
29 132 6496 1
13 21 6547 1
7 54 6498 1
61 14 6498 1
136 78 6506 1
156 34 6543 1
18 20 6580 1
11 27 6527 1
7 54 6500 1
35 15 6540 1
9 14 6506 1
7 14 6514 1
40 36 6531 1
18 126 7284 1
77 78 6513 1
9 17 6511 1
58 161 6512 1
11 27 6516 1
136 78 6515 1
29 113 6572 1
60 36 6563 1
136 78 6572 1
9 17 6519 1
13 21 6571 1
11 27 6555 1
10 20 6569 1
18 31 6525 1
23 26 6527 1
108 20 6606 1
164 54 6554 1
13 21 6587 1
28 15 6578 1
18 20 6618 1
61 17 6543 1
137 59 6541 1
9 17 6593 1
29 34 6595 1
77 27 6627 1
9 17 6554 1
13 21 6605 1
18 31 6557 1
23 26 6559 1
11 27 6560 1
28 20 6594 1
103 20 6628 1
9 36 6606 1
23 26 6562 1
11 27 6562 1
13 21 6624 1
164 54 6572 1
11 27 6569 1
18 20 6648 1
136 78 6702 1
11 27 6584 1
9 17 6582 1
7 54 6582 1
9 17 6592 1
7 54 6593 1
7 54 6610 1
108 20 6673 1
16 19 6599 1
157 158 6599 1
35 39 6609 1
89 19 6611 2
58 161 6607 1
83 149 6673 1
18 20 6694 1
9 17 6613 1
60 39 6621 2
33 19 6772 1
108 37 6618 1
40 36 6635 1
63 113 6672 1
7 54 6623 1
58 14 6658 1
9 17 6621 1
77 27 6672 1
42 36 6647 1
28 36 6662 1
61 14 6631 1
18 20 6714 1
11 27 6636 1
77 27 6638 1
61 14 6644 1
29 113 6692 1
40 46 6647 2
61 14 6650 1
108 20 6730 1
28 15 6649 1
9 15 6658 1
35 44 6665 1
77 78 6662 1
18 31 6661 1
23 26 6659 1
7 54 6662 1
9 17 6662 1
28 15 6662 1
18 20 6742 1
77 27 6699 1
13 21 6722 1
83 139 6718 1
40 36 6688 1
58 161 6672 1
7 54 6667 1
60 39 6678 1
18 20 6755 1
61 54 6674 1
7 54 6677 1
29 131 6717 1
77 27 6678 1
77 27 6683 1
60 39 6686 1
83 149 6751 1
40 36 6705 1
29 34 6739 1
42 39 6691 1
40 36 6716 1
61 14 6698 1
166 48 6707 1
58 54 6713 1
28 15 6696 1
77 78 6873 1
18 20 6784 1
2 20 6768 1
29 34 6756 1
11 27 6732 1
9 17 6701 1
35 44 6716 1
58 17 6743 1
9 17 6714 1
11 27 6712 1
173 131 6714 1
74 150 6730 1
18 31 6809 1
28 36 6759 1
11 27 6721 1
4 112 6719 1
40 36 6740 1
61 17 6730 1
151 126 6733 1
9 36 6776 1
29 34 6777 1
11 27 6780 1
108 37 6747 1
29 34 6787 1
77 27 6809 1
18 37 6745 1
108 37 6753 1
6 43 6739 1
23 26 6743 1
28 15 6743 1
29 26 6760 1
2 22 6784 1
13 21 6807 1
156 132 6747 1
9 17 6753 1
35 39 6751 1
2 37 6759 1
6 43 6762 1
23 34 6797 1
35 39 6754 1
28 36 6804 1
10 43 6768 1
55 39 6763 1
89 19 6771 1
10 22 6775 1
51 52 6764 2
58 36 6832 1
13 21 6824 1
40 41 6784 1
63 34 6823 1
10 22 6791 1
89 19 6783 1
13 21 6836 1
33 176 6824 1
23 26 6785 1
11 27 6793 1
10 20 6829 1
51 36 6793 1
29 26 6799 1
121 69 6796 1
13 113 6848 1
8 53 6790 1
124 53 6801 1
156 34 6841 1
51 36 6794 1
70 53 6795 1
11 27 6881 1
70 20 6819 1
29 26 6813 1
13 21 6864 1
156 34 6859 1
77 27 6824 1
29 26 6833 1
77 27 6848 1
60 36 6867 1
156 57 6839 1
83 139 6883 1
13 135 6849 2
29 26 6847 1
1 34 6875 1
24 82 6909 2
156 34 6888 1
29 34 6897 1
77 27 6934 1
5 115 6859 2
23 26 6859 1
13 21 6920 1
33 45 6938 1
157 158 6863 1
23 26 6866 1
13 21 6928 1
29 26 6877 2
23 26 6883 1
77 78 6889 1
156 59 6892 1
13 21 6949 1
29 178 6974 2
11 78 6922 1
151 126 6896 1
56 59 6900 1
18 20 6956 1
47 150 6933 2
173 105 6920 2
29 26 6920 1
11 27 6910 1
110 111 6920 1
11 27 6921 1
156 34 6968 1
13 21 6988 1
29 59 6946 2
141 170 6970 1
77 27 6961 1
18 20 7289 1
29 34 6996 1
77 78 6964 1
156 132 6936 1
177 150 6936 2
77 27 6946 1
33 45 6994 1
56 107 6969 2
77 176 7009 1
85 15 6985 1
74 150 6993 1
77 15 7032 1
73 171 6993 1
29 113 7032 1
11 27 6976 1
13 82 7071 2
16 19 6994 1
77 80 7048 1
33 45 7018 1
79 45 7020 1
83 119 7060 1
13 21 7080 1
33 45 7041 1
16 19 7042 1
89 45 7058 1
33 45 7055 1
33 45 7068 1
151 126 7073 1
33 45 7077 1
32 126 7078 1
33 45 7088 1
13 111 7090 1
32 126 7093 1
33 95 7113 1
32 21 7207 1
24 21 7401 1
79 126 7166 1
33 36 7190 1
91 34 7221 1
172 115 7147 1
33 126 7210 1
89 45 7194 1
40 176 7191 2
118 152 7195 2
42 36 7236 2
33 44 7221 1
60 176 7204 1
42 44 7223 1
42 36 7260 1
51 122 7245 1
18 20 7318 1
18 20 7326 1
7 54 7260 1
18 20 7349 1
7 14 7292 1
28 15 7284 1
58 161 7287 1
35 36 7316 1
18 20 7368 1
28 36 7327 1
7 36 7358 1
9 17 7298 1
89 19 7305 2
28 39 7311 1
108 43 7327 1
18 31 7314 1
7 54 7314 1
42 39 7318 1
7 17 7342 1
103 20 7393 1
42 46 7325 1
6 53 7367 1
40 36 7342 1
9 17 7328 1
18 50 7400 1
10 22 7341 1
9 36 7388 1
121 96 7349 1
123 50 7441 2
121 168 7353 1
2 20 7418 1
35 39 7360 1
40 36 7377 1
70 53 7371 1
101 102 7370 1
72 20 7384 1
89 19 7384 1
51 36 7379 1
7 54 7390 2
61 14 7399 2
7 54 7401 1
83 165 7409 1
49 20 7403 1
18 20 7473 1
61 14 7409 1
9 17 7412 1
7 54 7412 1
155 34 7633 1
55 44 7422 2
61 17 7430 1
7 36 7483 1
91 88 7466 1
40 52 7429 2
18 20 7497 1
60 15 7434 1
35 36 7468 1
42 36 7458 1
29 26 7450 1
18 36 7512 1
156 34 7494 1
7 54 7459 1
18 31 7527 1
61 14 7469 1
58 36 7545 1
7 17 7484 1
151 149 7480 1
18 20 7549 1
13 21 7527 1
58 36 7558 1
9 15 7484 1
29 34 7538 1
91 149 7554 1
18 37 7501 1
28 36 7525 1
29 106 7501 1
9 36 7535 1
108 20 7570 1
58 161 7498 1
156 34 7544 1
6 71 7525 1
58 39 7549 1
29 106 7514 1
18 20 7586 1
58 54 7522 1
23 34 7556 1
28 15 7514 1
13 21 7567 1
3 69 7535 1
58 17 7549 1
61 54 7529 1
121 168 7541 1
61 17 7537 1
124 53 7543 1
29 26 7546 1
9 17 7539 1
70 53 7549 1
7 54 7549 1
18 20 7612 1
72 50 7554 1
1 34 7590 1
42 41 7567 1
9 17 7562 1
49 50 7559 1
60 39 7563 1
61 17 7567 1
18 20 7621 1
91 88 7593 1
49 20 7557 1
58 17 7585 1
61 17 7578 1
60 176 7576 1
18 20 7634 1
42 36 7588 1
60 36 7611 1
51 41 7569 1
40 36 7601 1
18 20 7649 1
7 14 7597 1
28 36 7620 1
60 15 7598 1
32 88 7651 1
84 88 7730 1
9 17 7603 1
18 122 7666 1
60 39 7606 1
9 17 7605 1
60 36 7629 1
18 20 7678 1
9 36 7650 1
7 17 7637 1
61 14 7621 1
58 161 7624 1
110 25 7625 1
58 36 7707 1
141 21 7672 1
18 65 7736 1
28 36 7676 1
9 44 7665 1
18 20 7701 1
13 111 7646 1
7 14 7662 1
91 34 8311 1
24 21 7696 1
29 34 7710 1
7 17 7682 1
13 21 7719 1
73 27 7756 1
29 34 7718 1
40 36 7687 1
9 39 7692 1
108 37 7695 1
9 36 7729 1
179 126 8431 1
40 52 7692 1
18 20 7764 1
2 20 7757 1
40 176 7719 1
51 176 7700 2
73 171 7718 1
16 19 7706 1
13 21 7750 1
51 36 7703 2
58 17 7729 1
23 26 7709 1
18 20 7784 1
51 36 7709 1
29 26 7721 1
136 27 7741 1
156 59 7731 1
58 54 7733 1
29 26 7731 1
89 19 7723 2
13 21 7780 1
84 88 7722 1
156 132 7723 1
77 78 7731 1
73 78 7949 1
58 44 7779 1
92 36 8226 1
156 113 7771 1
56 34 7763 1
77 78 7733 1
61 54 7743 1
64 65 7744 1
60 15 7744 1
84 88 7746 1
77 78 7747 1
35 36 7778 1
9 52 7779 1
11 78 7817 1
84 88 7752 1
13 25 7763 1
141 21 7812 1
7 54 7769 1
11 27 7792 1
73 171 7791 1
61 14 7776 1
84 88 7774 1
164 161 7787 1
9 17 7779 1
51 36 7792 1
42 36 7803 1
83 149 7854 1
60 36 7824 1
84 88 7785 1
61 14 7792 1
136 171 7838 1
13 21 7845 1
9 17 7794 1
23 26 7799 1
84 88 7799 1
13 21 7864 1
9 15 7806 1
11 27 7812 1
23 26 7814 1
60 36 7846 1
11 27 7832 1
13 21 7894 1
118 95 7827 1
84 88 7819 1
77 15 8027 1
84 88 7825 1
73 171 7913 1
84 88 7832 1
7 54 7852 1
79 36 7872 1
77 78 7896 1
73 163 7849 1
13 25 7853 1
84 88 7851 1
23 26 7850 1
29 26 7864 1
73 163 7851 1
24 21 7910 1
7 54 7859 1
13 21 7918 1
136 171 7860 1
18 20 7930 1
9 36 7898 1
118 152 7901 1
156 34 7909 1
29 34 7922 1
61 54 7865 1
136 171 7868 1
13 21 7933 1
29 34 7931 1
136 171 7879 1
84 88 7880 1
23 26 7886 1
84 88 7887 1
136 171 7892 1
13 21 7959 1
84 88 7891 1
18 20 7974 1
29 34 7956 1
77 78 7907 1
89 90 7905 1
84 88 7900 1
118 152 7916 1
13 21 7967 1
23 26 7914 1
77 78 7953 1
73 171 7926 1
84 88 7917 1
13 21 7977 1
23 26 7922 1
118 152 7926 1
84 88 7926 1
136 163 7976 1
156 132 7926 1
29 26 7938 1
118 95 7944 1
136 171 7936 1
84 88 7930 1
180 59 7930 1
73 163 7930 1
13 21 7995 1
137 59 7939 1
156 34 7990 1
157 158 7936 1
84 88 7952 1
23 26 7947 1
136 171 7946 1
110 21 8004 1
29 34 8012 1
64 65 7951 1
136 78 7959 1
136 171 7957 1
74 107 7954 1
77 78 7959 1
13 21 8018 1
29 26 7971 1
84 88 7965 1
60 20 8008 1
77 78 7966 1
76 34 7962 1
136 78 8036 1
118 95 7976 1
13 115 7997 1
84 88 7978 1
23 34 8019 1
77 27 8010 1
29 34 8037 1
136 171 7981 1
73 163 7987 1
79 20 8023 1
23 26 7982 1
136 171 7992 1
13 21 8047 1
73 171 8014 1
84 88 7995 1
172 21 8030 1
118 176 8019 1
29 34 8054 1
84 88 8005 1
73 171 8009 1
11 15 8038 1
18 20 8416 1
84 88 8007 1
63 34 8071 1
77 27 8022 1
84 88 8016 1
136 171 8018 1
11 80 8052 1
60 36 8061 1
73 171 8051 1
136 171 8022 1
118 152 8043 1
84 88 8029 1
77 27 8039 1
11 80 8070 1
73 163 8036 1
136 78 8062 1
77 78 8051 1
11 80 8084 1
33 45 8079 1
73 171 8078 1
79 80 8054 1
77 15 8105 1
118 95 8073 1
11 15 8095 1
73 163 8074 1
84 88 8063 1
136 78 8093 1
10 22 8072 1
121 71 8072 1
79 20 8116 1
84 88 8073 1
77 78 8078 1
118 152 8087 1
35 15 8077 1
136 171 8080 1
77 27 8092 1
84 88 8082 1
11 80 8123 1
16 45 8093 1
118 95 8101 1
77 27 8101 1
84 88 8097 1
11 80 8133 1
16 152 8111 1
84 88 8103 1
10 22 8104 1
64 65 8111 1
16 19 8112 1
79 20 8155 1
118 152 8137 1
84 88 8118 1
64 65 8126 1
84 88 8127 1
118 90 8127 1
84 36 8238 1
3 65 8133 1
118 19 8134 1
118 95 8234 1
118 95 8142 1
64 65 8146 1
151 88 8156 1
79 80 8191 1
84 36 8254 1
64 65 8165 1
91 139 8174 1
64 65 8179 1
84 15 8271 1
64 65 8184 1
118 152 8215 1
118 80 8235 1
79 80 8237 1
118 19 8246 1
32 15 8295 1
60 126 8288 1
42 20 8280 1
118 95 8254 1
32 21 8344 1
33 152 8270 1
60 15 8272 1
60 44 8272 1
118 95 8268 2
7 54 8268 1
172 115 8272 1
42 50 8295 1
120 21 8365 1
7 54 8283 2
60 20 8325 1
7 17 8350 1
118 80 8293 1
61 14 8300 1
33 80 8308 1
79 20 8339 1
133 50 8299 1
16 19 8304 1
49 20 8304 1
157 158 8306 1
9 17 8313 1
10 22 8311 1
79 122 8352 1
9 17 8317 1
60 15 8328 1
18 53 8423 1
18 20 8456 1
9 17 8363 1
3 126 8406 1
18 50 8464 1
181 17 8362 1
28 15 8374 1
18 31 8381 1
35 36 8419 1
58 161 8376 1
28 15 8381 1
108 20 8479 1
7 14 8422 1
35 41 8426 1
18 20 8495 1
7 161 8414 1
7 54 8429 1
18 20 8511 1
61 54 8429 1
61 14 8425 1
72 50 8435 1
51 41 8432 1
7 54 8438 1
61 14 8437 1
51 41 8441 1
6 43 8442 1
49 20 8441 1
123 31 8466 2
7 161 8442 1
51 36 8451 1
7 54 8456 1
7 161 8466 1
13 25 8472 1
6 43 8460 1
29 106 8476 1
6 43 8467 1
120 71 8478 1
49 20 8470 1
18 20 8545 2
60 39 8471 1
60 15 8476 1
10 22 8475 1
7 54 8481 1
60 17 8475 1
51 36 8485 2
61 14 8475 1
24 21 8536 1
10 22 8477 1
61 17 8503 1
18 20 8559 1
60 36 8538 1
40 41 8491 1
60 39 8479 1
8 50 8498 1
1 34 8529 1
60 44 8498 1
7 17 8519 1
10 69 8495 1
58 14 8531 1
40 176 8486 1
40 36 8503 1
18 20 8572 1
51 36 8513 1
103 20 8588 1
40 36 8527 1
8 53 8506 1
9 39 8531 1
9 17 8508 1
18 31 8516 1
133 50 8517 1
18 20 8600 1
133 20 8527 1
9 17 8522 1
60 14 8537 1
29 106 8539 1
18 20 8616 1
7 54 8546 1
28 15 8538 1
42 44 8535 1
1 34 8587 1
35 15 8589 1
40 46 8546 1
13 111 8552 1
60 36 8606 1
89 19 8558 2
18 20 8633 1
61 14 8550 1
40 52 8558 1
51 41 8559 2
9 14 8627 1
110 21 8601 1
7 54 8574 1
51 36 8561 1
51 36 8574 1
61 54 8569 1
13 21 8617 1
108 20 8650 1
58 36 8671 1
61 14 8571 1
29 34 8623 1
182 75 8573 1
7 54 8576 1
51 36 8576 1
9 17 8582 1
18 20 8661 1
61 14 8588 1
13 21 8634 1
7 17 8618 1
9 17 8596 1
9 17 8595 1
18 20 8675 1
13 25 8609 1
58 54 8635 1
35 39 8617 1
58 161 8615 1
5 21 8657 1
18 31 8618 1
29 34 8669 1
108 122 8702 1
9 17 8620 1
60 39 8624 1
179 65 8812 1
61 14 8652 1
9 17 8683 1
40 36 8647 1
58 17 8677 1
13 21 8680 1
32 21 9235 1
164 169 8633 1
18 20 8716 1
40 36 8661 1
181 17 8659 1
29 34 8693 1
35 39 8639 1
9 17 8651 1
61 54 8647 1
9 17 8672 1
18 31 8728 1
9 36 8705 1
60 39 8661 1
9 36 8727 1
7 54 8676 1
40 36 8695 1
35 15 8675 1
7 54 8679 1
9 36 8743 1
35 44 8690 1
73 15 9083 1
7 14 8704 1
61 17 8698 1
18 31 8689 1
103 20 8772 1
40 36 8718 1
7 54 8700 1
9 17 8711 1
7 14 8721 1
61 14 8706 1
28 15 8718 1
51 36 8710 1
18 31 8712 1
13 111 8709 1
2 22 8749 1
110 21 8762 1
58 54 8714 1
35 36 8763 1
29 34 8773 1
18 20 8805 1
2 169 8786 1
7 17 8768 1
13 21 8778 1
7 54 8729 1
23 26 8730 1
6 22 8734 1
9 17 8737 1
61 14 8738 1
35 15 8736 1
29 34 8790 1
9 17 8748 1
35 39 8747 1
77 27 8740 1
18 20 8817 1
29 34 8798 1
9 17 8746 1
40 46 8755 1
18 31 8752 1
55 36 8812 1
7 15 8795 1
13 21 8805 1
51 36 8782 1
10 20 8796 1
18 20 8845 1
9 17 8761 1
23 26 8759 1
51 41 8760 1
42 44 8761 1
7 54 8767 1
51 36 8768 1
58 17 8797 1
6 43 8765 1
40 36 8796 1
18 126 9388 1
29 34 8822 1
108 20 8854 1
61 14 8774 1
28 15 8777 1
10 22 8779 1
55 39 8797 1
18 31 8785 1
164 161 8786 1
18 20 8866 1
63 34 8843 1
42 44 8825 1
9 17 8796 1
77 27 8800 1
13 25 8803 1
60 15 8816 1
9 36 8872 1
42 44 8802 1
29 34 8858 1
110 21 8854 1
35 15 8808 1
40 36 8836 1
77 78 8818 1
58 14 8836 2
29 34 8874 1
77 27 8822 1
40 36 8849 1
72 50 8827 1
18 22 8850 1
77 27 8836 1
29 34 8890 1
61 17 8841 2
9 17 8849 2
13 21 8902 1
77 27 8852 1
23 26 8850 1
51 41 8847 1
10 22 8854 1
29 34 8902 1
9 17 8931 2
10 53 8874 1
77 27 8854 1
120 71 8862 1
77 27 8861 1
13 21 8913 1
29 34 8919 1
70 20 8891 1
23 26 8879 1
77 27 8875 1
29 34 8931 1
13 21 8941 1
23 26 8892 1
77 78 8888 1
29 34 8948 1
18 20 8972 1
13 115 8920 1
77 27 8901 1
23 26 8908 1
77 27 8915 1
29 26 8924 1
13 21 8971 1
180 59 8914 1
23 34 8964 1
109 21 8952 1
77 78 8932 1
13 21 8988 1
58 161 8924 1
23 26 8928 1
7 54 8945 2
29 34 8988 1
16 152 8958 1
58 20 9011 1
61 122 9019 2
1 57 8949 1
180 59 8953 1
118 19 8963 1
13 25 8973 2
73 78 9001 1
118 152 8966 1
23 26 8974 1
118 152 8974 1
77 27 8978 1
110 115 8982 1
29 26 8988 1
24 38 9033 1
118 152 8977 1
110 115 8998 1
118 152 8989 1
156 34 9031 1
77 27 8985 1
29 34 9045 1
77 27 9007 1
13 21 9054 1
141 38 8993 1
109 115 9003 1
79 176 9007 1
33 95 9026 1
23 26 8999 1
29 34 9058 1
109 148 9011 1
13 21 9068 1
172 158 9017 1
156 132 9010 2
42 36 9050 1
77 27 9013 1
4 112 9021 1
77 27 9018 1
4 21 9038 1
51 122 9024 2
29 34 9082 1
104 82 9111 2
79 20 9084 1
24 25 9032 1
77 27 9040 1
29 113 9099 1
33 122 9104 1
77 27 9042 1
29 34 9107 1
77 15 9100 1
23 26 9063 1
29 34 9124 1
13 38 9087 2
33 19 9092 1
29 59 9101 1
23 26 9079 1
32 75 9227 1
141 158 9111 1
79 39 9099 1
1 57 9095 1
33 19 9110 1
56 34 9137 1
42 20 9144 1
172 158 9109 1
89 80 9119 1
157 112 9122 1
13 21 9172 1
0 113 9129 2
0 21 9134 1
60 20 9170 1
118 95 9135 1
83 126 9276 1
177 178 9143 2
13 21 9505 1
55 20 9185 1
23 26 9154 1
33 95 9194 1
104 59 9334 1
92 119 9167 2
118 152 9178 1
141 38 9191 1
79 95 9196 2
141 38 9202 1
157 158 9196 1
60 183 9223 1
18 20 9391 1
157 158 9206 1
23 26 9211 1
16 95 9214 1
23 26 9216 1
23 26 9222 1
13 38 9264 1
172 115 9220 1
129 126 9250 1
130 131 9227 1
60 176 9224 1
182 34 9255 1
141 38 9230 1
55 20 9277 1
182 75 9239 1
141 38 9239 1
73 27 9583 1
141 38 9257 1
141 38 9266 1
29 106 9311 1
58 14 9312 1
141 38 9288 1
11 27 9298 1
24 38 9305 1
23 26 9317 2
141 38 9317 1
64 126 9373 1
24 25 9315 1
1 132 9323 1
1 57 9320 1
141 38 9320 1
18 20 9402 1
9 17 9334 1
156 132 9328 1
1 132 9355 1
58 36 9422 1
23 26 9336 1
180 59 9340 1
9 36 9400 1
180 57 9370 1
141 38 9355 1
1 34 9524 1
141 38 9369 1
58 36 9445 1
23 26 9371 1
1 57 9373 1
77 27 9377 1
1 57 9393 1
23 26 9379 1
23 26 9389 1
18 20 9447 1
141 38 9385 1
77 27 9387 1
13 135 9423 1
23 26 9393 1
77 27 9396 1
141 38 9413 1
180 34 9511 1
18 31 9404 1
108 31 9417 1
11 27 9413 1
73 27 9450 1
23 26 9417 1
108 81 9880 1
141 38 9416 1
77 27 9424 1
110 38 9444 1
18 20 9488 1
51 36 9427 1
141 38 9422 1
18 20 9507 1
61 14 9428 2
1 132 9428 1
141 38 9454 1
1 106 9436 1
23 26 9441 1
5 115 9440 1
11 27 9440 1
156 132 9440 1
24 21 9543 1
5 21 9523 1
23 26 9448 1
108 81 9500 1
58 36 9519 1
35 41 9474 2
11 27 9461 1
108 20 9532 1
58 14 9481 1
11 27 9467 1
157 158 9473 1
103 71 9517 1
51 36 9480 2
6 43 9486 1
9 36 9531 1
58 15 9526 1
123 31 9508 2
58 36 9571 1
77 27 9497 1
10 22 9553 1
9 44 9540 1
2 37 9514 2
121 69 9523 1
13 25 9518 1
2 37 9528 2
124 20 9542 1
141 21 9581 1
10 22 9557 2
40 46 9551 1
10 22 9538 1
40 176 9540 2
40 36 9558 1
7 54 9550 1
121 53 9560 1
18 20 9616 1
9 14 9560 1
72 20 9572 2
16 19 9566 1
58 161 9622 1
32 21 9660 1
123 37 9600 2
58 54 9572 1
9 36 9610 1
7 54 9579 1
61 17 9590 1
184 54 9584 1
11 27 9593 1
58 17 9612 1
7 54 9589 1
9 36 9633 1
61 14 9599 1
11 27 9817 1
33 45 9602 1
103 20 9669 2
16 19 9612 1
9 36 9648 1
103 20 9688 1
28 36 9659 1
157 158 9625 1
18 20 9701 1
29 59 9652 1
184 54 9691 1
58 161 9645 1
29 34 9704 1
164 54 9658 1
56 34 9688 1
29 34 9717 1
61 14 9667 1
9 17 9676 1
7 54 9682 2
28 39 9694 1
77 27 9681 1
18 20 9751 1
23 26 9683 1
13 21 9751 1
51 36 9698 1
13 111 9702 1
13 112 9739 1
40 52 9703 2
16 19 9704 1
23 26 9705 1
7 54 9712 1
60 15 9711 2
58 36 9784 1
64 81 9711 1
29 34 9776 1
104 21 9770 1
51 36 9712 1
61 14 9718 1
60 36 9743 2
9 17 9720 1
77 27 9722 1
185 34 9786 1
23 26 9726 1
18 20 9799 1
58 17 9751 1
156 132 9730 1
4 113 9756 1
185 34 9794 1
103 20 9814 1
77 27 9737 1
23 26 9741 1
35 39 9747 1
13 21 9794 1
1 57 9745 1
47 48 9750 1
7 54 9817 1
180 59 9749 1
40 36 9771 1
103 20 9824 1
173 174 9751 1
83 126 9817 1
104 21 9811 1
9 44 9776 1
103 37 9831 1
186 75 9759 1
58 161 9759 1
164 161 9766 1
7 39 9812 1
18 20 9845 1
40 41 9792 1
58 14 9803 1
64 65 9788 1
108 31 9800 1
13 21 9844 1
2 20 9864 1
18 20 9876 1
13 21 9856 1
9 15 9811 1
58 161 9834 1
23 26 9810 1
73 163 9817 1
11 15 10124 1
58 54 9816 1
9 36 9853 1
23 26 9817 1
18 65 10117 1
153 154 9815 1
73 27 9948 1
42 36 9841 2
29 34 9876 1
7 54 9822 1
13 21 9876 1
10 22 9822 1
7 54 9827 1
29 34 9884 1
77 27 9839 1
7 14 9835 1
13 21 9888 1
51 36 9831 1
9 17 9880 1
185 34 9891 1
58 15 9873 1
64 65 9843 1
18 20 9913 1
9 36 9887 1
13 21 9901 1
77 27 9847 1
23 26 9852 1
55 39 9848 1
137 115 9853 1
13 21 9911 1
29 34 9904 1
77 27 9860 1
29 113 9921 1
77 27 9871 1
23 26 9867 1
83 126 9941 1
28 36 9914 1
13 21 9927 1
35 15 9877 1
23 26 9884 1
77 27 9881 1
64 65 9911 1
29 26 9895 1
13 21 9943 1
64 81 9894 1
156 34 9937 1
136 171 9895 1
77 27 9904 1
23 26 9904 1
29 34 9964 1
77 27 9906 1
64 81 9923 1
77 78 9915 1
23 26 9919 1
29 34 9980 1
77 27 9927 1
32 119 10123 1
64 81 9941 1
29 34 9994 1
77 27 9938 1
136 78 9977 1
23 26 9944 1
64 65 9952 1
16 19 9945 1
16 19 9950 1
77 27 9959 1
64 65 9958 1
73 163 10012 1
64 81 9967 1
77 78 9972 1
64 65 9974 1
32 119 10001 1
29 113 10027 1
77 27 9993 1
64 81 9988 1
18 50 10053 1
136 78 10004 1
23 106 9991 1
104 178 10067 2
64 81 9999 1
29 34 10046 1
73 163 9992 1
73 163 10030 1
77 27 10002 1
24 115 10004 1
104 115 10029 1
13 111 10000 2
18 20 10070 1
125 149 10539 1
89 19 10017 1
109 115 10011 1
23 26 10006 1
77 163 10048 1
77 27 10013 1
84 88 10012 1
23 26 10014 1
172 112 10031 1
16 45 10019 1
136 163 10025 1
23 26 10022 1
77 27 10035 1
92 119 10020 1
13 21 10083 1
23 26 10031 1
92 119 10031 1
104 21 10091 1
172 21 10064 1
29 34 10077 1
73 163 10035 1
136 78 10035 1
73 163 10042 1
77 78 10047 1
23 26 10042 1
0 114 10048 1
92 119 10069 1
23 34 10100 1
136 163 10058 1
177 21 10050 1
73 163 10051 1
136 78 10052 1
77 27 10058 1
49 20 10058 1
73 163 10059 1
136 78 10056 1
73 163 10071 1
84 139 10082 1
73 163 10082 1
77 27 10079 1
104 178 10152 2
136 171 10076 1
16 19 10077 1
73 163 10092 1
92 88 10091 1
136 78 10092 1
29 113 10149 1
5 115 10094 1
136 78 10097 1
73 163 10097 1
136 171 10107 1
84 36 10300 1
16 19 10098 1
77 15 10164 1
77 27 10146 1
73 171 10118 1
11 15 10144 1
23 26 10111 1
29 26 10125 1
73 163 10117 1
73 80 10190 1
64 65 10124 1
1 34 10167 1
64 65 10153 1
77 27 10123 1
29 34 10181 1
157 21 10167 1
23 26 10127 1
16 19 10138 1
104 82 10227 2
64 81 10133 2
136 171 10144 1
11 80 10179 1
73 163 10144 1
24 115 10148 1
29 34 10197 1
73 163 10213 1
184 17 10211 1
64 81 10151 2
16 45 10157 1
33 45 10152 1
73 187 10782 1
77 27 10154 1
77 15 10196 1
64 81 10200 1
32 36 10315 1
64 81 10157 2
23 26 10163 1
11 27 10167 1
64 65 10167 1
116 117 10170 1
16 19 10166 1
89 95 10167 1
58 17 10322 1
16 19 10179 1
64 81 10172 2
77 78 10173 1
104 115 10195 2
116 117 10177 1
16 19 10192 1
13 111 10185 2
116 117 10187 1
24 115 10200 1
109 150 10247 2
16 19 10197 1
64 81 10211 1
12 175 10200 1
172 115 10208 2
16 19 10205 1
3 71 10210 1
9 17 10235 1
120 15 10211 2
64 81 10221 1
89 45 10222 2
104 115 10627 1
4 112 10216 1
64 81 10231 1
9 17 10232 1
177 113 10231 1
64 81 10233 1
64 65 10262 1
9 17 10275 1
32 20 10335 1
16 19 10276 1
23 26 10257 1
29 34 10664 1
13 25 10298 1
64 65 10292 1
141 38 10267 1
64 81 10272 2
16 19 10307 2
9 17 10308 1
64 65 10351 1
23 26 10306 1
24 25 10293 1
24 38 10343 1
162 25 10306 1
60 17 10345 1
24 25 10316 1
85 187 10312 1
118 19 10317 1
23 26 10324 1
18 81 10362 1
141 25 10321 1
85 187 10322 1
77 27 10324 1
24 25 10330 1
9 17 10326 1
23 26 10339 1
60 34 10397 1
16 95 10339 1
9 17 10338 1
85 187 10332 1
24 25 10334 1
18 20 10504 1
9 17 10424 1
79 80 10393 1
23 26 10349 1
97 149 10373 1
97 98 10344 1
64 126 10514 1
141 115 10374 1
28 15 10356 1
33 20 10418 1
9 15 10369 1
23 26 10363 1
141 38 10357 1
7 54 10374 1
58 14 10436 1
16 152 10376 1
9 17 10372 1
23 26 10376 1
141 38 10444 1
141 38 10376 1
61 14 10389 1
79 80 10397 1
9 17 10391 1
64 65 10386 1
33 50 10430 1
61 54 10384 1
64 65 10396 1
58 161 10393 1
9 14 10397 1
72 53 10397 1
64 65 10401 1
60 17 10452 1
33 95 10407 1
23 26 10404 1
7 54 10428 1
70 20 10439 1
58 161 10453 1
64 65 10409 1
23 26 10410 1
141 38 10410 1
108 20 10528 1
79 36 10457 1
23 26 10417 1
101 20 10539 1
141 115 10422 1
33 152 10708 1
61 14 10445 1
23 26 10439 1
9 17 10436 1
18 20 10557 1
7 54 10440 1
141 115 10489 1
184 54 10481 1
23 26 10445 1
61 14 10480 1
28 36 10509 1
9 17 10484 1
7 54 10460 1
64 65 10456 1
33 45 10461 1
23 26 10459 1
125 126 10579 1
141 25 10467 1
23 26 10475 1
61 54 10469 1
85 187 10469 1
28 15 10477 1
18 31 10476 1
64 149 10560 1
23 26 10485 1
33 45 10479 1
24 25 10479 1
35 36 10521 1
18 20 10586 1
13 111 10483 1
162 25 10483 1
7 54 10488 1
108 37 10484 1
141 38 10527 1
13 135 10506 1
61 17 10505 1
7 54 10519 1
24 25 10502 1
2 37 10492 1
35 39 10505 1
141 115 10501 1
2 20 10567 1
9 17 10498 1
5 38 10502 1
60 36 10553 1
24 25 10515 1
61 14 10510 1
42 39 10534 1
9 17 10508 1
23 26 10514 1
61 14 10515 1
9 39 10547 1
18 20 10610 1
23 26 10516 1
9 17 10521 1
24 25 10522 1
141 25 10518 1
23 26 10538 1
24 25 10525 1
2 37 10527 1
24 135 10605 1
29 106 10571 1
61 14 10545 1
85 187 10531 1
141 38 10541 1
9 36 10588 1
61 17 10541 1
85 187 10538 1
18 53 10604 1
6 22 10550 1
141 38 10561 1
7 54 10544 1
42 36 10576 1
85 187 10548 1
9 36 10603 1
61 14 10555 1
7 54 10574 1
33 45 10550 1
85 187 10553 1
108 20 10630 1
33 45 10560 1
61 14 10568 1
141 38 10558 1
9 36 10619 1
24 38 10573 1
141 115 10563 1
3 96 10564 1
7 54 10565 1
61 54 10566 1
18 20 10653 1
121 96 10572 1
61 54 10576 1
7 54 10626 1
24 38 10579 1
156 26 10586 1
61 14 10600 1
9 15 10593 1
24 38 10586 1
18 53 10659 1
70 53 10594 1
85 187 10589 1
23 26 10591 1
141 38 10599 1
28 39 10609 1
7 14 10610 1
24 38 10615 1
5 115 10615 1
60 44 10624 1
23 26 10599 1
18 20 10682 1
70 20 10619 1
1 34 10690 1
1 106 10609 1
9 17 10610 1
18 31 10621 1
58 54 10616 1
184 54 10607 1
162 135 10610 1
40 176 10612 1
9 17 10613 1
109 21 10685 1
61 14 10614 1
141 115 10627 1
28 36 10664 1
109 21 10667 1
40 52 10626 1
61 14 10626 1
9 17 10624 1
103 20 10694 1
61 54 10630 1
2 43 10629 1
40 36 10648 1
9 17 10628 1
109 115 10638 1
123 102 10662 2
51 36 10638 1
23 26 10636 1
60 36 10678 1
109 115 10647 1
123 188 10634 2
61 15 10681 1
9 17 10640 1
103 20 10721 1
13 21 10707 1
7 17 10652 1
23 26 10644 1
83 149 10709 1
29 34 10708 1
9 17 10692 1
172 21 10694 1
13 21 10720 1
61 54 10656 1
9 17 10654 1
72 50 10664 1
61 14 10662 1
121 53 10670 1
23 26 10667 1
49 20 10670 1
6 43 10669 1
29 34 10724 1
9 17 10668 1
13 21 10730 1
60 15 10670 1
18 20 10749 2
141 115 10671 1
6 43 10674 1
9 17 10676 1
70 53 10674 1
6 69 10700 1
42 41 10696 1
60 15 10679 1
9 14 10679 1
55 39 10687 1
60 36 10724 1
101 31 10694 2
42 44 10690 1
7 54 10704 1
51 36 10704 1
33 45 10686 1
61 54 10694 1
61 36 10764 1
9 39 10713 1
33 19 10708 1
40 52 10696 1
51 41 10703 1
108 69 10745 2
89 90 10708 1
8 53 10717 1
51 36 10715 1
61 14 10707 1
16 152 10719 1
18 31 10721 1
42 44 10718 1
33 19 10730 1
58 54 10737 1
13 111 10723 1
18 20 10793 1
72 53 10719 1
9 17 10724 1
40 52 10724 1
110 25 10725 1
118 19 10749 1
51 36 10740 1
9 17 10729 1
49 20 10727 1
141 21 10770 1
28 36 10776 1
121 168 10732 1
18 20 10808 1
118 152 10749 1
73 78 10777 1
61 36 10804 1
58 36 10829 1
121 20 10769 2
18 20 10821 1
13 21 10791 1
89 19 10753 1
61 14 10752 1
118 152 10761 1
33 45 10804 1
7 161 10761 1
29 34 10814 1
7 15 10812 1
7 54 10766 1
9 17 10770 1
23 26 10779 1
77 27 10795 1
9 15 10782 1
13 38 10786 1
108 20 10856 1
35 15 10817 1
11 187 10780 1
85 27 10818 1
18 20 10866 1
5 21 10828 1
118 20 11032 1
18 31 10796 1
28 39 10826 1
18 122 10877 1
11 27 10802 1
18 31 10809 1
58 54 10813 1
33 19 10812 1
55 39 10813 1
108 149 11492 1
33 19 10826 1
42 52 10840 1
18 20 10899 1
7 54 10832 1
85 27 10828 1
58 161 10823 1
89 19 10832 1
51 41 10836 1
61 17 10844 1
58 14 10844 1
85 187 10836 1
33 45 10837 1
9 36 10884 1
13 111 10843 1
18 20 10918 1
51 189 10853 1
85 187 10840 1
33 45 10846 1
89 90 10841 1
85 187 10845 1
16 19 10850 1
9 17 10846 1
61 14 10849 1
7 54 10852 1
24 21 10892 1
85 27 10893 1
33 19 10856 1
58 161 10851 1
9 14 10853 1
5 115 10858 1
29 34 10915 1
7 17 10882 1
9 36 10907 1
61 54 10858 1
18 20 10937 1
11 27 10862 1
58 17 10893 1
28 36 10894 1
16 19 10864 1
61 36 10918 1
13 21 10926 1
33 19 10891 1
18 20 10947 1
23 26 10873 1
13 21 10935 1
73 171 10912 1
29 34 10937 1
23 26 10880 1
77 27 10881 1
18 20 10960 1
13 21 10942 1
9 36 10928 1
58 14 10905 1
85 187 10966 1
13 21 10952 1
9 36 10941 1
23 26 10895 1
77 27 10915 1
85 187 10896 1
29 26 10904 1
33 19 10903 1
136 171 10898 1
85 187 10900 1
58 17 10937 1
63 34 10956 1
7 39 10952 1
33 19 10912 1
18 20 10984 1
61 189 10968 1
13 113 10968 1
85 187 10912 1
23 26 10919 1
29 34 10977 1
85 187 10922 1
0 114 10918 1
77 27 10920 1
13 21 10978 1
18 20 11008 1
11 27 10924 1
33 152 10976 1
190 27 10936 1
85 187 10929 1
104 21 10990 1
77 78 10936 1
29 34 10992 1
190 27 10941 1
85 187 10939 1
9 17 10944 1
190 27 10944 1
28 36 10990 1
23 26 10948 1
190 27 10961 1
42 36 10980 1
85 187 10965 1
42 44 10957 1
29 34 11024 1
89 19 10978 1
85 187 10998 1
190 187 11045 1
185 34 11044 1
103 20 11050 1
104 21 11021 1
136 78 10981 1
190 191 10985 1
33 19 11012 1
185 26 11006 1
16 19 10986 1
136 78 10998 1
18 20 11068 1
104 21 11040 1
16 19 10991 1
63 57 11014 1
190 191 11027 1
13 21 11048 1
85 187 11000 1
1 59 11018 1
29 57 11026 1
1 132 11009 1
85 187 11012 1
56 34 11050 1
77 78 11018 1
33 19 11195 1
56 68 11027 1
23 26 11025 1
85 187 11026 1
91 21 11407 1
77 78 11025 1
29 150 11104 2
1 34 11072 1
47 34 11058 1
173 174 11024 1
118 20 11093 1
190 191 11034 1
85 187 11036 1
136 78 11042 1
85 187 11038 1
16 19 11045 1
190 187 11115 1
85 187 11050 1
190 191 11089 1
185 34 11115 1
85 187 11059 1
23 26 11057 1
77 27 11075 1
118 45 11158 1
85 187 11070 1
104 21 11118 1
23 26 11066 1
23 26 11075 1
29 34 11126 1
85 187 11079 1
16 19 11083 1
18 20 11531 1
77 78 11086 1
85 187 11081 1
85 187 11087 1
23 26 11087 1
85 187 11091 1
190 171 11096 1
58 17 11423 1
185 34 11146 1
136 78 11107 1
85 187 11100 1
104 82 11178 2
85 187 11105 1
190 191 11132 1
85 80 11149 1
136 78 11120 1
141 115 11122 1
190 90 11173 1
77 78 11130 1
58 54 11164 1
83 149 11195 1
18 22 11187 1
23 26 11137 1
13 21 11196 1
29 34 11195 1
77 15 11184 1
18 22 11402 1
13 21 11208 1
29 59 11172 2
79 41 11199 1
9 17 11156 1
180 59 11159 1
13 21 11222 1
1 57 11168 2
118 36 11247 1
1 48 11182 2
9 17 11173 1
9 17 11194 1
67 178 11232 2
173 174 11185 1
74 107 11191 1
33 21 11359 1
32 21 11426 1
13 111 11201 1
118 95 11204 1
157 158 11202 1
110 25 11207 1
79 53 11240 1
24 114 11250 1
13 158 11598 1
23 26 11237 1
29 57 11452 1
24 25 11247 2
0 21 11267 1
58 14 11323 1
79 95 11275 1
13 135 11308 1
9 17 11277 1
60 183 11300 1
33 95 11296 1
162 115 11286 1
73 187 11723 1
23 26 11304 1
79 95 11294 1
162 115 11298 1
3 96 11298 2
58 54 11329 1
85 62 11330 1
79 80 11299 1
162 115 11304 1
24 25 11303 2
60 20 11344 1
35 34 11369 1
23 26 11331 1
118 152 11312 1
9 17 11374 1
110 25 11322 1
60 20 11364 1
16 19 11325 1
24 25 11326 2
61 14 11362 1
91 62 11328 1
110 25 11334 2
35 126 11370 1
23 26 11343 1
18 43 11428 1
110 135 11341 1
29 30 11341 1
16 19 11346 1
110 21 11685 1
77 27 11344 1
29 57 11395 1
9 17 11356 1
79 46 11369 1
9 17 11367 1
16 19 11369 2
184 14 11429 1
24 25 11369 2
9 17 11395 1
40 36 11394 1
60 50 11416 1
9 17 11383 1
6 43 11389 1
61 14 11384 1
9 17 11401 1
33 95 11394 1
23 26 11398 1
1 106 11389 1
18 43 11449 1
10 22 11392 1
29 26 11430 1
1 106 11401 1
9 17 11410 1
79 80 11398 1
58 54 11443 1
60 36 11447 1
11 27 11405 1
1 57 11411 1
118 95 11410 1
18 37 11458 1
10 22 11412 1
1 106 11411 1
9 17 11419 1
1 57 11413 1
11 27 11414 1
10 22 11416 1
1 57 11418 1
49 20 11418 1
10 22 11458 1
60 176 11424 1
120 193 11429 2
9 17 11474 1
9 36 11530 1
184 54 11423 1
40 46 11427 2
58 54 11473 1
24 25 11430 2
33 194 11477 1
192 149 11454 1
61 17 11480 1
23 26 11446 1
123 20 11633 2
9 17 11439 1
40 36 11457 1
1 57 11436 1
51 52 11438 2
1 57 11634 1
23 26 11448 1
24 25 11457 2
6 43 11458 1
23 26 11456 1
61 54 11454 1
6 43 11481 1
181 17 11461 1
23 26 11465 1
10 22 11473 1
1 57 11464 1
28 15 11464 1
184 161 11481 1
10 22 11478 1
10 20 11543 1
23 26 11479 1
24 25 11476 2
8 20 11504 1
7 54 11496 1
10 22 11485 1
28 36 11540 1
33 152 11528 1
10 22 11481 1
1 57 11487 1
120 71 11485 1
9 14 11486 1
6 43 11489 1
23 106 11487 1
7 54 11501 1
10 20 11557 1
1 57 11489 1
9 17 11495 1
6 43 11499 1
9 15 11512 1
61 54 11510 1
9 17 11503 1
23 106 11510 1
7 54 11536 1
35 15 11510 1
61 54 11519 1
35 36 11558 1
18 31 11514 1
9 36 11567 1
10 20 11579 1
23 106 11523 1
24 25 11517 2
61 54 11527 1
18 31 11527 1
9 14 11525 1
16 152 11538 1
7 54 11572 1
73 191 11567 1
156 26 11533 1
1 57 11533 1
18 20 11646 1
61 39 11574 1
16 19 11544 1
9 17 11534 1
18 31 11541 1
120 71 11537 1
9 36 11585 1
23 26 11543 1
61 14 11539 1
61 14 11544 1
11 27 11548 1
156 132 11549 1
56 34 11614 1
118 152 11546 1
16 19 11560 1
121 71 11554 1
1 132 11554 1
61 14 11556 1
156 132 11557 1
103 37 11561 1
58 54 11580 1
33 152 11561 1
121 50 11590 1
23 106 11565 1
141 87 11572 1
33 152 11605 1
9 17 11565 1
156 106 11577 1
33 152 11572 1
108 20 11666 1
123 188 11570 2
77 27 11571 1
23 26 11578 1
9 54 11583 1
6 43 11585 1
1 59 11592 1
60 15 11578 1
42 41 11593 1
123 188 11579 2
118 152 11583 1
109 87 11580 1
29 34 11659 1
60 15 11590 1
123 102 11601 2
58 54 11628 1
1 57 11586 1
109 158 11591 2
61 14 11590 1
7 17 11610 1
118 152 11595 1
10 22 11600 1
180 34 11647 1
9 14 11593 1
157 158 11602 2
51 36 11600 1
103 37 11603 1
157 112 11608 2
16 19 11606 1
10 20 11656 1
4 114 11620 2
40 52 11615 2
60 39 11624 1
7 14 11624 1
101 102 11622 2
16 19 11618 1
33 152 11613 1
13 21 11703 1
6 43 11612 1
9 17 11615 1
11 27 11616 1
47 48 11615 1
0 21 11641 2
9 15 11628 1
10 43 11625 1
23 26 11620 1
51 36 11627 1
16 152 11649 1
33 152 11628 1
61 14 11626 1
23 26 11626 1
18 31 11719 2
40 36 11650 1
13 34 11707 1
60 36 11673 1
7 36 11713 1
9 17 11637 1
177 21 11635 1
33 152 11637 1
23 26 11642 1
9 36 11694 1
120 50 11679 1
40 36 11657 1
16 19 11662 1
58 161 11648 1
18 37 11649 1
10 22 11647 1
190 191 11651 1
7 54 11652 1
18 31 11654 1
103 20 11750 1
33 152 11662 1
120 71 11658 1
2 20 11734 1
51 36 11664 1
16 19 11671 1
33 19 11670 1
9 17 11670 1
33 19 11673 1
18 31 11676 1
16 19 11715 1
33 152 11680 1
60 36 11728 1
49 20 11684 1
7 54 11685 2
103 20 11762 1
29 34 11742 1
133 159 11687 1
58 161 11688 1
33 152 11689 1
18 20 11776 1
49 20 11692 1
61 54 11692 2
33 152 11693 1
18 20 11790 1
33 152 11703 1
33 152 11714 1
7 54 11716 1
60 39 11722 2
16 152 11735 1
33 152 11725 1
108 37 11723 1
7 54 11729 2
18 20 11813 1
60 15 11742 2
85 187 11733 1
29 34 11789 1
16 19 11739 1
83 149 11815 1
7 54 11739 2
11 187 11833 1
33 152 11737 1
6 22 11748 1
104 25 11750 1
9 17 11750 2
18 20 11833 1
33 19 11749 1
16 19 11749 1
28 39 11753 2
40 52 11748 2
61 54 11746 1
10 22 11799 1
24 21 11792 1
51 36 11765 2
16 152 11757 1
29 34 11813 1
16 19 11759 1
61 14 11760 1
55 36 11789 2
60 15 11808 2
86 87 11760 1
16 19 11772 1
29 34 11821 1
33 152 11768 1
9 39 11793 1
7 54 11771 1
108 20 11849 1
18 31 11770 1
7 54 11777 1
118 19 11781 1
55 39 11776 1
23 26 11783 1
108 20 11871 1
13 21 11832 1
61 14 11790 1
9 14 11781 1
29 34 11841 1
16 19 11784 1
58 14 11825 1
18 31 11883 1
9 17 11787 1
33 152 11789 1
16 19 11789 1
29 30 11791 1
58 161 11798 1
9 17 11797 1
9 15 11800 1
18 65 12005 1
42 46 11800 1
23 26 11800 1
16 19 11827 1
13 21 11859 1
33 152 11802 1
61 54 11803 1
28 44 11821 1
156 59 11811 1
9 15 11810 1
61 14 11810 1
40 36 11824 1
16 152 11813 1
18 20 11897 1
61 14 11812 1
28 36 11864 1
67 68 11815 1
58 54 11842 1
9 15 11839 1
47 48 11822 1
33 152 11824 1
40 36 11851 1
89 45 11836 1
173 174 11829 1
7 161 11828 1
33 152 11828 1
18 71 11873 1
28 36 11878 1
118 45 11893 1
74 34 11843 1
85 187 11840 1
58 161 11837 1
61 14 11842 1
7 14 11866 1
33 152 11846 1
28 36 11890 1
61 54 11849 1
18 20 11932 1
85 187 11861 1
33 152 11850 1
61 15 11878 1
60 15 11866 1
33 19 11868 1
11 187 11868 1
58 17 11895 1
108 50 11948 1
35 36 11906 1
9 17 11879 1
85 15 12217 1
33 19 11880 1
120 50 11904 1
32 21 12353 1
60 15 11875 1
104 21 11945 1
18 20 11975 1
35 36 11929 1
33 152 11888 1
9 36 11941 1
61 14 11881 1
73 195 12083 1
89 45 11898 1
51 52 11886 1
23 26 11894 1
40 36 11917 1
13 21 11955 1
16 45 11924 1
33 152 11900 1
9 36 11958 1
18 20 12000 1
49 20 11911 1
33 152 11913 1
5 115 11902 1
33 19 11903 1
23 26 11903 1
7 54 11928 1
23 26 11916 1
7 54 11912 1
18 53 12004 1
29 57 11933 1
61 14 11917 1
33 152 11924 1
157 158 11918 1
99 119 11923 1
13 21 11987 1
18 53 11995 1
16 19 12022 1
92 119 11924 1
61 14 11935 1
33 152 11933 1
124 168 11926 1
32 88 11957 1
13 21 11994 1
7 14 11954 1
1 34 11968 1
70 53 11931 1
35 15 11931 1
73 163 12213 1
28 15 11935 1
77 191 11938 1
23 26 11937 1
33 152 11944 1
9 15 11950 1
9 17 11943 1
141 38 11938 1
28 15 11944 1
18 20 12086 1
24 25 11943 2
153 154 11943 1
77 27 12178 1
32 149 11944 1
49 20 11959 1
32 126 11945 1
23 26 11946 1
40 44 11965 1
42 44 11948 1
29 34 12003 1
7 54 11953 1
33 152 11955 1
172 115 11952 1
9 15 11958 1
104 113 12022 1
35 39 11972 1
91 126 11963 1
7 39 12026 1
51 36 11975 1
33 152 11965 1
9 36 12045 1
61 15 11989 1
23 26 11966 1
42 41 12002 1
40 52 11976 1
33 19 11982 1
40 41 11986 1
9 14 11982 1
10 22 11976 1
29 34 12038 1
73 163 12010 1
9 17 11995 1
72 20 12032 1
23 26 11990 1
60 17 11991 1
29 34 12061 1
60 39 12014 1
33 152 11998 1
72 50 12015 1
33 19 11998 1
51 36 12016 1
35 15 12009 1
136 171 12010 1
64 65 12026 1
23 26 12010 1
73 163 12021 1
136 171 12021 1
42 52 12041 1
84 88 12019 2
33 19 12060 1
23 26 12022 1
136 171 12026 1
73 163 12024 1
84 88 12028 2
13 148 12063 1
64 65 12116 1
40 176 12031 1
110 38 12042 2
40 41 12058 1
33 152 12030 1
29 34 12090 1
136 78 12035 1
49 20 12038 1
18 65 12188 1
16 19 12063 1
33 152 12045 1
29 34 12099 1
84 88 12041 2
51 36 12136 1
136 195 12042 1
33 152 12060 1
84 88 12048 2
29 132 12066 1
51 36 12066 1
109 115 12055 2
136 195 12064 1
172 112 12070 2
29 34 12120 1
89 152 12090 1
97 196 12072 1
157 158 12079 2
84 88 12066 1
13 21 12129 1
156 59 12076 1
64 81 12073 1
29 34 12130 1
89 19 12078 1
51 36 12076 1
136 195 12072 1
56 59 12078 1
67 113 12107 1
0 21 12090 2
0 21 12096 2
13 115 12113 1
29 34 12144 1
51 36 12079 1
16 152 12128 1
84 88 12080 1
77 78 12215 1
51 36 12083 1
16 19 12089 1
136 195 12085 1
13 38 12100 1
136 195 12093 1
51 41 12110 1
49 20 12095 1
16 19 12099 1
23 26 12097 1
84 88 12098 1
13 21 12158 1
33 152 12096 1
5 115 12105 1
23 26 12103 1
29 34 12165 1
33 19 12107 1
109 115 12109 1
84 88 12108 2
13 21 12170 1
33 152 12116 1
64 65 12107 1
172 21 12140 1
64 81 12108 1
136 195 12115 1
84 88 12111 1
172 105 12140 1
23 26 12120 1
84 88 12120 1
136 195 12125 1
16 19 12220 1
64 65 12130 1
33 152 12161 1
136 195 12134 1
73 163 12128 1
64 65 12145 1
23 26 12132 1
73 163 12132 1
29 34 12194 1
13 38 12153 2
73 163 12142 1
136 195 12139 1
33 152 12140 1
84 88 12148 1
136 195 12143 1
29 26 12158 1
33 152 12145 1
24 178 12211 2
73 163 12153 1
13 111 12168 1
5 115 12155 2
73 163 12156 1
156 34 12202 1
84 88 12163 1
29 34 12219 1
109 115 12160 1
64 65 12165 1
16 19 12181 1
73 163 12164 1
136 195 12174 1
13 21 12241 1
172 148 12169 1
64 65 12174 1
5 21 12222 1
84 88 12172 1
58 14 12219 1
73 163 12174 1
23 26 12182 1
33 152 12177 1
4 158 12177 1
64 65 12177 1
84 88 12180 2
77 27 12190 1
29 34 12247 1
84 88 12184 1
16 19 12185 1
136 195 12186 1
64 65 12366 1
0 114 12187 1
18 22 12239 1
77 27 12211 1
64 65 12191 1
73 163 12193 1
0 114 12193 1
84 88 12194 2
33 152 12215 1
13 21 12257 1
11 15 12231 1
29 34 12265 1
32 21 12388 1
84 88 12202 1
84 36 12394 1
11 15 12247 1
29 26 12221 2
23 26 12213 1
64 65 12216 1
77 27 12240 1
73 163 12219 1
33 152 12220 1
136 78 12233 1
73 163 12225 1
33 19 12237 1
10 22 12222 1
23 150 12287 1
64 65 12231 2
61 17 12257 1
29 26 12234 1
73 15 12290 1
58 54 12247 1
77 80 12280 1
33 152 12234 1
33 19 12236 1
10 96 12418 1
64 66 12251 2
13 82 12311 2
16 19 12254 1
33 19 12279 1
85 80 12269 1
1 34 12289 1
16 19 12242 1
73 27 12334 1
141 38 12250 2
89 19 12274 1
7 14 12257 1
64 65 12260 2
33 19 12260 1
64 66 12270 1
109 115 12259 2
9 17 12268 1
61 14 12266 1
73 78 12314 1
3 96 12267 1
172 158 12270 2
61 17 12284 1
64 66 12268 1
9 17 12306 1
89 19 12285 1
4 112 12278 1
33 152 12302 1
33 45 12280 1
16 90 12299 1
33 19 12294 1
64 66 12290 1
9 17 12496 1
0 178 12306 1
16 19 12307 1
16 152 12321 1
33 152 12313 1
9 17 12314 1
77 27 12354 1
32 36 12406 1
89 19 12337 1
64 66 12314 1
33 152 12323 1
77 78 12321 1
64 66 12325 1
33 152 12332 1
33 152 12386 1
64 65 12330 2
64 65 12334 1
32 53 12411 1
33 152 12342 1
190 27 12347 1
157 158 12347 1
77 191 12389 1
16 90 12391 1
64 65 12509 1
9 17 12358 1
77 27 12366 1
64 66 12366 1
18 22 12520 1
64 65 12373 2
60 15 12377 1
190 191 12379 1
64 65 12388 1
11 27 12399 1
77 27 12392 1
64 65 12397 2
11 27 12443 1
35 21 12458 1
16 66 12426 1
70 53 12402 1
11 27 12410 1
60 15 12403 1
72 53 12428 1
64 65 12407 1
33 95 12419 1
12 126 12442 1
60 15 12418 1
77 27 12418 1
118 95 12430 1
33 34 12501 1
64 34 12478 1
60 15 12425 1
12 98 12426 1
60 39 12433 1
77 27 12430 1
64 65 12435 1
60 15 12437 1
77 27 12541 1
42 20 12475 1
9 17 12441 1
64 66 12448 1
42 41 12461 1
33 20 12509 1
11 27 12457 1
153 154 12450 1
64 65 12453 1
18 22 12556 1
182 75 12458 1
11 27 12462 1
51 36 12473 1
58 17 12525 1
32 34 12543 1
16 95 12470 1
11 27 12475 1
118 95 12482 1
60 20 12525 1
58 14 12530 1
11 27 12487 1
10 22 12483 1
18 37 12514 1
33 39 12505 1
79 53 12521 1
11 27 12490 1
11 27 12499 1
58 54 12525 1
9 17 12501 1
64 126 12583 1
2 37 12505 1
9 15 12511 1
55 20 12549 1
2 43 12559 1
61 14 12511 1
10 96 12515 1
64 15 13398 1
33 45 12519 1
61 54 12514 1
58 54 12527 1
9 17 12534 1
2 43 12518 1
18 43 12576 1
72 20 12536 1
77 27 12521 1
33 45 12527 1
58 161 12537 1
32 34 12628 1
33 176 12697 1
10 96 12528 1
11 27 12545 1
7 54 12553 1
118 19 12533 1
10 22 12533 1
9 17 12539 1
190 78 12573 1
61 17 12567 1
9 17 12545 1
23 26 12546 1
61 14 12578 1
10 71 12586 1
18 20 12684 1
13 21 12711 1
10 22 12586 1
35 39 12557 1
6 20 12651 1
120 71 12558 1
11 27 12566 1
18 31 12566 1
60 15 12566 1
9 15 12582 1
10 22 12577 1
23 26 12574 1
121 20 12631 1
11 27 12706 1
29 34 12703 1
35 41 12602 1
121 69 12591 1
28 36 12641 1
40 36 12592 1
10 22 12573 1
77 27 12613 1
118 19 12577 1
2 53 12649 1
124 53 12600 1
35 36 12629 1
9 17 12585 1
73 78 12748 1
164 169 12583 1
70 20 12619 1
9 17 12600 1
10 50 12642 1
118 19 12590 1
32 149 12594 1
72 20 12611 1
18 20 12693 1
60 52 12653 1
13 21 12718 1
23 26 12604 1
10 22 12607 1
118 19 12601 1
101 102 12607 1
51 36 12605 1
28 15 12605 1
23 26 12616 1
35 44 12626 1
18 37 12628 1
10 20 12669 1
190 191 12618 1
23 26 12624 1
118 19 12621 1
2 20 12710 1
40 36 12656 1
101 31 12635 1
103 20 12724 1
77 27 12635 1
118 19 12635 1
77 27 12637 1
118 19 12641 1
11 27 12642 1
72 20 12660 1
51 36 12672 1
11 191 12658 1
118 19 12652 1
108 20 12766 2
51 36 12660 1
7 54 12661 1
93 128 12659 1
29 34 12721 1
11 27 12663 1
77 27 12670 1
7 54 12670 1
89 95 12668 1
16 19 12679 1
11 27 12681 1
7 54 12676 1
18 20 12785 1
7 54 12686 1
11 27 12688 1
40 52 12696 2
33 20 13125 1
58 54 12710 1
7 54 12697 1
10 22 12696 1
51 36 12716 2
120 20 12736 1
60 36 12735 1
13 38 12715 1
28 15 12733 1
9 17 12710 1
9 14 12708 1
58 161 12717 1
18 20 12800 1
11 27 12860 1
7 54 12713 1
9 17 12720 1
28 15 12771 1
5 21 12763 1
9 17 12726 1
197 36 12721 2
7 14 12748 1
18 20 12819 1
9 17 12724 1
77 27 12736 1
40 36 12756 1
60 36 12786 1
9 15 12739 1
18 20 12828 1
58 161 12741 1
60 44 12763 1
58 14 12774 1
29 34 12813 1
18 31 12751 1
77 78 12752 1
11 78 12781 1
9 17 12760 1
61 54 12759 1
108 20 12838 1
13 25 12766 1
11 27 12766 1
9 17 12763 1
23 26 12764 1
35 15 12773 1
29 59 12792 1
40 36 12800 1
141 21 12811 1
9 15 12776 1
108 20 12854 1
60 41 12812 1
77 27 12778 1
58 161 12782 2
42 41 12801 1
32 88 12792 1
18 31 12782 1
28 36 12844 1
104 21 12839 1
11 78 12811 1
18 20 12880 1
7 14 12796 2
184 54 12790 1
56 34 12827 1
18 20 12894 1
7 54 12811 1
182 75 12797 1
42 41 12823 1
9 17 12810 1
197 36 12821 1
13 21 12861 1
11 27 12809 1
77 27 12840 1
108 37 12816 1
9 17 12889 1
84 88 12850 1
9 17 12821 1
101 31 12841 2
77 78 12829 1
7 54 12819 1
28 39 12826 1
108 31 12820 1
2 37 12829 1
35 41 12859 2
6 37 12836 1
61 14 12831 1
77 78 12833 1
77 78 12849 1
11 27 12847 1
18 20 12939 2
7 54 12846 1
84 88 12860 1
18 36 12951 1
35 39 12868 1
77 78 12857 1
13 21 12925 1
7 54 12869 1
11 27 12916 1
84 88 12872 1
120 50 12904 1
11 27 12865 1
9 17 12867 1
11 27 13227 1
18 31 12873 1
40 36 12905 1
11 27 12872 1
23 26 12880 1
103 20 12959 1
61 14 12881 1
60 39 12892 1
77 27 12886 1
84 88 12928 1
13 21 12933 1
156 132 12885 1
23 26 12882 1
103 20 12974 1
1 57 12886 1
7 54 12892 1
11 27 12909 1
58 41 12968 1
60 15 12898 1
56 59 12894 1
42 39 12894 1
61 54 12903 1
40 36 12930 1
18 20 12994 1
35 39 12909 1
32 15 13410 1
9 17 12911 1
13 38 12919 1
7 36 12997 1
186 107 12914 1
77 187 12957 1
9 17 12919 1
18 31 13016 1
40 41 12935 1
74 105 12919 1
11 78 12926 1
5 21 12956 1
60 36 12978 1
76 34 12923 1
29 34 12984 1
7 17 12953 1
77 78 12932 1
84 88 12939 1
108 37 12945 1
104 21 12982 1
29 34 12990 1
197 36 12941 1
77 27 12952 1
2 20 13048 1
84 88 12946 1
23 26 12958 1
2 37 12956 1
6 20 13030 1
137 59 12952 1
84 88 12954 1
9 36 13016 1
13 82 13026 2
29 26 12969 1
11 27 12973 1
77 78 12965 1
84 88 12964 1
23 34 13009 1
10 22 12967 1
120 71 12971 1
29 132 12980 1
141 38 12973 1
18 20 13076 1
77 191 12981 1
84 88 12971 1
84 88 12976 1
29 34 13030 1
1 34 13020 1
84 88 12993 1
77 27 12985 1
77 78 13241 1
9 36 13043 1
23 26 12991 1
18 20 13097 1
13 21 13056 1
77 191 12989 1
11 78 13002 1
84 88 13014 1
23 26 13003 1
29 34 13055 1
7 54 13003 2
77 78 13039 1
141 115 13008 1
73 171 13262 1
84 88 13037 1
172 115 13022 1
23 26 13027 1
147 148 13025 1
13 21 13096 1
29 26 13038 1
49 50 13028 1
67 68 13029 1
142 143 13033 1
173 174 13035 1
156 34 13081 1
84 88 13042 1
23 26 13048 1
84 88 13103 1
77 78 13050 1
13 21 13111 1
136 195 13047 1
60 39 13058 2
23 26 13060 1
136 78 13060 1
172 115 13061 1
13 21 13129 1
18 20 13155 1
23 26 13070 1
77 195 13073 1
153 154 13067 1
29 34 13126 1
157 158 13069 1
13 21 13141 1
40 36 13109 2
7 54 13076 1
77 78 13076 1
7 14 13088 1
136 78 13080 1
136 195 13080 1
23 26 13081 1
103 20 13172 1
29 34 13144 1
23 26 13093 1
77 78 13097 1
9 17 13091 1
104 21 13158 1
77 78 13108 1
18 20 13264 1
13 21 13167 1
136 195 13107 1
23 26 13105 1
84 88 13105 1
84 88 13126 1
13 21 13173 1
23 26 13112 1
60 15 13128 1
136 195 13110 1
77 78 13129 1
29 34 13178 1
16 95 13174 1
136 195 13120 1
184 54 13167 1
13 114 13176 1
84 88 13147 1
40 41 13161 1
77 78 13141 1
23 26 13144 1
29 30 13147 1
77 78 13149 1
136 195 13149 1
13 21 13207 1
63 57 13163 1
84 88 13155 1
77 78 13218 1
23 34 13218 1
29 30 13160 1
84 88 13180 1
1 59 13166 1
13 21 13221 1
56 34 13202 1
197 36 13166 1
136 195 13167 1
60 36 13248 1
23 26 13181 1
18 22 13486 1
197 36 13171 1
136 195 13173 1
0 21 13191 1
83 149 13234 1
29 34 13233 1
79 80 13179 1
84 88 13210 1
79 36 13292 1
197 36 13197 1
136 195 13208 1
13 21 13245 1
18 126 13605 1
23 26 13207 1
73 163 13192 1
58 161 13193 1
33 20 13295 1
73 163 13209 1
118 19 13202 1
7 54 13208 1
13 21 13258 1
29 106 13218 1
136 195 13214 1
73 163 13228 1
84 88 13224 1
61 17 13232 1
1 34 13262 1
13 21 13276 1
136 78 13227 1
185 34 13275 1
23 26 13226 1
136 195 13227 1
85 15 13256 1
13 21 13294 1
136 195 13239 1
84 88 13234 1
136 78 13275 1
23 26 13238 1
73 163 13244 1
11 80 13275 1
16 80 13252 1
9 17 13250 1
84 88 13299 1
42 39 13237 1
77 15 13298 1
73 163 13247 1
83 149 13312 1
74 107 13252 1
11 27 13252 1
77 191 13268 1
23 26 13262 1
9 17 13378 1
29 34 13317 1
85 15 13286 1
89 95 13276 1
60 53 13296 1
13 21 13327 1
197 36 13266 1
73 45 13341 1
29 34 13327 1
51 36 13328 1
77 27 13284 1
11 15 13311 1
70 53 13278 1
79 80 13283 1
23 26 13294 1
104 25 13303 1
60 46 13318 1
16 19 13296 1
47 48 13293 1
72 20 13370 1
89 45 13308 1
118 152 13305 2
24 21 13715 1
84 88 13327 1
16 19 13322 1
40 36 13368 2
40 176 13329 2
33 80 13352 1
16 19 13331 1
51 52 13342 1
92 20 13451 1
33 36 13488 1
79 20 13423 1
40 41 13383 1
197 189 13385 1
49 20 13373 1
32 15 13422 1
51 36 13424 2
9 17 13392 1
51 41 13389 1
118 95 13401 1
9 17 13395 1
9 17 13408 1
16 19 13405 1
79 80 13412 1
16 95 13423 1
60 176 13421 1
103 22 13578 1
9 17 13421 1
93 94 13421 1
42 50 13461 1
89 45 13431 1
197 36 13430 1
79 80 13427 1
9 17 13443 1
60 20 13490 1
197 36 13432 1
16 95 13452 1
9 17 13451 1
18 22 13548 1
16 19 13466 1
79 36 13533 1
49 20 13466 1
9 17 13472 1
49 20 13471 1
33 95 13480 1
79 20 13528 1
9 17 13474 1
89 90 13489 1
9 17 13482 1
79 80 13486 1
79 176 13493 1
60 122 13540 1
103 43 13543 1
16 19 13501 1
79 20 13554 1
184 54 13527 1
33 95 13512 2
60 88 13538 1
32 21 13654 1
9 17 13516 1
18 43 13583 1
184 54 13548 1
7 14 13542 1
84 149 13544 1
6 43 13563 1
32 126 13543 1
184 54 13563 1
61 14 13554 1
18 43 13603 1
61 17 13570 1
6 22 13559 1
89 90 13560 2
7 54 13556 1
16 19 13566 1
7 36 13686 1
9 17 13560 1
120 71 13567 1
89 19 13578 1
120 20 13625 1
9 14 13573 1
10 22 13597 1
6 194 13659 1
13 38 13626 1
9 17 13586 1
9 17 13628 1
10 22 13592 1
29 106 13601 1
18 37 13631 1
23 26 13584 1
60 17 13599 1
16 19 13603 1
120 71 13611 1
23 34 13716 1
10 20 13666 1
184 54 13656 1
60 39 13614 1
16 19 13696 1
18 37 13646 1
9 17 13607 1
10 22 13607 1
40 46 13611 1
60 15 13631 1
10 22 13619 1
10 96 13627 1
8 69 13621 1
23 26 13620 1
42 44 13618 1
40 52 13622 2
23 26 13623 1
120 71 13635 1
2 37 13625 1
6 159 13713 1
8 53 13626 1
40 41 13642 1
121 69 13641 1
24 38 13637 1
70 53 13634 1
40 176 13658 1
55 41 13661 1
2 36 13744 1
70 50 13646 1
18 31 13646 1
8 69 13650 1
24 21 13735 1
6 43 13640 1
124 20 13688 1
197 36 13644 1
6 43 13655 1
10 71 13654 1
7 54 13655 1
6 22 13673 1
70 50 13675 1
9 15 13667 1
29 34 13738 1
58 161 13664 1
120 50 13695 1
18 20 13755 1
51 36 13672 1
23 26 13664 1
61 14 13676 1
61 14 13668 1
10 71 13685 1
60 36 13726 1
49 20 13679 1
18 71 13728 1
60 39 13682 1
9 17 13682 1
10 22 13683 1
120 71 13690 1
23 26 13683 1
28 15 13697 1
7 14 13688 1
40 36 13711 1
120 96 13693 1
121 20 13726 1
120 69 13700 1
58 17 13734 1
18 37 13706 1
49 20 13703 1
9 17 13698 1
16 19 13757 1
55 39 13710 1
60 17 13706 1
121 53 13715 1
58 17 13739 1
103 37 13719 2
60 41 13731 1
6 20 13775 1
70 53 13717 1
103 169 13737 1
35 39 13725 1
72 20 13738 1
51 189 13735 1
121 69 13735 1
42 52 13736 1
103 122 13816 1
7 54 13742 1
18 20 13828 1
60 17 13736 1
40 36 13771 1
6 20 13803 1
9 39 13765 1
124 53 13746 1
60 41 13777 1
7 54 13776 1
10 22 13769 1
61 17 13767 1
70 53 13751 1
72 50 13763 1
18 20 13848 1
104 111 13768 1
16 95 14258 1
58 36 13867 1
60 36 13793 1
83 126 13828 1
60 39 13789 1
5 21 13815 1
8 20 13788 2
103 20 13861 1
61 39 13808 1
29 34 13837 1
7 54 13778 1
197 41 13781 1
61 14 13785 1
61 14 13793 1
103 159 13875 1
40 36 13820 1
18 20 13893 1
9 17 13801 1
13 25 13809 1
18 122 13905 1
28 46 13830 1
42 36 13843 1
110 25 13814 1
185 106 13835 2
5 21 13858 1
7 54 13820 1
108 31 13825 1
7 54 13826 1
18 37 13849 1
123 188 13853 2
40 36 13856 1
104 38 13847 1
1 34 13879 1
23 26 13847 1
104 21 13902 1
5 21 13889 1
185 34 13913 1
6 22 13859 1
103 53 13956 2
13 113 13916 1
10 53 13902 1
7 54 13869 1
61 14 13869 1
23 26 13876 1
184 14 13914 1
18 71 13947 1
49 20 13879 1
9 15 13890 1
61 14 13885 1
23 26 13881 1
120 71 13881 1
185 34 13938 1
18 22 13929 1
13 21 13942 1
83 62 13962 1
8 69 13891 1
60 15 13895 1
9 36 13961 1
70 20 13937 1
60 15 13930 1
7 36 14019 1
103 168 14037 1
133 20 13920 1
8 53 13910 1
103 22 13929 1
9 46 13968 1
89 45 13923 1
185 34 13974 1
51 36 13921 1
185 34 13987 1
83 88 14002 1
120 53 13987 1
10 22 13935 1
60 15 13926 1
18 168 14078 1
10 22 13941 1
120 53 13950 1
51 36 13941 1
104 21 13990 1
185 34 13995 1
61 17 13941 1
120 71 13947 1
13 21 14008 1
120 71 13951 1
32 88 14144 1
5 115 13952 1
124 168 13956 1
7 36 14120 1
18 43 13976 1
9 17 13953 1
23 26 13957 1
70 53 13966 2
60 15 13960 1
120 69 13960 1
73 45 14275 1
67 68 13967 1
72 20 14005 2
103 168 14189 1
23 26 13972 1
40 52 13974 1
70 53 13980 1
124 168 13971 1
104 21 14031 1
6 22 13992 1
29 34 14028 1
18 43 14029 1
10 22 13978 1
40 52 13978 1
70 53 14001 1
72 53 13986 1
51 41 13997 1
10 22 14005 1
13 21 14044 1
124 53 14001 1
185 34 14045 1
7 14 14050 1
18 37 14036 1
10 71 14016 1
120 71 14030 1
197 36 14010 1
104 21 14056 1
70 50 14089 1
72 53 14009 1
32 126 14010 1
2 37 14011 1
23 26 14008 1
49 20 14008 2
49 20 14012 2
61 15 14059 1
2 169 14014 1
18 71 14187 1
61 14 14020 1
121 168 14017 1
60 15 14024 2
51 36 14029 1
10 43 14067 1
49 20 14024 2
121 69 14069 1
61 54 14025 1
9 15 14042 1
42 52 14058 2
49 20 14033 2
58 36 14263 1
6 43 14048 1
10 22 14031 1
49 50 14037 1
120 71 14036 1
70 53 14060 1
197 36 14035 1
10 43 14071 1
49 20 14044 2
6 43 14043 1
124 53 14178 1
13 113 14105 1
49 50 14045 1
60 15 14064 1
49 50 14049 1
23 26 14055 1
9 39 14113 1
13 21 14117 1
49 50 14053 1
73 78 14088 1
35 44 14100 1
190 191 14055 1
70 53 14083 1
23 26 14064 1
49 20 14065 1
51 52 14064 2
72 50 14071 1
29 30 14067 1
77 27 14061 1
10 22 14064 1
55 39 14073 1
63 34 14117 1
190 191 14071 1
120 69 14122 1
72 20 14128 1
23 26 14078 1
73 163 14084 1
8 168 14084 1
6 43 14075 1
10 22 14075 1
51 41 14083 2
8 194 14078 1
29 34 14139 1
10 22 14079 1
60 176 14079 1
23 26 14080 1
104 38 14094 2
73 171 14101 1
42 52 14096 1
190 191 14113 1
49 20 14093 1
197 52 14098 2
104 21 14152 1
136 195 14096 1
6 168 14201 1
24 21 14146 1
10 22 14096 1
23 26 14101 1
70 53 14178 1
120 71 14097 1
40 41 14170 1
136 195 14123 1
49 20 14107 1
13 21 14163 1
29 34 14155 1
184 176 14185 1
120 71 14107 1
40 176 14104 1
51 52 14124 1
42 176 14118 1
73 171 14131 1
3 196 14117 1
29 34 14169 1
190 191 14121 1
8 53 14124 1
51 41 14151 1
4 112 14125 1
40 176 14127 1
184 36 14273 1
120 196 14125 1
8 69 14129 1
70 50 14144 1
121 41 14287 1
190 191 14134 1
23 26 14134 1
124 168 14137 1
40 52 14141 1
32 -1 14400 1
0 114 14133 1
136 171 14179 1
29 34 14190 1
197 36 14196 1
124 168 14145 1
190 191 14141 1
40 52 14148 1
104 21 14211 1
23 26 14147 1
124 53 14159 1
121 69 14151 1
198 53 14151 1
10 22 14149 1
136 78 14155 1
190 191 14154 1
18 22 14253 1
23 26 14153 1
51 41 14154 1
198 53 14156 1
13 21 14219 1
23 26 14158 1
77 78 14168 1
70 53 14167 1
190 191 14168 1
23 26 14171 1
133 159 14173 1
104 21 14232 1
121 69 14168 1
136 171 14189 1
77 191 14179 1
72 53 14176 1
16 19 14177 1
72 53 14214 1
29 34 14239 1
23 26 14178 1
70 53 14189 1
133 159 14182 1
49 50 14200 1
120 71 14259 1
136 78 14189 1
190 191 14191 1
13 21 14251 1
133 159 14191 1
29 26 14206 1
40 52 14221 1
63 34 14248 1
133 159 14193 1
190 191 14212 1
136 171 14221 1
136 78 14197 1
18 -1 14400 1
70 53 14225 1
133 20 14248 1
136 78 14203 1
29 34 14266 1
1 34 14246 1
121 168 14210 1
51 41 14238 1
124 168 14210 1
18 -1 14400 1
72 50 14255 1
29 34 14280 1
23 26 14220 1
133 159 14222 1
136 171 14264 1
190 191 14232 1
18 -1 14400 1
70 50 14365 1
49 50 14228 1
77 78 14229 1
190 191 14246 1
10 96 14256 1
136 78 14245 1
49 50 14240 1
124 53 14250 1
190 80 14292 1
29 34 14306 1
23 26 14246 1
190 78 14287 1
77 78 14265 1
72 36 14372 1
49 50 14276 1
23 26 14260 1
79 95 14261 1
121 50 14360 1
29 34 14323 1
121 69 14267 1
23 26 14265 1
136 171 14273 1
13 82 14356 2
79 176 14287 1
197 36 14280 1
72 53 14327 1
10 22 14276 1
136 171 14281 1
190 15 14337 1
197 36 14306 1
190 15 14315 1
23 26 14293 1
13 21 14353 1
124 53 14286 1
5 115 14291 1
8 53 14300 1
60 50 14382 1
16 95 14307 1
89 45 14301 1
172 115 14301 1
73 45 14369 1
184 128 14348 1
185 30 14310 1
77 27 14307 1
23 26 14303 1
197 36 14308 1
63 34 14368 1
79 95 14309 1
104 21 14375 1
33 80 14337 1
79 80 14317 1
16 19 14318 1
60 -1 14400 1
16 19 14323 1
23 26 14324 1
197 36 14320 1
1 57 14323 1
3 96 14323 1
60 -1 14400 1
16 19 14346 1
199 88 14349 1
33 19 14357 1
120 15 14351 1
49 20 14365 1
93 94 14359 1
118 95 14361 1
199 88 14380 1
58 -1 14400 1
79 39 14374 1
93 94 14366 1
49 50 14372 1
197 36 14374 1
49 -1 14400 1
60 -1 14400 1
89 95 14397 1
118 -1 14400 1
92 -1 14400 1
29 -1 14400 2
