0 870.5 98 44.4 26.4
1 412 413 96 74.4
2 953.5 88 44.4 28.8
3 678 160 55.2 40.8
4 894.5 173 44.4 33.6
5 250.5 318 121.2 88.8
6 181 342 81.6 63.6
7 973.5 128 25.2 33.6
8 973.5 128 25.2 33.6
9 39 422 93.6 98.4
10 635 278 74.4 54
11 716.5 237 58.8 52.8
12 1050 105 40.8 28.8
13 1069 99 45.6 28.8
14 56.5 655 135.6 122.4
15 578 212 43.2 32.4
16 903 58 40.8 26.4
17 578 212 43.2 32.4
18 968.5 72 44.4 25.2
19 478 263 84 58.8
20 1016.5 103 39.6 31.2
21 390 413 96 68.4
22 456.5 263 75.6 56.4
23 370.5 316 106.8 85.2
24 200 320 57.6 21.6
25 250 366 98.4 84
26 127.5 418 78 69.6
27 44.5 477 106.8 112.8
28 66 733 158.4 163.2
29 266 124 72 32.4
30 205.5 605 154.8 145.2
31 56 736 134.4 228
32 205.5 605 154.8 145.2
33 315 531 115.2 104.4
34 416.5 455 114 127.2
35 337.5 515 130.8 94.8
36 416.5 455 114 127.2
37 1268 361 67.2 88.8
38 601 344 55.2 79.2
39 601 344 55.2 79.2
40 740 252 48 56.4
41 641 311 60 64.8
42 756.5 263 140.4 115.2
43 839.5 199 66 73.2
44 915 160 26.4 34.8
45 842.5 198 61.2 70.8
46 956.5 154 106.8 86.4
47 1136.5 141 39.6 20.4
48 37.5 143 90 39.6
49 1135 155 43.2 33.6
50 1071.5 98 92.4 56.4
51 493 389 40.8 20.4
52 1146.5 127 44.4 28.8
53 493 389 40.8 22.8
54 747.5 212 66 57.6
55 507 424 108 82.8
56 561 379 76.8 58.8
57 1040 95 40.8 26.4
58 725.5 309 92.4 124.8
59 978 74 43.2 20.4
60 924 95 26.4 22.8
61 940.5 87 32.4 25.2
62 629 313 33.6 33.6
63 809.5 229 106.8 99.6
64 884.5 189 54 82.8
65 648 191 52.8 44.4
66 618 207 60 51.6
67 618 207 60 51.6
68 660 188 48 34.8
69 829 128 40.8 33.6
70 405.5 281 66 50.4
71 829.5 128 70.8 48
72 169 399 110.4 76.8
73 146 433 148.8 136.8
74 344 321 50.4 66
75 227.5 128 37.2 25.2
76 356.5 266 75.6 42
77 220 129 108 36
78 87 133 55.2 19.2
79 940.5 73 34.8 25.2
80 245.5 366 73.2 66
81 124 130 88.8 26.4
82 12 140 28.8 22.8
83 35.5 450 85.2 75.6
84 854.5 117 51.6 48
85 64 391 74.4 58.8
86 907 90 43.2 30
87 733.5 164 70.8 70.8
88 644 264 55.2 45.6
89 259.5 527 128.4 109.2
90 332 451 103.2 63.6
91 870.5 99 58.8 25.2
92 542.5 242 106.8 98.4
93 783 141 40.8 32.4
94 542.5 242 106.8 98.4
95 787 143 64.8 49.2
96 229 112 40.8 16.8
97 272 114 55.2 19.2
98 306 110 48 16.8
99 306 110 48 16.8
100 893 147 48 31.2
101 172.5 360 111.6 66
102 681 325 33.6 28.8
103 919.5 157 44.4 25.2
104 202.5 519 147.6 91.2
105 793.5 193 58.8 43.2
106 575 295 74.4 51.6
107 594 293 74.4 58.8
108 476.5 453 236.4 193.2
109 568.5 413 222 184.8
110 1170 235 55.2 54
111 1168 235 55.2 55.2
112 1149 199 40.8 33.6
113 1149 199 40.8 33.6
114 646 315 192 116.4
115 775 81 60 25.2
116 775 81 60 25.2
117 630.5 96 58.8 31.2
118 630.5 96 58.8 31.2
119 715 152 108 48
120 867.5 162 44.4 34.8
121 189 131 69.6 34.8
122 867.5 112 37.2 22.8
123 359.5 117 73.2 25.2
124 552 103 55.2 24
125 679.5 95 58.8 25.2
126 679.5 95 58.8 25.2
127 306.5 123 73.2 30
128 526.5 107 66 27.6
129 461 110 60 24
130 433.5 114 66 27.6
131 362.5 119 73.2 28.8
132 698 186 139.2 100.8
133 698 186 139.2 100.8
134 879 84 38.4 20.4
135 903 95 40.8 19.2
136 816 101 43.2 21.6
137 350 273 110.4 51.6
138 676.5 299 111.6 46.8
139 108.5 366 106.8 60
140 595 95 55.2 20.4
141 124 583 172.8 116.4
142 124 583 172.8 116.4
143 875 65 48 22.8
144 818.5 72 54 18
145 485.5 231 58.8 54
146 409 255 74.4 51.6
147 584.5 102 58.8 22.8
148 826 69 48 21.6
149 807 117 55.2 31.2
150 922.5 83 58.8 48
151 656.5 124 188.4 79.2
152 890 67 55.2 20.4
153 656.5 124 188.4 79.2
154 315 330 76.8 70.8
155 406 117 96 28.8
156 743 81 48 20.4
157 743 81 48 20.4
158 495 109 67.2 27.6
159 85.5 430 73.2 57.6
160 881 119 55.2 48
161 36.5 147 87.6 39.6
162 354.5 141 99.6 34.8
163 354.5 141 99.6 34.8
164 493.5 349 92.4 56.4
165 456 369 86.4 57.6
166 912 128 48 19.2
167 1255.5 304 97.2 76.8
168 1255.5 304 97.2 76.8
169 1186 264 62.4 51.6
170 1186 264 62.4 51.6
171 1266 344 72 79.2
172 1135 155 36 18
173 1152 129 48 32.4
174 358.5 451 99.6 96
175 966 166 96 104.4
176 1127 195 55.2 62.4
177 1127 195 55.2 62.4
178 473.5 233 58.8 43.2
179 281 126 69.6 25.2
180 531.5 319 75.6 48
181 578 190 60 31.2
182 316.5 332 58.8 56.4
183 391.5 313 130.8 97.2
184 308.5 299 92.4 62.4
185 608.5 177 135.6 61.2
186 256.5 321 207.6 96
187 430.5 282 58.8 61.2
188 683 238 72 36
189 150 138 81.6 31.2
