5 71 1 1
5 47 1 1
5 13 1 2
5 10 1 2
5 90 1 1
5 26 2 1
5 126 1 1
5 73 1 1
5 60 2 1
5 77 1 2
5 160 1 1
5 112 2 1
5 183 3 1
5 203 1 1
5 200 4 1
5 270 2 1
5 297 2 1
5 461 1 1
5 400 1 1
5 406 1 1
5 422 1 1
5 507 1 1
5 438 3 1
5 448 1 1
5 439 3 1
5 446 1 1
5 524 1 1
5 469 1 1
5 544 1 1
5 514 1 2
5 537 1 1
5 515 1 1
5 531 1 1
5 542 1 1
5 549 1 1
5 654 1 1
5 1071 1 1
5 1134 1 1
5 1167 3 1
5 1289 1 1
5 1391 1 1
5 1441 1 2
5 1476 1 1
5 1502 3 1
5 1535 1 1
5 1574 1 1
5 1604 1 1
5 1634 3 1
5 1621 1 1
5 1626 1 2
5 1658 1 2
5 1627 1 1
5 1620 1 1
5 1662 1 1
5 1656 3 1
5 1676 3 1
5 1699 1 1
5 1708 3 1
5 1783 3 1
5 1801 1 2
5 1794 1 2
5 1806 1 2
5 1899 4 1
5 1943 4 1
5 1985 4 1
5 2020 1 1
5 2256 1 1
5 2276 1 1
5 2269 3 1
5 2328 1 1
5 2389 1 1
5 2402 1 1
5 2392 1 1
5 2436 3 1
5 2418 1 1
5 2415 1 1
5 2448 1 1
5 2447 3 1
5 2510 1 2
5 2512 1 1
5 2539 1 1
5 2560 1 1
5 2571 1 1
5 2608 1 1
5 2612 1 1
5 2645 1 1
5 2659 1 2
5 2712 3 1
5 2728 1 2
5 2728 1 2
5 2732 1 2
5 2733 1 1
5 2733 1 1
5 2734 3 1
5 2769 1 1
5 2781 1 1
5 2787 1 1
5 2827 1 1
