0 9 71 1
1 10 15 1
2 22 54 1
3 9 47 1
4 8 11 1
5 9 13 2
6 9 10 2
7 8 8 1
2 27 90 1
11 8 50 1
12 13 26 1
14 10 67 1
6 24 57 1
15 17 43 1
16 29 108 1
18 9 126 1
19 9 73 1
1 21 52 1
20 13 60 1
23 25 66 2
6 24 68 1
26 27 77 2
11 8 101 1
6 24 76 1
6 24 89 1
18 9 160 1
7 8 103 1
20 13 112 1
28 31 110 2
28 31 113 2
16 48 183 1
6 24 109 1
30 32 111 2
33 35 118 1
30 41 144 2
6 24 122 1
34 36 120 2
37 49 186 1
38 39 131 1
11 40 143 1
2 27 203 1
6 24 151 1
42 46 178 2
43 45 166 2
4 44 164 1
4 44 172 2
47 52 200 1
6 24 204 1
14 10 219 1
50 13 193 2
51 53 200 1
14 10 253 1
6 24 232 1
42 46 255 1
6 24 235 1
28 55 269 1
42 54 287 1
12 57 270 1
56 58 283 1
38 39 274 1
42 40 289 1
43 8 309 1
20 57 297 1
28 36 326 2
18 59 324 1
34 36 330 1
2 61 332 1
56 55 334 2
60 65 365 1
38 39 340 2
62 41 341 1
18 59 379 1
42 63 355 2
18 76 426 1
43 64 364 2
16 77 426 1
18 71 389 1
66 67 368 1
18 59 373 1
15 70 385 1
2 73 461 1
68 74 406 1
19 22 381 1
69 74 429 1
5 73 400 1
72 27 406 1
5 27 422 1
75 81 431 1
18 79 430 1
28 10 461 1
60 73 507 1
78 48 438 1
80 9 448 1
18 59 434 1
6 24 435 1
82 48 439 1
14 10 466 1
83 27 446 1
18 79 443 1
18 86 462 1
84 71 459 2
0 73 524 1
14 32 466 1
18 61 472 1
85 9 469 1
18 59 469 1
0 27 544 1
87 17 483 2
88 46 500 1
42 46 490 1
33 89 468 1
60 91 482 1
90 46 517 1
84 101 544 1
66 73 514 2
69 95 490 1
92 94 487 2
93 73 537 1
14 32 498 1
90 64 539 1
28 58 535 1
96 77 510 1
85 9 515 1
97 99 517 1
96 29 517 1
98 99 515 1
85 9 531 1
62 41 532 1
85 9 542 1
42 63 543 1
100 46 547 1
43 63 545 2
85 9 549 1
4 64 557 1
28 35 575 1
18 79 578 1
34 40 606 1
60 86 583 1
0 91 592 1
102 58 593 1
69 76 636 1
43 64 622 1
103 46 635 1
14 32 633 1
5 9 654 1
1 54 661 1
33 54 678 1
14 31 658 1
104 54 689 1
105 45 671 1
106 107 681 1
43 63 684 1
43 64 686 1
43 45 698 1
108 55 803 1
108 109 808 2
42 58 818 2
108 55 857 2
102 109 868 2
110 111 878 1
42 63 879 2
112 113 887 1
108 39 898 1
104 89 940 1
34 39 953 1
114 41 959 1
0 91 969 1
1 109 970 1
33 39 1006 1
30 109 1005 1
115 116 998 1
19 22 1006 1
60 86 1008 1
117 118 1034 1
0 95 1024 1
1 21 1020 1
87 119 1029 1
120 64 1035 1
121 77 1046 1
5 9 1071 1
60 91 1071 1
84 122 1073 1
28 31 1118 1
30 32 1121 1
30 36 1132 1
80 25 1125 1
72 101 1127 1
26 27 1134 1
117 118 1135 1
66 67 1135 1
56 58 1148 1
123 127 1148 1
124 128 1148 1
19 22 1146 2
125 126 1147 1
60 86 1149 1
23 74 1156 2
0 95 1163 1
129 29 1176 1
75 48 1167 1
93 119 1171 1
87 119 1176 1
129 130 1173 1
121 81 1190 1
123 131 1180 1
14 21 1194 1
123 127 1188 1
1 21 1201 1
80 101 1211 1
132 133 1209 1
28 58 1259 1
84 119 1237 1
60 134 1229 1
0 136 1236 1
135 86 1236 1
69 71 1244 1
87 119 1244 1
28 32 1253 1
26 73 1246 2
93 95 1249 1
3 133 1250 1
6 101 1259 1
33 55 1264 1
56 138 1278 1
137 76 1276 1
139 73 1289 1
2 61 1294 1
117 140 1297 1
60 86 1299 1
0 65 1323 1
121 81 1315 1
123 127 1330 1
30 32 1342 1
141 142 1371 1
26 9 1391 1
87 119 1391 2
4 64 1391 1
135 91 1399 1
84 71 1433 1
105 63 1407 1
43 45 1411 1
28 58 1450 1
23 73 1441 2
143 144 1431 1
145 146 1452 1
117 118 1455 1
137 76 1458 1
147 140 1457 1
5 9 1476 1
0 122 1462 1
124 128 1462 1
123 48 1502 1
117 118 1489 1
14 31 1500 1
30 89 1505 1
84 122 1504 1
90 35 1507 1
38 41 1525 1
16 144 1529 1
5 9 1535 1
2 61 1524 1
132 133 1526 1
60 86 1527 1
148 144 1536 1
115 118 1561 1
60 71 1552 1
149 71 1542 1
150 86 1562 1
93 153 1551 1
143 152 1548 1
151 153 1549 1
87 119 1552 1
69 95 1560 1
117 118 1555 1
132 67 1565 1
154 27 1574 1
93 95 1566 1
117 118 1568 1
16 152 1584 1
124 128 1578 1
115 140 1590 1
132 146 1604 1
2 95 1598 1
68 133 1588 1
145 9 1604 1
3 133 1586 1
129 130 1589 1
115 116 1587 1
98 99 1587 1
155 48 1634 1
92 73 1621 1
117 118 1592 1
92 94 1597 1
156 157 1594 1
84 71 1600 1
124 128 1599 1
117 118 1608 1
93 119 1611 1
158 81 1646 1
137 73 1626 2
87 133 1613 2
28 138 1648 1
68 73 1658 2
124 128 1648 1
66 94 1629 1
26 27 1627 1
159 9 1620 1
19 9 1662 1
160 95 1648 1
115 116 1633 1
30 45 1689 2
161 48 1656 1
162 163 1652 1
28 58 1691 1
121 81 1664 1
68 65 1659 1
158 29 1686 1
78 48 1676 1
15 17 1670 1
92 94 1704 1
145 9 1699 1
141 10 1697 1
4 64 1673 1
56 39 1677 2
16 116 1698 1
28 109 1707 1
75 48 1708 1
14 165 1707 1
156 140 1721 1
164 109 1714 1
56 39 1714 1
117 118 1711 1
106 10 1720 1
102 138 1718 1
135 86 1724 1
114 138 1737 2
14 142 1726 1
147 48 1783 1
11 40 1726 1
0 71 1733 2
104 36 1738 1
14 45 1788 1
28 63 1781 1
1 165 1744 1
87 119 1741 1
164 109 1770 1
166 46 1750 1
28 36 1764 2
14 142 1748 1
3 73 1801 2
4 46 1756 1
141 63 1802 1
28 36 1781 1
42 64 1783 1
38 39 1775 1
14 10 1813 1
105 44 1800 2
108 41 1797 2
43 45 1796 1
139 73 1794 2
120 64 1794 1
14 54 1839 2
114 58 1802 1
85 9 1806 2
42 40 1808 1
167 168 1825 1
28 31 1830 2
37 168 1836 1
167 168 1835 1
43 45 1835 1
30 32 1840 2
110 111 1846 1
166 46 1844 1
108 55 1855 2
120 64 1851 1
37 168 1860 1
169 170 1857 1
110 113 1869 1
108 39 1861 1
38 40 1875 2
167 113 1904 1
28 138 1899 1
112 49 1889 1
37 171 1879 1
42 46 1900 1
14 89 1887 1
167 168 1881 1
42 63 1884 1
172 49 1907 1
169 111 1902 1
90 174 1893 1
173 52 1899 1
1 55 1903 1
114 138 1901 1
42 40 1905 1
175 46 1906 2
42 63 1917 1
106 107 1914 2
14 165 1933 1
176 177 1915 1
167 168 1939 1
176 177 1926 1
43 45 1919 1
43 64 1923 1
172 49 1938 1
176 49 1934 1
18 61 1942 1
173 52 1943 1
112 113 1946 1
60 86 1947 1
62 41 1945 2
0 122 1953 1
176 49 1968 1
69 119 1969 1
169 170 1967 1
110 111 1970 1
120 45 1972 1
47 49 1976 1
3 94 1986 1
110 111 1977 1
173 52 1985 1
16 144 1996 1
145 178 1992 1
19 22 1995 1
137 9 2020 1
98 99 2001 1
141 54 2036 1
28 41 2039 1
105 54 2041 1
114 41 2042 2
179 29 2059 1
75 81 2072 1
28 55 2082 1
90 174 2071 1
1 180 2081 1
28 32 2131 1
33 35 2135 1
28 39 2159 1
34 41 2153 1
14 21 2163 1
114 138 2156 1
16 116 2205 1
14 55 2203 1
18 133 2220 1
4 44 2190 1
100 46 2212 1
156 126 2214 1
14 89 2214 1
56 109 2209 1
18 59 2217 1
114 138 2219 2
0 95 2231 1
147 77 2253 1
15 27 2256 1
43 63 2231 1
106 63 2247 1
93 67 2245 1
4 64 2240 1
92 22 2257 1
18 59 2254 1
121 81 2259 1
23 27 2276 1
150 86 2261 1
161 48 2269 1
14 63 2310 1
84 91 2269 1
149 119 2281 1
3 9 2328 1
2 61 2310 1
43 45 2316 1
84 122 2321 1
84 71 2336 1
132 119 2372 1
66 9 2389 1
135 94 2393 1
143 157 2372 1
0 91 2356 1
181 76 2372 1
149 95 2367 1
19 183 2379 1
87 119 2371 1
30 63 2417 1
16 116 2391 1
154 182 2374 1
156 126 2380 1
117 118 2376 1
23 27 2402 1
2 95 2398 1
5 25 2378 1
6 101 2383 1
154 182 2383 2
181 17 2389 1
83 27 2392 1
18 59 2398 1
19 25 2408 1
137 76 2402 1
150 134 2410 1
123 48 2436 1
68 67 2415 1
72 27 2418 1
0 91 2415 1
85 9 2415 1
84 71 2422 1
28 35 2430 1
129 130 2420 1
123 29 2435 1
93 119 2435 1
23 70 2428 1
34 39 2447 1
154 27 2448 1
3 133 2444 1
28 36 2453 1
121 48 2447 1
60 86 2442 1
66 67 2454 1
84 133 2473 1
114 138 2453 1
28 31 2455 1
145 22 2465 1
56 109 2462 1
3 185 2479 1
154 184 2494 1
66 94 2486 1
42 63 2485 1
38 138 2487 1
33 55 2496 1
19 186 2504 2
87 119 2501 1
80 27 2510 2
56 41 2507 1
28 36 2519 1
26 73 2506 2
132 65 2511 1
83 9 2512 1
84 122 2516 1
93 95 2525 1
187 70 2523 1
60 86 2530 1
80 73 2539 1
187 183 2537 1
132 67 2539 1
135 86 2538 1
60 91 2543 1
0 95 2553 1
154 9 2560 1
84 71 2549 1
92 25 2562 1
19 76 2554 1
139 101 2552 1
60 86 2564 1
154 186 2562 1
87 133 2564 1
4 64 2562 1
85 9 2571 1
92 94 2582 1
87 119 2578 1
154 182 2593 1
137 76 2593 1
80 25 2598 1
72 27 2608 1
6 101 2610 1
187 70 2605 1
3 65 2614 1
85 9 2612 1
72 101 2617 1
19 22 2617 1
159 73 2621 1
5 9 2645 1
156 126 2638 1
19 73 2659 2
117 118 2635 1
125 126 2641 1
125 126 2648 1
147 140 2648 1
124 128 2657 1
179 127 2654 1
123 48 2712 1
93 119 2678 1
87 65 2690 1
135 91 2683 1
28 32 2691 1
14 142 2690 1
28 32 2704 1
123 29 2712 1
141 180 2732 1
154 73 2728 2
121 81 2729 1
88 188 2722 1
56 180 2722 1
0 91 2723 1
72 73 2728 2
84 71 2725 1
26 27 2732 2
117 118 2730 1
92 94 2730 1
83 27 2733 1
159 9 2733 1
87 119 2730 1
161 48 2734 1
68 94 2754 1
87 95 2755 1
88 54 2750 1
187 146 2742 1
68 65 2749 1
154 9 2769 1
66 65 2752 1
66 183 2779 2
164 188 2777 1
187 70 2764 1
92 94 2766 2
120 45 2762 1
23 73 2781 1
100 46 2772 1
187 70 2793 2
28 55 2787 1
189 81 2780 1
139 9 2787 1
14 165 2797 1
72 101 2784 1
164 180 2805 1
28 32 2825 1
139 9 2827 1
172 49 2886 1
30 32 2997 1
33 -1 3000 1
