0 927.5 332 188.4 97.2
1 602 223 127.2 56.4
2 1529.5 319 205.2 90
3 1269 272 199.2 87.6
4 1418.5 293 193.2 78
5 590.5 223 138 58.8
6 1339.5 288 202.8 81.6
7 1679.5 340 200.4 87.6
8 1600 331 208.8 76.8
9 680 257 67.2 49.2
10 1904 521 74.4 133.2
11 407.5 288 171.6 159.6
12 417 283 177.6 151.2
13 676.5 224 99.6 48
14 523.5 249 82.8 66
15 1706 342 201.6 93.6
16 1908.5 712 61.2 232.8
17 576.5 268 106.8 72
18 611 285 105.6 78
19 1896.5 901 82.8 316.8
20 685 415 338.4 249.6
21 1221 658 640.8 475.2
22 1809.5 446 289.2 118.8
23 1502.5 280 200.4 54
24 1196.5 246 116.4 57.6
25 1875.5 628 140.4 153.6
26 1626.5 581 493.2 246
27 1626.5 581 493.2 246
28 708 394 84 90
29 1786.5 724 356.4 333.6
30 585.5 350 183.6 128.4
31 862.5 485 332.4 234
32 866.5 483 332.4 231.6
33 1167.5 238 154.8 55.2
34 1830.5 925 250.8 486
35 1848.5 926 195.6 488.4
36 1162.5 599 488.4 208.8
37 1828 386 256.8 121.2
38 1828 386 256.8 121.2
39 1506 210 194.4 -2.4
40 1539 428 271.2 146.4
41 1259.5 493 277.2 168
42 837.5 266 66 66
43 678 225 132 52.8
44 992 288 50.4 86.4
45 821 254 144 72
46 1047.5 417 565.2 264
47 1125.5 354 -1.2 55.2
48 1047.5 417 565.2 264
49 1877.5 483 135.6 121.2
50 1333 392 110.4 109.2
51 1593 433 398.4 180
52 733 224 112.8 57.6
53 948 280 2032.8 189.6
54 948 280 2032.8 189.6
