26 121 2 1
26 168 2 1
26 208 1 1
26 256 1 1
26 315 1 1
26 479 1 1
26 340 1 2
26 558 1 1
26 594 1 1
26 414 2 1
26 716 1 1
26 452 1 1
26 501 2 1
26 524 1 1
26 628 1 1
26 758 1 1
26 797 1 1
26 607 2 1
26 627 2 1
26 818 1 1
26 654 2 1
26 904 1 2
26 709 2 1
26 764 2 1
26 803 2 1
26 1062 1 1
26 863 2 1
26 878 2 1
26 965 2 1
26 926 2 1
26 1195 1 1
26 932 1 2
26 1022 2 1
26 1174 1 1
26 1121 2 1
26 1262 1 1
26 1140 1 1
26 1311 1 1
26 1165 2 1
26 1283 1 1
26 1341 1 1
26 1282 2 1
26 1236 1 1
26 1240 1 1
26 1303 2 1
26 1371 1 1
26 1338 2 1
26 1488 1 1
26 1424 1 1
26 1518 1 1
26 1418 2 1
26 1436 2 1
26 1454 2 1
26 1502 2 1
26 1517 2 1
26 1569 1 1
26 1590 2 1
26 1545 2 1
26 1589 2 1
26 1601 2 1
26 1677 1 1
26 1594 2 1
26 1650 2 1
26 1602 2 1
26 1605 2 1
26 1748 1 1
26 1724 2 1
26 1787 1 1
26 1774 2 1
26 1818 1 1
26 1845 2 1
26 1887 1 1
26 1919 1 1
26 2019 1 1
26 1929 1 1
26 1847 2 1
26 1992 1 1
26 2100 1 1
26 1930 2 1
26 1913 1 1
26 1958 2 1
26 2066 1 1
26 2141 1 1
26 2225 1 1
26 2010 2 1
26 2044 2 1
26 2084 2 1
26 2089 2 1
26 2216 2 1
26 2158 2 1
26 2172 2 1
26 2361 1 1
26 2247 2 1
26 2294 1 1
26 2264 2 1
26 2332 1 2
26 2347 2 1
26 2408 2 1
26 2350 2 1
26 2516 1 1
26 2499 1 1
26 2446 2 1
26 2622 1 1
26 2467 2 1
26 2575 1 1
26 2484 2 1
26 2654 1 1
26 2679 1 1
26 2562 2 1
26 2685 2 1
26 2661 2 1
26 2616 1 2
26 2618 1 2
26 2765 1 1
26 2782 1 1
26 2725 2 1
26 2754 2 1
26 2909 1 1
26 2834 1 1
26 2955 1 1
26 2882 2 1
26 2917 2 1
