0 9 20 1
1 5 5 1
2 8 371 1
3 6 394 1
3 6 6 1
4 6 14 1
2 8 18 1
4 6 66 1
7 8 26 1
4 6 28 1
1 5 35 1
7 8 38 1
4 6 38 1
7 8 42 1
2 8 50 1
4 6 45 1
7 8 65 1
4 6 54 1
4 6 66 1
2 8 74 1
10 13 121 1
3 6 85 1
2 8 79 1
4 6 103 1
2 8 85 1
4 6 96 1
7 8 107 1
4 6 129 1
7 8 172 1
4 6 120 1
11 12 113 2
10 13 168 1
2 8 115 1
4 6 136 1
2 8 130 1
4 6 171 1
2 8 138 1
14 16 208 1
10 9 186 1
11 12 160 2
14 19 256 1
4 6 244 1
2 15 190 1
4 6 191 1
2 8 206 1
1 5 195 1
4 6 245 1
2 8 208 1
14 17 231 1
2 8 245 1
18 19 315 1
4 6 311 1
4 6 252 1
4 6 269 1
2 8 274 1
4 6 293 1
7 8 291 1
11 19 479 1
2 15 363 1
4 6 311 1
20 21 340 2
11 12 322 1
4 23 377 1
4 6 462 1
11 19 558 1
14 21 376 1
11 19 594 1
7 15 340 1
11 12 340 2
7 15 353 1
22 13 414 1
4 6 371 1
11 12 377 1
11 19 716 1
7 15 387 1
3 6 483 1
2 15 394 1
2 15 428 1
4 6 452 1
7 15 405 1
4 23 407 1
2 8 421 1
14 24 452 1
2 15 433 1
2 8 558 1
10 5 501 1
11 25 524 1
2 8 453 1
3 6 462 1
2 23 518 1
3 6 730 1
4 6 482 1
10 9 534 1
11 27 628 1
4 6 527 1
7 15 493 1
2 8 551 1
7 15 504 1
11 19 758 1
7 15 535 1
22 49 1450 1
3 6 570 1
14 25 797 1
1 5 546 1
7 15 539 1
4 8 586 1
7 8 583 1
10 13 607 1
26 27 558 1
2 8 566 1
20 28 564 1
4 6 673 1
4 6 578 1
22 13 627 1
11 19 818 1
2 6 627 1
4 6 589 1
7 8 623 1
2 8 598 1
4 6 604 1
26 5 654 1
2 15 770 1
11 30 650 1
11 12 623 2
7 8 651 1
29 25 653 2
2 8 631 1
4 6 636 1
4 6 654 1
29 27 640 2
7 15 713 1
29 16 663 1
20 34 904 2
2 8 660 1
10 13 709 1
4 6 689 1
20 28 671 2
2 8 750 1
4 6 694 1
4 6 718 1
4 6 697 1
10 13 764 1
31 32 705 2
4 6 720 1
2 6 822 1
3 6 1010 1
11 30 761 1
11 12 733 2
4 6 736 1
11 12 736 2
4 6 770 1
33 19 1139 1
10 13 803 1
2 8 752 1
4 6 764 1
11 30 798 1
20 30 990 1
2 8 791 1
11 12 767 2
11 12 772 2
7 15 778 1
4 6 939 1
11 12 779 2
7 6 985 1
4 6 786 1
4 6 791 1
2 8 799 1
4 6 801 1
20 19 1062 1
2 8 813 1
10 13 863 1
4 6 806 1
4 6 811 1
4 6 816 1
7 8 909 1
10 5 878 1
2 8 832 1
4 6 824 1
4 8 839 1
4 6 846 1
33 5 965 1
2 8 841 1
2 8 845 1
4 23 848 1
4 6 853 1
2 8 864 1
4 6 866 1
4 6 873 1
11 30 908 1
10 13 926 1
4 15 891 1
4 6 891 1
10 9 933 1
4 6 906 1
7 15 931 1
4 6 913 1
35 34 943 2
20 19 1195 1
7 15 918 1
4 6 927 1
2 8 1006 1
36 21 932 2
1 5 942 1
7 15 967 1
4 6 948 1
3 6 956 1
4 6 982 1
10 13 1022 1
11 30 1026 1
2 6 1025 1
7 8 1045 1
4 6 995 1
3 6 1434 1
10 9 1038 1
11 30 1062 1
37 38 1001 2
7 8 1072 1
2 6 1141 1
4 6 1041 1
4 6 1036 1
20 34 1174 1
1 5 1045 1
11 30 1106 1
4 6 1050 1
2 8 1061 1
4 6 1081 1
10 5 1121 1
11 12 1063 2
20 30 1069 1
2 8 1071 1
4 6 1095 1
20 19 1262 1
14 16 1140 1
10 9 1128 1
2 8 1085 1
7 15 1201 1
4 6 1160 1
2 8 1097 1
20 30 1097 2
2 8 1123 1
33 30 1237 1
20 30 1101 2
20 19 1311 1
4 6 1118 1
10 39 1130 1
2 8 1185 1
26 5 1165 1
11 16 1283 1
1 5 1138 1
7 15 1144 1
4 6 1146 1
2 8 1153 1
4 23 1234 1
11 16 1341 1
3 6 1167 1
4 6 1262 1
14 5 1173 1
29 16 1230 1
4 6 1206 1
2 8 1191 1
2 8 1436 1
4 6 1240 1
7 15 1209 1
7 8 1227 1
10 13 1282 1
40 21 1236 1
7 15 1257 1
20 30 1239 1
41 21 1240 1
2 23 1255 1
2 8 1271 1
26 13 1303 1
20 19 1371 1
4 23 1263 1
2 8 1282 1
3 6 1321 1
4 6 1305 1
10 5 1338 1
7 15 1443 1
11 12 1289 1
2 8 1289 1
11 30 1328 1
2 23 1341 1
11 12 1328 1
11 19 1488 1
4 6 1329 1
4 6 1348 1
20 19 1424 1
2 8 1367 1
4 6 1355 1
4 23 1400 1
10 42 1401 1
4 8 1432 1
2 8 1383 1
11 12 1392 1
10 44 1412 1
2 8 1391 1
10 47 1418 1
11 19 1518 1
3 6 1423 1
4 6 1418 1
43 5 1418 1
31 32 1418 2
45 13 1436 1
46 48 1429 1
4 23 1431 1
0 5 1454 1
33 52 1532 1
3 6 2028 1
10 49 1448 1
4 6 1463 1
4 24 1525 1
50 5 1502 1
2 8 1507 1
4 6 1470 1
40 13 1517 1
40 51 1472 1
2 8 1485 1
11 5 1688 1
7 15 1481 1
4 6 1489 1
11 12 1493 1
11 12 1519 1
3 6 1497 1
11 17 1517 1
37 38 2013 1
2 8 1514 1
7 15 1653 1
3 6 1513 1
2 8 1604 1
20 28 1588 1
20 27 1569 1
4 6 1531 1
10 52 1590 1
43 5 1545 1
29 5 1589 1
4 6 1545 1
7 15 1544 1
10 13 1601 1
4 23 1565 1
2 8 1556 1
4 6 1557 1
11 19 1677 1
2 8 1563 1
2 8 1572 1
2 8 1587 1
4 6 1583 1
3 6 1590 1
43 13 1594 1
2 6 1641 1
4 6 1613 1
10 13 1650 1
43 13 1602 1
1 13 1605 1
2 6 1689 1
4 6 1634 1
4 6 1620 1
4 23 1633 1
3 6 1650 1
2 8 1653 1
53 54 1644 1
4 6 1652 1
2 8 1666 1
7 8 1692 1
11 19 1748 1
4 6 1662 1
11 12 1676 1
10 5 1724 1
3 6 1686 1
11 19 1787 1
4 6 1678 1
2 8 1679 1
4 6 1681 1
7 8 1781 1
2 8 1761 1
4 6 1721 1
2 8 1711 1
4 6 1721 1
2 8 1720 1
10 13 1774 1
4 6 1745 1
4 23 1731 1
3 6 1756 1
2 8 1746 1
11 16 1818 1
2 8 1753 1
4 8 1811 1
14 5 1759 1
14 17 1767 1
4 6 1780 1
4 6 1773 1
20 30 1831 2
2 8 1773 1
7 8 1792 1
11 17 1802 1
4 6 1810 1
4 6 1814 1
10 13 1845 1
7 8 1826 1
20 16 1887 1
11 25 1919 1
7 8 2017 1
2 8 1816 1
4 6 1973 1
4 8 1863 1
4 6 1839 1
2 8 1829 1
11 16 2019 1
11 12 1838 1
11 19 1929 1
4 6 1846 1
43 13 1847 1
4 6 1853 1
11 17 1879 1
4 8 1864 1
7 8 1876 1
11 12 1882 1
2 8 1908 1
2 8 1885 1
11 19 1992 1
18 16 2100 1
26 13 1930 1
2 8 1890 1
10 21 1913 1
4 6 1905 1
2 8 1968 1
41 5 1958 1
11 19 2066 1
2 23 1931 1
29 16 1948 1
1 5 1935 1
11 19 2141 1
11 12 1934 2
2 8 1955 1
11 19 2225 1
10 13 2010 1
4 8 1986 1
4 23 2007 1
2 8 1974 1
4 6 1995 1
10 54 2013 1
33 54 2041 1
2 8 1990 1
10 5 2044 1
2 54 2020 1
11 12 2311 1
3 6 2003 1
2 8 2010 1
4 6 2024 1
4 6 2021 1
22 42 2063 2
53 54 2025 1
37 38 2557 1
7 6 2096 1
2 6 2061 1
7 15 2051 1
11 17 2047 1
4 6 2108 1
2 8 2061 1
10 5 2084 1
2 8 2091 1
26 13 2089 1
53 42 2082 1
22 16 2317 1
2 6 2151 1
20 54 2172 1
45 42 2070 2
4 6 2077 1
14 17 2092 1
2 8 2081 1
4 6 2102 1
53 5 2216 1
4 6 2090 1
33 6 2102 2
53 9 2094 1
7 8 2163 1
1 5 2106 1
10 52 2158 1
3 6 2124 1
4 6 2112 1
10 5 2172 1
4 6 2573 1
4 6 2203 1
4 6 2151 1
4 6 2135 1
10 9 2180 1
11 25 2361 1
4 6 2141 1
7 8 2243 1
4 8 2219 1
4 6 2164 1
4 6 2185 1
2 8 2173 1
29 16 2185 1
2 8 2181 1
1 5 2189 1
10 13 2247 1
2 8 2199 1
4 6 2210 1
11 21 2294 1
10 13 2264 1
3 6 2226 1
4 8 2285 1
2 6 2241 1
4 6 2306 1
2 8 2298 1
4 6 2258 1
4 6 2282 1
1 5 2267 1
7 8 2368 1
4 6 2340 1
36 21 2332 2
10 13 2347 1
4 6 2362 1
2 8 2320 1
4 6 2333 1
26 19 2396 1
2 6 2365 1
4 6 2347 1
10 13 2408 1
43 13 2350 1
4 6 2355 1
11 30 2381 1
2 23 2405 1
14 16 2516 1
4 6 2381 1
7 54 2565 1
7 15 2378 1
11 30 2414 1
29 16 2411 1
20 19 2499 1
2 8 2393 1
10 13 2446 1
4 6 2395 1
7 8 2399 1
3 8 2452 1
33 54 2424 1
11 19 2622 1
2 6 2441 1
4 8 2429 1
10 13 2467 1
20 19 2575 1
53 13 2484 1
2 8 2438 1
2 8 2480 1
4 6 2493 1
2 8 2459 1
2 8 2466 1
33 54 2496 1
14 5 2580 1
4 6 2481 1
2 8 2533 1
4 8 2487 1
4 6 2494 1
53 54 2492 1
11 25 2654 1
3 6 2568 1
53 24 2507 1
26 54 2537 2
11 19 2679 1
33 54 2582 1
53 54 2512 1
4 23 2516 1
4 6 2519 1
4 8 2540 1
4 6 2532 1
0 5 2562 1
7 8 2561 1
4 6 2559 1
4 6 2568 1
37 -1 3000 1
7 8 2677 1
7 8 2668 1
4 6 2591 1
4 6 2676 1
3 6 2682 1
53 5 2685 1
4 6 2606 1
53 54 2602 2
10 13 2661 1
4 6 2611 1
36 21 2616 2
4 6 2634 1
36 21 2618 2
14 25 2765 1
11 19 2782 1
11 12 2820 1
11 12 2643 1
10 13 2725 1
11 30 2713 1
7 8 2771 1
4 6 2683 1
2 8 2689 1
3 6 2703 1
10 5 2754 1
2 8 2754 1
3 6 2865 1
11 17 2715 1
3 6 2726 1
4 6 2714 1
20 19 2909 1
18 32 2746 1
4 6 2734 1
4 6 2742 1
2 8 2737 1
11 9 2975 1
4 6 2756 1
22 27 2753 1
46 16 2834 1
26 9 2794 1
7 8 2840 1
4 6 2764 1
4 6 2845 1
2 8 2802 1
4 6 2768 1
4 6 2776 1
4 8 2785 1
11 -1 3000 1
1 5 2803 1
4 6 2817 1
11 19 2955 1
4 6 2809 1
11 30 2852 1
7 15 2878 1
11 12 2833 2
10 13 2882 1
2 8 2842 1
4 6 2871 1
20 -1 3000 1
4 6 2855 1
3 -1 3000 1
29 5 2917 1
2 8 2863 1
4 6 2875 1
2 8 2927 1
2 23 2867 1
4 6 2891 1
2 8 2887 1
4 6 2913 1
7 -1 3000 1
4 8 2962 1
2 8 2918 1
4 6 2924 1
4 6 2957 1
4 23 2976 1
10 -1 3000 1
10 -1 3000 1
2 23 2972 1
4 -1 3000 1
11 -1 3000 1
1 5 2985 1
4 6 2991 1
4 6 2979 1
4 -1 3000 1
53 -1 3000 1
