0 835 695 564 289.2
1 712.5 334 128.4 123.6
2 544.5 340 133.2 153.6
3 1897 926 91.2 382.8
4 696.5 184 78 68.4
5 3 562 7.2 229.2
6 11.5 327 27.6 34.8
7 652.5 186 104.4 37.2
8 281.5 303 80.4 32.4
9 642 196 93.6 45.6
10 1296.5 334 176.4 121.2
11 1283.5 341 169.2 129.6
12 1867 563 151.2 398.4
13 1071.5 192 78 61.2
14 1631 397 338.4 312
15 1631 397 338.4 312
16 618 262 88.8 72
17 608 228 98.4 62.4
18 246.5 301 104.4 52.8
19 1338 265 139.2 207.6
20 589.5 277 121.2 102
21 8.5 314 20.4 42
22 1225 220 127.2 164.4
23 1225 220 127.2 164.4
24 544 334 122.4 90
25 9.5 462 22.8 134.4
26 15.5 1128 37.2 462
27 611 621 228 237.6
28 334 1116 590.4 264
29 779.5 189 78 50.4
30 1140.5 201 147.6 148.8
31 751.5 236 99.6 44.4
32 751.5 236 99.6 44.4
33 754 192 72 34.8
34 1789 1097 350.4 139.2
35 837.5 186 61.2 43.2
36 706 263 129.6 45.6
37 1705.5 1084 550.8 344.4
38 1633.5 952 553.2 342
39 862.5 197 87.6 62.4
40 885.5 275 99.6 138
41 -4 315 -9.6 34.8
42 885.5 258 99.6 99.6
43 888 194 93.6 37.2
44 473.5 343 157.2 112.8
45 1110 192 72 38.4
46 1633 908 523.2 294
47 53 687 127.2 180
48 1931 506 31.2 194.4
49 1920.5 363 34.8 90
50 1902 355 79.2 80.4
51 1920.5 363 34.8 90
52 21.5 545 51.6 200.4
53 897.5 433 493.2 134.4
54 765.5 450 536.4 187.2
55 -24.5 508 -58.8 144
56 9 495 21.6 164.4
57 -18 572 -43.2 188.4
58 740 194 72 33.6
59 943 352 192 122.4
60 749.5 272 94.8 74.4
61 1904.5 452 70.8 144
62 599.5 469 166.8 52.8
63 288 568 237.6 211.2
64 278.5 619 289.2 277.2
65 103.5 854 248.4 349.2
66 108.5 815 260.4 384
67 1913.5 607 51.6 187.2
68 1109.5 220 82.8 74.4
69 29.5 1041 70.8 352.8
70 -12 516 -28.8 122.4
71 1948 476 -31.2 187.2
72 1949.5 501 18 172.8
73 -34.5 583 -82.8 196.8
74 -20 586 -48 187.2
75 -18 579 -43.2 183.6
76 617.5 212 99.6 39.6
77 1793.5 776 339.6 405.6
78 1380 425 225.6 160.8
