0 5 23 1
1 28 162 1
2 26 147 1
2 25 143 1
3 11 55 1
4 9 107 1
6 8 46 1
7 9 50 1
3 13 116 1
10 11 59 2
10 13 85 1
12 30 171 2
3 13 133 1
14 15 90 2
14 15 95 2
3 13 147 1
16 20 130 1
14 19 123 2
16 17 117 1
14 15 113 2
10 11 122 1
18 21 134 1
16 24 144 1
14 15 123 2
3 13 167 1
2 20 136 1
2 28 180 2
22 23 141 2
2 24 142 1
0 27 149 1
2 24 150 1
2 24 152 1
29 36 190 1
31 32 177 1
29 33 177 1
34 37 337 2
31 32 182 1
35 48 921 1
1 28 208 1
4 26 235 1
34 37 198 2
38 37 230 1
35 39 236 1
18 41 240 1
4 44 269 1
38 13 275 1
34 37 245 2
40 42 247 2
40 39 260 1
43 39 259 1
34 37 258 2
38 37 269 1
2 28 285 2
38 37 280 1
43 39 279 1
38 37 282 1
29 28 333 1
12 30 334 1
38 37 311 1
4 26 352 1
38 13 357 1
34 37 444 2
43 39 324 1
12 30 362 1
43 39 335 1
12 30 373 1
45 30 347 1
3 13 385 1
38 37 358 1
10 30 371 2
38 37 365 1
43 39 373 1
38 13 414 1
38 37 387 1
43 39 390 1
38 37 397 1
7 28 440 1
43 39 417 1
38 37 437 1
38 13 476 1
34 46 522 2
7 28 481 1
43 39 450 1
38 37 458 1
38 37 467 1
38 37 482 1
4 25 532 1
38 37 488 1
38 37 490 1
7 9 498 1
38 37 511 1
34 46 669 2
12 30 548 1
43 39 526 1
4 26 1007 1
29 28 1016 1
38 46 540 1
29 33 554 1
12 30 641 1
38 46 562 1
43 39 568 1
38 46 573 1
31 32 568 1
43 39 575 1
38 46 590 1
47 48 617 1
43 39 606 1
38 46 604 1
43 39 618 1
38 46 623 1
12 25 674 1
43 39 630 1
38 46 642 1
35 39 659 1
43 39 906 1
12 52 691 1
38 46 650 1
38 46 657 1
4 64 1018 1
43 39 680 1
38 46 660 1
49 51 663 1
50 13 715 1
34 46 711 2
38 46 685 1
49 54 712 2
34 37 699 1
34 57 890 2
53 55 726 2
38 46 723 1
38 37 742 1
47 30 823 1
49 52 759 2
16 20 752 1
38 46 762 1
56 25 758 1
38 46 795 1
34 37 802 2
38 46 829 1
38 46 843 1
40 48 944 1
43 61 989 1
4 9 933 1
40 42 913 1
40 42 922 1
40 48 959 1
40 42 927 1
4 32 975 1
58 33 946 1
40 59 955 1
58 33 950 1
31 36 971 1
31 32 963 1
18 21 979 1
60 28 1024 2
31 32 969 1
62 54 1001 1
63 28 1031 1
6 8 1040 1
4 24 1088 2
18 21 1076 1
2 66 1107 2
34 73 1873 1
65 66 1107 2
65 66 1104 2
38 13 1150 1
12 67 1119 1
12 30 1151 1
4 28 1176 1
38 13 1174 1
4 26 1188 1
7 9 1156 1
18 21 1204 1
4 9 1232 1
29 28 1268 1
16 26 1259 1
49 30 1282 1
68 13 1297 1
12 30 1309 1
38 30 1322 1
45 13 1324 1
4 9 1332 1
16 26 1356 1
4 64 1372 1
12 30 1372 1
18 21 1359 1
69 26 1371 1
4 25 1501 1
18 21 1419 1
49 28 1489 1
35 72 1875 1
14 70 1475 1
35 42 1515 1
43 39 1507 1
47 48 1586 1
47 71 1602 1
12 61 1584 1
47 48 1618 1
47 48 1637 1
47 48 1656 2
50 30 1713 1
50 30 1734 1
47 48 1715 1
40 42 1724 1
47 48 1746 1
40 42 1742 1
4 24 1889 1
40 42 1818 1
49 30 1823 1
49 51 1766 1
47 72 1795 2
10 19 1791 2
4 17 1870 1
40 61 1905 1
40 42 1833 1
34 74 1890 1
16 20 1997 1
34 75 1917 1
4 17 1922 1
2 24 1905 2
2 24 1936 1
38 5 1935 1
4 17 1974 1
16 17 1918 1
2 24 1922 2
2 24 1928 2
76 17 1932 1
2 24 1988 2
2 24 1938 1
76 17 1942 1
2 24 1948 1
76 17 1954 1
3 46 1970 1
76 17 1957 1
29 -1 1997 1
77 78 1987 2
2 24 1974 1
14 -1 1997 2
34 -1 1997 1
12 67 1989 1
2 -1 1997 1
12 -1 1997 1
2 -1 1997 2
76 17 1997 1
