0 279.5 364 169.2 82.8
1 231.5 542 181.2 69.6
2 210.5 304 70.8 36
3 173 306 48 36
4 210.5 304 70.8 36
5 853 205 40.8 27.6
6 31 337 74.4 46.8
7 110 381 132 49.2
8 921 189 26.4 22.8
9 1018 203 28.8 25.2
10 921 189 26.4 22.8
11 1018 203 28.8 25.2
12 1041 198 26.4 16.8
13 696.5 313 32.4 30
14 823 207 40.8 25.2
15 1045.5 198 27.6 19.2
16 1230 586 144 88.8
17 695.5 294 34.8 14.4
18 695 316 28.8 33.6
19 133 525 223.2 79.2
20 584.5 244 37.2 25.2
21 863.5 244 27.6 26.4
22 266 276 33.6 15.6
23 584.5 244 37.2 25.2
24 266 276 33.6 15.6
25 459.5 260 32.4 27.6
26 459.5 260 32.4 27.6
27 378 274 36 27.6
28 378 274 36 27.6
29 924 219 40.8 22.8
30 924 219 40.8 22.8
31 718 223 40.8 19.2
32 125.5 313 44.4 32.4
33 718 223 40.8 19.2
34 125.5 313 44.4 32.4
35 990.5 203 30 20.4
36 1062 189 43.2 24
37 959 221 36 27.6
38 952 186 40.8 24
39 1250 493 62.4 66
40 945 186 31.2 27.6
41 973.5 184 25.2 25.2
42 973.5 184 25.2 25.2
43 1065.5 475 181.2 103.2
44 873.5 205 37.2 27.6
45 1065.5 475 181.2 103.2
46 903 232 31.2 20.4
47 779.5 219 39.6 25.2
48 785 214 48 24
49 901 198 36 22.8
50 886 198 40.8 30
51 173 308 117.6 44.4
52 399.5 272 37.2 27.6
53 399.5 272 37.2 27.6
54 230 407 463.2 188.4
55 738 286 60 86.4
56 738 286 60 86.4
57 693 222 72 27.6
58 619.5 239 63.6 38.4
59 836 256 81.6 73.2
60 947.5 170 30 21.6
61 946 170 33.6 24
62 672 226 55.2 39.6
63 1011.5 230 44.4 36
64 1058 214 43.2 25.2
65 801 219 40.8 22.8
66 678 237 40.8 24
67 855 214 40.8 34.8
68 509 256 48 27.6
69 501 244 52.8 21.6
70 700 233 48 25.2
71 335 253 36 16.8
72 335 253 36 16.8
73 898 223 43.2 30
74 1070.5 223 37.2 21.6
75 773 262 50.4 34.8
76 76 326 129.6 56.4
77 958 203 43.2 25.2
78 746 221 40.8 25.2
79 622.5 239 61.2 28.8
80 795 251 151.2 78
81 210 284 64.8 22.8
82 298 287 96 42
83 272 357 216 80.4
84 967 216 69.6 57.6
85 1051.5 216 44.4 24
86 809.5 208 46.8 28.8
87 833 204 55.2 45.6
88 878 249 43.2 24
89 1033.5 213 42 20.4
90 429 267 48 38.4
91 739 219 112.8 51.6
92 312 288 225.6 82.8
93 482.5 320 44.4 40.8
94 482.5 320 44.4 40.8
95 695 297 36 16.8
96 478 259 122.4 70.8
97 938 239 52.8 32.4
98 1198 489 180 105.6
99 1198 489 180 105.6
100 919.5 173 37.2 27.6
101 885.5 235 44.4 30
102 919.5 173 37.2 27.6
103 953.5 440 118.8 68.4
104 920 438 115.2 66
105 828.5 422 114 58.8
106 828.5 422 114 58.8
107 78 385 55.2 67.2
108 725.5 414 114 70.8
109 726 410 103.2 66
110 544 300 67.2 69.6
111 622.5 276 63.6 60
112 505 305 136.8 81.6
113 614 277 141.6 69.6
114 691.5 275 46.8 24
115 675 274 48 30
116 556.5 253 37.2 27.6
117 350.5 283 44.4 27.6
118 659.5 403 114 72
119 426 332 48 36
120 872 244 40.8 25.2
121 387.5 323 44.4 63.6
122 900.5 252 44.4 31.2
123 576.5 380 135.6 68.4
124 591.5 376 82.8 55.2
125 675 297 55.2 40.8
126 1010 228 40.8 27.6
127 575 316 67.2 50.4
128 559.5 237 73.2 21.6
129 559.5 237 73.2 21.6
130 468 351 319.2 109.2
131 491.5 274 58.8 27.6
132 1150.5 332 51.6 22.8
133 1150.5 332 51.6 22.8
134 584.5 300 44.4 36
135 156 379 374.4 141.6
136 901 214 60 38.4
137 620.5 205 80.4 19.2
138 503 297 48 32.4
139 706 258 40.8 38.4
140 706 258 40.8 38.4
141 995 207 40.8 36
142 672 203 40.8 20.4
143 672 203 40.8 20.4
