3 65 2 1
3 31 4 1
3 10 1 1
3 59 1 1
3 30 2 1
3 78 1 1
3 80 4 1
3 80 2 1
3 96 2 1
3 121 2 1
3 185 1 1
3 205 1 1
3 186 2 1
3 246 1 1
3 287 1 1
3 326 1 1
3 356 1 1
3 331 2 1
3 378 4 1
3 400 1 1
3 425 1 1
3 413 1 1
3 427 2 1
3 416 2 1
3 423 1 1
3 459 2 1
3 495 4 1
3 468 2 1
3 476 1 1
3 481 1 1
3 597 2 1
3 637 1 1
3 715 1 1
3 771 1 1
3 792 1 2
3 788 2 1
3 896 1 1
3 969 1 1
3 949 1 2
3 946 2 1
3 948 1 1
3 957 2 1
3 987 1 1
3 1032 1 1
3 1057 4 1
3 1104 1 1
3 1076 2 1
3 1167 1 2
3 1173 2 1
3 1179 1 2
3 1197 2 1
3 1217 1 1
3 1175 2 1
3 1187 2 1
3 1224 1 1
3 1225 2 1
3 1217 2 1
3 1256 2 1
3 1249 1 2
3 1243 1 1
3 1265 1 1
3 1279 1 1
3 1352 1 1
3 1323 3 1
3 1315 2 1
3 1308 2 1
3 1357 1 1
3 1361 2 1
3 1361 2 1
3 1383 2 1
3 1413 1 1
3 1425 2 1
3 1408 2 1
3 1441 2 1
3 1497 1 1
3 1513 1 1
3 1485 4 1
3 1513 4 1
3 1513 2 1
3 1528 1 1
3 1622 2 1
3 1708 4 1
3 1745 1 1
3 1798 4 1
3 1796 1 1
3 1812 1 1
3 1806 2 1
3 1834 1 1
3 1899 1 1
3 2048 1 1
3 2021 1 2
3 2019 4 1
3 2014 1 1
3 2111 1 1
3 2034 1 1
3 2067 1 1
3 2063 2 1
3 2099 1 1
3 2121 1 1
3 2188 2 1
3 2255 4 1
3 2273 4 1
3 2256 2 1
3 2266 2 1
3 2311 1 1
3 2278 1 1
3 2296 2 1
3 2389 4 1
3 2370 2 1
3 2480 4 1
3 2468 1 1
3 2498 4 1
3 2560 1 2
3 2556 2 1
3 2555 4 1
3 2528 1 1
3 2548 1 2
3 2586 1 1
3 2579 4 1
3 2571 1 1
3 2601 1 1
3 2559 1 1
3 2568 2 1
3 2633 2 1
3 2645 1 1
3 2688 1 1
3 2667 1 1
3 2720 1 1
3 2701 1 1
3 2697 2 1
3 2701 1 1
3 2759 1 1
3 2738 2 1
3 2808 1 1
3 2760 2 1
3 2869 1 1
3 2860 1 1
3 2888 1 1
3 2926 1 1
3 2954 1 1