0 15 65 1
1 16 31 1
2 4 1 1
3 6 10 1
5 6 59 1
7 21 48 1
8 10 16 1
9 11 18 1
7 21 62 1
12 15 30 1
13 17 33 1
14 6 78 1
13 18 34 1
19 16 80 1
13 18 42 1
7 37 97 1
20 23 50 1
22 24 52 1
25 26 57 1
27 28 61 1
22 24 63 1
29 30 67 1
9 15 80 1
22 24 69 1
31 33 70 1
32 34 71 1
13 18 71 1
35 36 96 1
13 17 78 1
35 36 121 1
38 40 113 1
7 46 153 1
39 59 297 1
41 42 116 1
13 18 121 1
43 45 125 2
44 6 185 1
38 40 125 1
41 42 148 1
14 48 158 1
41 42 155 1
47 6 205 1
35 36 186 1
22 24 171 1
49 50 178 1
2 51 178 1
22 24 180 1
25 26 182 1
52 53 185 1
14 26 224 1
27 28 186 1
13 17 189 1
41 57 244 1
13 17 211 1
54 59 261 2
13 17 238 1
13 17 222 1
25 28 228 1
38 -1 272 1
41 40 241 1
3 6 246 1
8 10 241 1
55 56 243 1
58 6 287 1
41 42 250 1
39 21 566 1
47 33 272 1
22 24 270 1
13 18 273 1
60 61 274 1
31 6 312 1
13 18 275 1
14 48 282 1
8 50 285 1
22 24 282 1
47 6 326 1
13 18 283 1
5 51 333 2
41 40 298 1
22 24 298 1
47 48 298 2
49 6 356 1
13 18 307 1
22 24 313 1
62 57 307 1
41 40 334 1
63 64 331 1
19 16 378 1
13 18 334 1
41 40 367 1
41 42 340 1
49 50 340 1
13 18 347 1
65 33 361 1
5 48 362 1
8 10 355 1
31 66 366 1
47 69 387 1
7 56 392 1
7 59 410 1
44 69 402 1
62 6 400 1
49 67 377 1
5 76 425 1
49 50 378 1
44 50 379 1
13 18 387 1
22 24 387 1
7 75 422 1
68 6 413 1
55 21 400 1
70 57 390 1
13 18 397 1
71 72 392 1
22 24 398 1
22 24 405 1
32 34 405 1
41 42 408 1
22 24 408 1
38 40 415 1
63 64 427 1
73 46 416 1
74 64 416 1
3 6 423 1
49 57 447 1
7 75 457 1
55 21 432 1
29 77 427 1
2 4 420 1
7 56 457 2
65 48 439 1
9 36 459 1
73 46 441 1
78 33 446 1
70 79 448 1
19 16 495 1
68 81 468 1
9 15 468 1
13 18 456 1
20 82 469 1
7 59 494 1
55 56 459 2
7 59 505 2
80 59 471 2
54 83 469 2
32 6 476 1
2 6 481 1
29 37 487 1
13 18 498 1
80 59 499 1
7 21 545 1
13 18 529 1
84 37 525 1
13 18 562 1
0 59 618 2
5 33 599 1
85 64 597 1
58 6 637 1
13 18 639 1
5 86 671 1
65 33 678 1
78 57 683 1
70 6 715 1
41 42 685 1
38 40 694 1
68 26 696 1
52 53 697 1
5 6 771 1
41 42 731 1
38 50 747 1
7 88 769 1
13 18 740 1
44 87 752 1
13 18 755 1
14 76 792 2
22 24 757 1
47 79 766 1
63 89 788 1
41 6 896 1
60 61 876 1
38 48 902 1
41 6 969 1
7 46 921 1
39 113 1429 1
13 18 908 1
65 76 949 2
7 21 929 1
41 42 909 1
31 23 919 1
38 40 917 1
8 10 920 1
84 37 930 1
49 50 927 1
35 36 946 1
29 37 936 1
14 53 969 1
32 6 948 1
35 36 957 1
38 40 969 1
8 10 972 1
90 6 987 1
14 86 987 1
65 86 988 1
47 91 995 1
31 26 1015 2
62 6 1032 1
41 40 1013 1
58 23 1005 1
8 10 1018 1
19 16 1057 1
49 50 1022 1
7 21 1052 1
92 51 1030 2
44 50 1079 1
41 40 1038 1
13 18 1031 1
5 6 1104 1
13 18 1068 1
12 15 1076 1
7 88 1143 1
5 67 1108 1
65 86 1160 2
93 94 1121 1
70 57 1127 2
54 46 1163 1
62 79 1130 2
13 18 1129 1
58 96 1144 2
20 23 1133 1
13 18 1138 1
7 101 1182 1
95 17 1143 1
13 18 1145 1
25 26 1141 1
41 42 1143 1
84 97 1147 1
41 42 1150 1
13 18 1149 1
7 21 1190 1
41 50 1192 1
38 10 1160 1
92 6 1167 2
63 64 1173 1
60 61 1179 1
44 50 1166 1
3 76 1179 2
39 108 1240 2
84 36 1197 1
5 6 1217 1
98 99 1174 2
74 64 1175 1
8 67 1186 1
100 102 1182 1
54 21 1221 1
74 64 1187 1
14 86 1192 1
65 76 1224 1
44 94 1240 2
84 37 1190 1
73 37 1201 1
84 77 1195 1
103 104 1197 2
5 69 1223 1
35 36 1225 1
35 15 1217 1
105 106 1205 2
38 40 1213 1
13 18 1216 1
95 17 1211 1
105 108 1231 2
90 96 1215 1
49 50 1220 1
7 83 1230 2
7 107 1221 1
73 46 1224 1
14 23 1242 1
8 50 1230 1
0 83 1226 2
7 59 1263 1
84 36 1256 1
109 108 1339 2
93 112 1239 1
80 59 1237 1
14 48 1244 1
110 113 1244 1
92 76 1249 2
41 42 1273 1
32 76 1243 1
111 114 1247 1
47 48 1246 1
109 108 1248 2
78 56 1253 1
58 79 1245 1
68 6 1265 1
62 79 1247 1
111 113 1253 1
7 21 1286 1
55 56 1249 1
62 57 1249 1
115 114 1251 1
58 79 1256 1
109 108 1269 2
31 91 1252 1
58 6 1279 1
80 59 1256 1
116 113 1256 1
68 26 1262 1
90 96 1262 1
54 21 1294 1
92 117 1265 1
118 124 1423 2
54 119 1275 1
93 94 1276 1
110 112 1278 1
38 40 1281 1
8 10 1289 1
55 56 1287 1
41 42 1294 1
49 50 1292 1
120 88 1295 1
54 97 1336 1
44 6 1352 1
7 21 1337 1
9 64 1323 1
49 50 1309 1
63 64 1315 1
74 64 1308 1
13 18 1317 1
5 86 1319 1
54 21 1359 1
65 48 1321 1
7 21 1352 1
47 66 1329 1
111 113 1322 1
70 6 1357 1
13 18 1333 1
58 79 1334 1
38 40 1337 1
13 18 1339 1
109 108 1380 2
63 64 1361 1
35 15 1361 1
7 46 1397 1
5 53 1395 1
35 36 1383 1
54 122 1411 1
9 11 1382 1
7 101 1422 2
109 108 1397 2
13 18 1395 1
0 83 1394 2
92 121 1393 1
54 112 1395 2
92 82 1400 1
13 18 1403 1
92 6 1413 1
110 112 1399 1
118 124 1429 1
111 113 1401 1
63 64 1425 1
74 64 1408 1
22 24 1412 1
41 30 1432 1
38 40 1418 1
13 18 1419 1
123 124 1424 1
63 126 1425 1
123 113 1459 1
125 101 1453 1
85 64 1441 1
49 6 1497 1
13 18 1436 1
8 6 1513 1
13 18 1441 1
19 16 1485 1
13 18 1448 1
110 127 1447 1
39 59 1766 1
111 56 1466 1
125 113 1451 1
55 75 1472 1
55 56 1461 1
80 59 1474 1
19 16 1513 1
80 59 1477 1
9 11 1475 1
80 59 1479 1
14 53 1515 1
128 129 1487 1
9 15 1513 1
7 67 1545 1
7 107 1503 1
0 83 1508 1
65 79 1526 1
92 76 1528 1
54 112 1521 1
110 112 1521 1
110 113 1521 1
20 23 1523 1
54 21 1570 2
20 53 1539 1
115 114 1531 1
70 91 1529 1
55 21 1539 1
2 34 1550 1
7 21 1593 2
7 21 1594 1
110 113 1578 1
13 18 1584 1
14 87 1590 1
35 15 1622 1
63 126 1612 1
54 59 1653 1
13 18 1628 1
41 42 1662 1
13 18 1640 1
7 59 1684 2
13 18 1650 1
19 99 1708 1
54 130 1661 1
54 94 1665 1
13 18 1664 1
58 79 1666 1
125 113 1666 1
111 113 1671 1
13 18 1667 1
38 40 1668 1
111 75 1679 1
80 59 1680 1
8 10 1677 1
80 59 1675 1
5 6 1745 1
13 18 1705 1
128 69 1710 1
13 18 1735 1
41 42 1738 1
131 96 1734 1
13 18 1742 1
13 18 1747 1
49 50 1749 1
19 16 1798 1
41 42 1752 1
13 18 1755 1
65 6 1796 1
13 18 1759 1
13 18 1769 1
49 67 1772 1
14 87 1778 1
65 48 1781 1
49 50 1776 1
47 91 1783 1
78 91 1784 1
22 24 1784 1
31 66 1788 1
5 67 1784 1
62 23 1792 1
58 79 1790 1
14 117 1821 1
58 6 1812 1
116 113 1792 1
63 64 1806 1
132 133 1794 1
68 96 1794 1
52 53 1798 1
92 82 1801 1
32 34 1807 1
54 76 1808 1
92 6 1834 1
32 34 1828 1
65 6 1899 1
7 21 1905 1
54 121 1883 1
93 112 1889 1
22 24 1887 1
110 127 1891 1
134 113 1893 1
13 18 1894 1
115 114 1895 1
41 40 1967 1
38 96 1992 1
60 61 1917 1
38 40 1925 1
49 50 1946 1
44 67 1954 1
38 40 1951 1
47 48 1960 2
14 86 1959 1
49 50 1961 1
78 57 1968 2
8 6 2048 1
62 6 2021 2
65 33 1980 1
19 16 2019 1
41 42 2002 1
68 96 1997 1
7 101 2032 1
90 96 1998 1
38 40 2009 1
32 6 2014 1
92 82 2014 2
41 6 2111 1
14 48 2025 1
49 50 2029 1
3 6 2034 1
47 57 2033 1
22 24 2029 1
70 6 2067 1
5 79 2058 1
41 42 2040 1
38 40 2046 1
84 37 2040 1
39 21 2267 1
35 36 2063 1
22 24 2044 1
49 50 2058 1
58 23 2062 1
20 6 2099 1
5 4 2110 1
54 21 2099 1
22 24 2092 1
22 24 2106 1
7 135 2113 2
7 119 2114 2
3 6 2121 1
0 127 2124 2
93 75 2135 2
111 113 2131 1
80 91 2134 1
7 88 2166 1
115 56 2138 1
55 75 2140 1
80 75 2138 1
80 59 2143 1
49 50 2141 1
41 42 2149 1
80 91 2149 1
7 21 2192 2
7 135 2160 1
35 15 2188 1
7 135 2194 1
54 46 2227 1
73 136 2196 1
7 59 2233 1
22 24 2214 1
41 42 2219 1
19 16 2255 1
111 113 2221 1
80 59 2235 1
38 40 2232 1
19 16 2273 1
14 66 2250 1
35 36 2256 1
29 77 2246 1
49 50 2248 1
35 11 2253 1
62 23 2255 1
9 36 2266 1
20 96 2261 1
5 6 2311 1
68 6 2278 1
22 24 2264 1
120 88 2268 1
63 126 2286 1
85 64 2296 1
7 113 2328 1
22 24 2308 1
111 21 2344 1
38 40 2340 1
19 16 2389 1
49 50 2349 1
14 79 2374 1
9 15 2370 1
7 83 2372 1
65 23 2380 2
62 79 2372 2
0 59 2397 2
128 129 2377 1
54 75 2411 2
116 113 2383 2
93 112 2392 2
41 42 2396 1
92 82 2398 1
38 40 2406 1
19 16 2480 1
14 6 2468 1
7 21 2463 1
38 51 2534 2
22 24 2457 1
49 136 2456 1
19 99 2498 1
41 42 2467 1
38 40 2460 1
22 24 2468 1
41 42 2472 1
49 50 2466 1
7 21 2507 1
38 76 2560 2
41 50 2551 1
22 24 2479 1
5 86 2487 1
9 11 2482 1
31 6 2534 2
41 42 2486 1
7 36 2556 1
22 24 2489 1
78 23 2509 1
41 42 2506 1
65 79 2520 1
49 50 2500 1
58 113 2501 2
38 40 2516 1
19 16 2555 1
7 21 2545 1
5 86 2518 1
20 96 2517 2
22 24 2514 1
92 6 2528 1
49 50 2524 1
65 91 2525 1
8 91 2547 1
44 86 2532 1
78 91 2527 1
90 6 2548 2
9 11 2525 1
78 66 2534 1
80 67 2524 1
70 33 2529 1
62 79 2536 1
65 6 2586 1
19 16 2579 1
58 6 2571 1
20 23 2536 1
22 24 2541 1
68 96 2543 1
41 42 2552 1
49 50 2549 1
78 6 2601 1
5 48 2564 1
52 53 2549 1
38 40 2560 1
5 87 2556 1
32 6 2559 1
14 81 2608 1
19 -1 2607 1
2 4 2558 1
8 96 2617 1
35 15 2568 1
7 21 2602 1
78 51 2607 1
54 76 2564 1
22 24 2570 1
31 33 2568 1
41 42 2573 1
22 24 2580 1
38 40 2586 1
54 21 2620 1
8 10 2590 1
22 24 2598 1
49 50 2598 1
39 21 2709 1
120 122 2605 1
5 66 2625 1
7 135 2604 2
41 42 2612 1
0 83 2650 2
0 83 2609 1
54 94 2617 1
63 64 2633 1
38 40 2621 1
110 75 2632 1
111 113 2625 1
92 6 2645 1
49 50 2632 1
22 24 2629 1
116 117 2648 1
22 24 2633 1
38 40 2638 1
5 67 2635 1
41 40 2652 1
54 59 2671 1
22 24 2648 1
47 6 2688 1
92 6 2667 1
84 37 2651 1
5 79 2674 1
93 94 2653 1
93 112 2654 1
49 50 2658 1
22 24 2655 1
110 112 2655 1
44 67 2660 1
134 127 2657 1
5 91 2670 1
22 24 2674 1
111 113 2659 1
111 113 2659 1
14 79 2680 1
7 113 2693 2
78 117 2692 2
80 21 2674 1
5 6 2720 1
62 23 2681 1
20 69 2681 1
62 137 2680 1
68 6 2701 1
116 113 2683 1
13 18 2683 1
22 24 2690 1
131 96 2684 1
7 37 2736 1
138 112 2684 1
90 107 2706 2
134 113 2687 1
115 101 2709 1
63 64 2697 1
41 42 2692 1
92 6 2701 1
139 140 2695 1
38 40 2698 1
55 59 2704 1
22 24 2702 1
49 50 2708 1
22 24 2709 1
5 86 2717 1
73 30 2716 1
65 66 2728 1
84 77 2718 1
22 24 2719 1
84 97 2719 1
35 141 2724 1
62 6 2759 1
9 15 2738 1
41 6 2808 1
63 126 2738 1
35 15 2760 1
22 24 2746 1
22 24 2758 1
41 50 2802 1
142 143 2779 1
41 42 2808 1
44 129 2833 1
38 40 2809 1
8 50 2820 1
44 6 2869 1
47 53 2846 1
49 50 2828 1
20 6 2860 1
5 6 2888 1
41 50 2866 1
92 82 2853 1
2 4 2856 1
32 34 2858 1
41 42 2889 1
44 6 2926 1
22 24 2867 1
54 59 2903 1
22 24 2874 1
22 24 2886 1
41 40 2900 1
38 50 2910 1
38 10 2906 1
44 -1 2961 1
7 21 2955 1
22 24 2923 1
63 126 2920 1
41 40 2938 1
7 -1 2961 1
62 6 2954 1
70 66 2932 1
22 24 2931 1
41 42 2947 1
8 50 2950 1
22 24 2944 1
38 40 2953 1
22 24 2951 1
44 -1 2961 1
41 42 2950 1
7 -1 2961 1
38 -1 2960 1
22 -1 2961 1
49 -1 2961 1
