0 852 315 117.6 50.4
1 766 363 81.6 66
2 668.5 302 114 54
3 1310 232 50.4 61.2
4 27 423 64.8 56.4
5 1271 467 60 50.4
6 53.5 463 128.4 66
7 1282 246 62.4 55.2
8 1240.5 243 157.2 49.2
9 525.5 391 66 64.8
10 525.5 391 66 64.8
11 645.5 368 58.8 63.6
12 645.5 368 58.8 63.6
13 894 327 417.6 124.8
14 1075 231 69.6 32.4
15 1231 254 156 124.8
16 963 257 96 38.4
17 881.5 271 99.6 39.6
18 1042.5 243 102 42
19 801.5 287 99.6 42
20 920.5 261 99.6 37.2
21 579.5 325 106.8 42
22 484 342 115.2 40.8
23 595 319 100.8 38.4
24 532 332 103.2 40.8
25 431 353 115.2 44.4
26 1110 226 103.2 43.2
27 1233.5 204 128.4 44.4
28 1148 217 100.8 48
29 72 481 172.8 108
30 595 375 136.8 88.8
31 430.5 394 73.2 39.6
32 430.5 394 73.2 39.6
33 675 360 76.8 50.4
34 215 434 124.8 58.8
35 747 294 103.2 37.2
36 191.5 436 135.6 55.2
37 676 347 67.2 36
38 1128 279 120 84
39 261 382 124.8 45.6
40 110.5 408 140.4 43.2
41 248.5 384 133.2 49.2
42 65 418 156 62.4
43 147.5 405 282 122.4
44 915 316 115.2 49.2
45 362.5 441 303.6 153.6
46 1011.5 302 58.8 74.4
47 1197.5 270 123.6 52.8
48 667 305 98.4 45.6
49 399.5 356 87.6 42
50 349 363 98.4 40.8
51 1112 282 69.6 58.8
52 1275.5 190 49.2 39.6
53 15 418 36 26.4
54 32 519 76.8 62.4
55 162 507 201.6 62.4
56 602.5 481 73.2 45.6
57 139.5 444 135.6 55.2
58 602.5 481 73.2 45.6
59 1172 467 124.8 67.2
60 1280.5 477 37.2 96
61 1018 244 103.2 44.4
62 338 360 52.8 24
63 282 480 547.2 168
64 198 392 115.2 40.8
65 853 264 55.2 22.8
66 679.5 384 406.8 176.4
67 951.5 242 106.8 42
68 1069 289 122.4 56.4
69 679.5 392 51.6 28.8
70 209 482 501.6 153.6
71 721 356 115.2 56.4
72 867 462 103.2 64.8
73 904 464 67.2 68.4
74 1028 466 103.2 73.2
75 998 465 108 60
76 1228.5 457 51.6 57.6
77 1078 467 172.8 81.6
78 1099.5 463 224.4 72
79 698 422 74.4 74.4
80 475 380 69.6 48
81 826 346 62.4 50.4
82 647.5 443 106.8 56.4
83 725.5 486 73.2 50.4
84 725.5 486 73.2 50.4
85 802.5 486 73.2 48
86 816.5 486 78 43.2
87 531.5 479 58.8 42
88 805.5 453 133.2 64.8
89 333.5 347 106.8 43.2
90 383.5 395 106.8 43.2
91 370 341 105.6 37.2
92 278 356 91.2 37.2
93 1254 432 100.8 51.6
94 793 328 96 39.6
95 1094 227 88.8 42
96 586 290 33.6 20.4
97 586 290 33.6 20.4
98 521 321 55.2 20.4
99 324.5 389 476.4 158.4
100 1147.5 271 58.8 63.6
101 970.5 459 63.6 61.2
102 667.5 482 58.8 45.6
103 667.5 482 58.8 45.6
104 741 327 117.6 45.6
105 938 465 132 62.4
106 1274 515 52.8 99.6
107 -16 421 -38.4 86.4
108 970 290 48 54
