6 14 2 1
6 35 4 1
6 18 1 1
6 206 4 1
6 59 2 1
6 142 2 1
6 173 2 1
6 167 2 2
6 206 1 1
6 245 2 1
6 236 1 1
6 268 1 1
6 296 1 1
6 305 1 1
6 323 1 1
6 379 2 1
6 364 2 1
6 408 2 2
6 420 2 1
6 388 1 1
6 411 1 1
6 413 2 1
6 411 1 1
6 431 1 1
6 487 2 1
6 482 2 1
6 492 1 1
6 491 1 1
6 480 1 1
6 512 1 1
6 508 2 1
6 519 1 1
6 549 1 1
6 540 2 1
6 664 4 1
6 574 1 1
6 555 1 1
6 566 1 1
6 557 1 1
6 602 2 1
6 684 3 1
6 649 2 1
6 674 2 1
6 723 2 1
6 737 2 1
6 722 2 1
6 765 2 1
6 767 1 1
6 796 1 1
6 784 1 1
6 817 2 1
6 794 2 1
6 816 2 1
6 820 1 1
6 812 2 1
6 819 2 1
6 854 1 1
6 907 2 1
6 873 1 1
6 918 2 1
6 908 2 2
6 898 1 1
6 902 1 1
6 949 3 1
6 888 1 1
6 890 1 1
6 1284 4 1
6 921 2 1
6 939 2 2
6 976 1 1
6 988 2 2
6 1003 2 1
6 1082 2 1
6 1099 2 1
6 1485 4 1
6 1135 2 1
6 1210 1 1
6 1212 1 1
6 1253 1 1
6 1233 4 1
6 1248 2 1
6 1343 4 2
6 1369 2 1
6 1434 3 1
6 1393 2 1
6 1508 3 1
6 1378 2 1
6 1412 2 1
6 1423 1 1
6 1408 2 1
6 1439 2 1
6 1807 4 1
6 1896 4 1
6 1514 3 1
6 1488 2 1
6 1531 2 1
6 1542 2 1
6 1555 2 1
6 1562 2 1
6 1530 2 1
6 1569 1 1
6 1579 1 1
6 1600 1 1
6 1577 2 1
6 1606 2 1
6 1616 2 1
6 1632 2 1
6 1641 2 2
6 1655 1 1
6 1635 1 1
6 1640 2 1
6 1677 2 1
6 1693 2 1
6 1707 1 1
6 1715 2 1
6 1729 2 1
6 1709 1 2
6 1765 4 1
6 1749 2 1
6 1781 2 1
6 1777 1 1
6 1767 2 1
6 1815 1 1
6 1842 1 1
6 1844 2 1
6 1854 2 1
6 1858 2 1
6 1863 1 1
6 1871 2 1
6 1908 1 1
6 1931 2 1
6 1911 2 1
6 1910 2 1
6 1950 1 1
6 1956 2 1
6 1985 1 1
6 1982 2 1
6 2026 2 1
6 2044 1 1
6 2072 3 1
6 2054 1 1
6 2065 1 1
6 2067 1 1
6 2079 4 1
6 2064 2 1
6 2090 1 1
6 2107 1 1
6 2101 1 1
6 2078 2 1
6 2124 1 1
6 2137 1 1
6 2113 1 1
6 2110 2 1
6 2146 1 1
6 2150 1 1
6 2156 1 1
6 2169 2 1
6 2173 1 1
6 2191 1 1
6 2202 4 1
6 2200 1 1
6 2213 1 1
6 2185 2 1
6 2232 2 1
6 2231 2 1
6 2282 1 1
6 2249 1 1
6 2284 1 1
6 2261 1 1
6 2263 1 1
6 2305 1 1
6 2290 2 1
6 2301 2 1
6 2310 1 1
6 2293 1 1
6 2287 1 1
6 2329 1 1
6 2326 2 1
6 2343 1 1
6 2373 2 1
6 2426 3 1
6 2370 2 1
6 2402 2 1
6 2399 2 1
6 2398 2 1
6 2398 1 1
6 2423 2 1
6 2454 4 1
6 2455 2 1
6 2503 2 1
6 2517 2 1
6 2509 4 1
6 2508 2 1
6 2551 2 1
6 2556 2 1
6 2602 1 1
6 2611 1 1
6 2611 2 1
6 2632 2 1
6 2626 2 1
6 2635 1 1
6 2650 2 1
6 2625 2 1
6 2665 1 1
6 2676 2 1
6 2933 4 1
6 2684 2 1
6 2707 2 1
6 2719 2 1
6 3007 4 1
6 2753 2 1
6 3057 4 1
6 2761 2 1
6 2771 1 1
6 2796 2 1
6 2807 2 1
6 2791 2 1
6 2786 1 1
6 2833 2 1
6 2857 2 1
6 2874 1 1
6 2875 2 1
6 2881 2 1
6 2888 1 1
6 2856 2 1
6 2894 2 1
6 2918 1 1
6 2893 2 1
6 2954 1 1
6 2955 2 1
6 2932 2 1
6 2977 1 1
6 3157 4 1
6 3002 1 1
6 2997 1 1
6 2991 1 1
6 3007 1 1
6 3059 1 1
6 3074 1 1
6 3036 1 1
6 3278 4 1
6 3088 1 1
6 3094 1 1
6 3109 4 1
6 3121 1 1
6 3102 1 1
6 3131 1 1
6 3114 1 1
6 3154 1 2
6 3188 1 1
6 3791 4 1
6 3175 1 1
6 3209 2 1
6 3222 2 1
6 3212 1 1
6 3234 2 1
6 3206 1 1
6 3245 1 1
6 3820 4 1
6 3226 1 1
6 3277 1 1
6 3291 2 1
6 3311 1 1
6 3281 1 1
6 3280 1 1
6 3322 1 1
6 3290 2 1
6 3327 2 1
6 3328 1 1
6 3341 1 1
6 3345 2 1
6 3346 2 1
6 3365 1 1
6 3370 2 1
6 4099 4 1
6 3337 1 1
6 3392 2 1
6 3406 2 1
6 3412 2 1
6 3440 4 1
6 3455 1 1
6 3472 1 1
6 3481 2 1
6 3480 2 1
6 3535 2 1
6 3511 2 1
6 3530 1 1
6 3532 1 1
6 3546 2 2
6 3561 1 1
6 3592 2 1
6 3601 1 1
6 3611 1 1
6 3579 2 1
6 3575 1 1
6 3665 3 1
6 3640 2 1
6 3657 2 1
6 3656 1 1
6 3653 2 1
6 4233 4 1
6 3668 1 1
6 3672 2 1
6 3674 2 1
6 3682 2 1
6 3701 4 1
6 3748 2 1
6 3778 2 1
6 3780 1 1
6 3777 2 1
6 3832 2 1
6 3846 2 1
6 3854 1 1
6 3871 2 1
6 3880 2 1
6 3906 2 1
6 3916 2 1
6 3943 2 1
6 3969 2 1
6 3982 1 1
6 4005 4 1
6 4069 2 2
6 4178 3 1
6 4149 2 1
6 4193 3 1
6 4182 4 1
6 4449 4 1
6 4205 1 1
6 4243 3 1
6 4233 1 1
6 4244 1 1
6 4282 2 1
6 4268 1 1
6 4265 2 1
6 4270 1 1
6 4305 2 1
6 4295 2 1
6 4278 1 1
6 4313 1 1
6 4281 2 1
6 4314 2 1
6 4323 1 1
6 4335 1 1
6 4341 1 1
6 4304 2 1
6 4342 2 1
6 4355 1 1
6 4356 2 1
6 4368 1 1
6 4515 4 1
6 4376 1 1
6 4377 2 1
6 4349 1 1
6 4388 1 1
6 4392 2 1
6 4647 4 1
6 4414 2 1
6 4406 4 1
6 4398 1 1
6 4405 2 1
6 4465 3 1
6 4477 2 1
6 4483 1 1
6 4466 1 1
6 4498 1 1
6 4468 1 1
6 4508 1 1
6 4525 1 1
6 4540 2 1
6 4534 2 1
6 4545 2 1
6 4553 1 2
6 4533 2 1
6 4546 1 1
6 4929 4 1
6 4566 1 1
6 4620 2 1
6 4587 1 1
6 4654 3 1
6 4589 1 1
6 4598 2 2
6 4623 1 1
6 4636 2 1
6 4666 2 1
6 4655 1 2
6 4642 2 1
6 4696 2 1
6 4696 1 2
6 4709 2 1
6 4736 1 1
6 4741 2 2
6 5156 4 1
6 4733 2 1
6 4708 2 1
6 4762 2 1
6 4742 1 1
6 4776 2 1
6 4755 2 2
6 4791 2 1
6 4794 2 1
6 5279 4 1
6 4809 2 1
6 4821 2 1
6 5433 4 1
6 4834 2 1
6 4887 2 1
6 4890 2 1
6 4905 2 1
6 4919 2 1
6 4941 2 1
6 4962 2 1
6 4983 2 1
6 4966 2 1
6 4996 2 1
6 4972 2 1
6 5012 2 1
6 5009 2 1
6 5044 4 1
6 5089 1 1
6 5092 2 1
6 5112 1 1
6 5110 2 1
6 5120 1 1
6 5121 2 1
6 5091 2 1
6 5190 1 1
6 5197 2 1
6 5205 2 1
6 5194 4 1
6 5220 2 1
6 5259 3 1
6 5196 2 1
6 5204 2 1
6 5250 2 1
6 5266 2 1
6 5850 4 1
6 5291 2 1
6 5301 2 1
6 5290 2 1
6 5327 2 1
6 5344 2 1
6 5355 2 1
6 5394 3 1
6 5531 4 1
6 5372 2 1
6 5384 2 1
6 5416 4 1
6 5383 2 1
6 5940 4 1
6 5461 2 1
6 5460 2 1
6 5488 2 1
6 5484 1 2
6 5493 4 1
6 5513 1 1
6 5493 1 1
6 5554 1 1
6 5530 2 1
6 5558 2 1
6 5574 2 1
6 5557 2 1
6 5582 2 1
6 5577 1 2
6 5573 2 1
6 5621 2 1
6 5624 2 1
6 5647 2 1
6 5606 2 1
6 5603 2 1
6 5657 2 1
6 5643 2 1
6 5670 2 1
6 5661 2 1
6 5689 2 1
6 5642 2 1
6 5703 2 1
6 5700 2 1
6 6031 4 1
6 5681 1 1
6 5717 1 1
6 5688 2 1
6 5725 2 1
6 5733 2 1
6 5749 1 1
6 5755 1 1
6 5753 2 1
6 5735 1 1
6 5738 1 1
6 5770 1 1
6 5774 2 1
6 5779 1 1
6 5784 1 1
6 5780 2 1
6 5802 1 1
6 5793 1 1
6 5822 1 1
6 5820 2 1
6 5832 1 1
6 5847 1 1
6 5855 1 1
6 5891 3 1
6 6359 4 1
6 5868 1 1
6 5873 1 1
6 5881 1 1
6 5889 1 1
6 5897 4 1
6 5913 1 1
6 5935 1 1
6 5896 2 1
6 5933 1 1
6 5937 1 1
6 6454 4 1
6 5945 1 1
6 5964 1 1
6 5972 1 1
6 5985 1 1
6 5993 4 1
6 5990 1 1
6 6014 1 1
6 5986 2 1
6 6017 1 1
6 6023 1 1
6 5992 1 1
6 5999 1 1
6 6044 1 1
6 6037 1 1
6 6049 2 1
6 6026 1 1
6 6061 1 1
6 6041 1 1
6 6130 3 1
6 6099 2 1
6 6095 2 1
6 6133 2 1
6 6679 4 1
6 6147 2 1
6 6167 2 1
6 6214 2 1
6 6220 2 1
6 6242 2 1
6 6248 2 1
6 6259 2 1
6 6331 3 1
6 6282 2 1
6 6288 2 1
6 6299 2 1
6 6272 2 1
6 6355 3 1
6 6309 2 1
6 6336 2 1
6 6332 2 1
6 6355 2 1
6 6390 2 1
6 6399 2 1
6 6408 2 1
6 6427 2 1
6 6418 2 1
6 6407 2 1
6 6416 2 1
6 6487 2 1
6 6517 2 1
6 6536 2 1
6 6549 1 1
6 6548 2 1
6 6530 1 1
6 6555 1 1
6 6529 1 1
6 6568 1 1
6 6547 2 1
6 6565 4 1
6 6590 2 1
6 6604 2 1
6 6624 2 1
6 6623 2 1
6 6635 2 1
6 6603 2 1
6 6639 2 1
6 6647 1 1
6 6675 1 1
6 6686 2 1
6 6706 1 1
6 6678 2 1
6 6722 4 1
6 6729 1 1
6 6791 2 2
6 6802 2 1
6 6787 4 1
6 6810 2 1
6 6819 2 1
6 6790 1 1
6 6833 1 1
6 6832 2 1
6 6845 2 1
6 6834 2 1
6 6848 1 1
6 6861 1 1
6 6877 2 1
6 6844 2 1
6 6849 1 1
6 6891 1 1
6 6930 2 1
6 6946 2 1
6 6947 2 1
6 6956 1 1
6 6932 1 1
6 6963 2 1
6 6938 1 1
6 6937 1 1
6 6979 1 1
6 6986 2 1
6 6983 2 1
6 7008 2 1
6 7043 2 1
6 7020 1 1
6 7058 1 1
6 7067 1 1
6 7085 1 1
6 7070 4 1
6 7076 2 1
6 7108 1 1
6 7107 1 1
6 7098 2 1
6 7124 1 1
6 7126 2 1
6 7127 1 1
6 7100 1 1
6 7142 1 1
6 7147 2 1
6 7156 1 1
6 7164 1 2
6 7180 2 1
6 7175 1 1
6 7181 1 1
6 7146 2 1
6 7160 2 1
6 7221 3 1
6 7159 2 1
6 7196 1 1
6 7209 1 1
6 7206 2 1
6 7210 1 1
6 7278 1 1
6 7274 1 1
6 7292 2 1
6 7285 1 1
6 7428 4 1
6 7262 1 2
6 7304 2 1
6 7300 1 1
6 7303 1 1
6 7303 2 1
6 7322 1 1
6 7337 2 1
6 7339 1 1
6 7347 2 1
6 7348 1 1
6 7324 2 2
6 7343 2 1
6 7368 1 1
6 7369 2 1
6 7773 4 1
6 7418 1 1
6 7870 4 1
6 7532 2 1
6 7523 2 1
6 7543 2 1
6 7553 2 1
6 7555 2 1
6 7571 2 1
6 7584 2 1
6 8180 2 1
6 7614 2 1
6 7631 2 1
6 7639 2 1
6 7658 1 1
6 7667 2 1
6 7647 1 1
6 7649 1 1
6 7682 2 1
6 8239 4 1
6 7741 1 1
6 7733 2 1
6 7810 1 1
6 7811 2 1
6 7821 2 1
6 7904 2 1
6 7923 2 1
6 7926 1 1
6 7981 2 1
6 7956 1 2
6 7986 2 1
6 7999 2 1
6 8024 1 1
6 8019 2 1
6 7998 2 1
6 8043 2 1
6 8052 2 1
6 8337 4 1
6 8091 1 1
6 8073 2 1
6 8076 2 1
6 8106 1 1
6 8101 1 1
6 8115 2 1
6 8124 1 1
6 8136 2 1
6 8143 2 1
6 8146 2 1
6 8175 1 1
6 8156 1 1
6 8202 2 1
6 8191 1 1
6 8231 1 1
6 8215 1 2
6 8201 2 1
6 8246 1 1
6 8703 4 1
6 8308 2 1
6 8354 2 1
6 8336 2 1
6 8375 1 1
6 8385 1 1
6 8383 2 1
6 8387 1 1
6 8353 2 1
6 8394 1 1
6 8357 1 1
6 8364 1 1
6 8395 1 1
6 8401 1 1
6 8399 2 1
6 8424 1 1
6 8406 1 1
6 8404 1 1
6 8438 2 1
6 8443 1 1
6 8453 1 1
6 8460 1 1
6 8489 2 1
6 8461 1 1
6 8500 1 1
6 8502 1 1
6 8500 2 1
6 8482 1 1
6 8516 1 1
6 8491 1 1
6 8533 1 1
6 8537 2 1
6 8554 1 1
6 8535 1 1
6 8577 1 1
6 8573 2 1
6 8594 2 1
6 8605 2 1
6 8617 1 1
6 8626 1 1
6 8640 2 1
6 8658 1 1
6 8674 1 1
6 8671 2 1
6 8647 1 2
6 8682 1 1
6 8689 1 2
6 8718 2 1
6 8709 1 2
6 8728 2 1
6 8737 1 1
6 8749 1 1
6 8717 2 1
6 9175 4 1
6 8773 2 1
6 9032 4 1
6 8761 1 1
6 8758 1 1
6 8772 2 1
6 8818 2 1
6 8875 2 1
6 8923 2 1
6 8913 2 1
6 8959 2 1
6 8982 2 1
6 9000 2 1
6 9035 2 1
6 9044 1 1
6 9075 2 1
6 9101 1 1
6 9096 2 1
6 9074 2 1
6 9120 2 1
6 9141 1 1
6 9151 2 1
6 9182 3 1
6 9242 2 1
6 9813 4 1
6 9257 2 1
6 9273 2 1
6 9266 2 1
6 9283 2 1
6 9286 1 1
6 9251 2 2
6 9290 2 1
6 9310 2 1
6 9316 2 1
6 9302 2 1
6 9307 2 1
6 9317 1 1
6 9325 2 1
6 9301 2 1
6 9349 2 1
6 9339 1 1
6 9348 1 1
6 9394 1 1
6 9396 2 1
6 9388 2 1
6 9408 1 1
6 9378 1 1
6 9369 1 1
6 9423 1 1
6 9379 1 1
6 9391 2 1
6 9411 1 1
6 9453 1 1
6 9459 2 1
6 9463 1 1
6 9473 1 1
6 9474 2 1
6 9481 2 1
6 9496 1 1
6 9458 2 1
6 9508 2 1
6 9517 2 1
6 10062 4 1
6 9535 2 1
6 9545 4 1
6 9543 1 1
6 9553 1 1
6 9555 1 1
6 9596 2 1
6 9582 1 1
6 9605 1 1
6 9614 2 1
6 9611 1 1
6 9625 1 1
6 10226 4 1
6 9699 2 1
6 9669 1 1
6 9682 2 1
6 9722 2 1
6 9692 1 1
6 9733 2 1
6 9705 1 1
6 9738 1 1
6 9716 1 1
6 9713 1 1
6 9746 2 1
6 9724 1 2
6 9757 2 1
6 9763 2 1
6 9776 1 2
6 9775 2 1
6 9744 1 1
6 9784 1 1
6 9746 1 1
6 9745 2 1
6 9762 2 1
6 9809 1 1
6 9819 1 1
6 9849 2 2
6 9861 2 1
6 9869 2 1
6 9874 2 1
6 9903 1 1
6 9874 2 1
6 9923 2 1
6 9920 2 1
6 9940 2 1
6 9934 1 2
6 9934 2 1
6 9958 1 1
6 9963 2 1
6 9933 2 1
6 9974 2 1
6 9982 1 1
6 9955 2 1
6 9990 2 1
6 9962 2 1
6 10003 2 1
6 10045 2 1
6 10040 2 1
6 10039 2 1
6 10069 2 1
6 10091 2 1
6 10751 4 1
6 10144 3 1
6 10138 1 1
6 10134 2 1
6 10147 1 1
6 10158 1 1
6 10389 4 1
6 10571 4 1
6 10133 2 1
6 10594 4 1
6 10173 1 1
6 10164 1 1
6 10194 2 1
6 10217 1 1
6 10253 2 1
6 10254 2 1
6 10271 2 1
6 10335 3 1
6 10310 2 2
6 10360 2 1
6 10413 2 1
6 10446 2 1
6 10469 2 1
6 10507 2 1
6 10518 2 1
6 10541 1 1
6 10574 1 1
6 10636 2 1
6 10642 2 1
6 10649 1 1
6 10642 2 1
6 10693 2 1
6 10713 2 1
6 10747 1 1
6 10751 1 1
6 10906 3 1
6 10729 1 1
6 10787 1 1
6 10763 1 1
6 10765 1 1
6 10770 1 1
6 11011 4 1
6 10823 1 1
6 10816 1 1
6 10804 1 1
6 10796 1 1
6 10798 1 1
6 10830 2 1
6 10827 1 1
6 10844 1 1
6 10850 2 1
6 10855 2 1
6 10870 1 1
6 10875 2 1
6 10877 2 1
6 10892 1 1
6 10862 1 1
6 10945 3 1
6 10894 2 1
6 10937 1 1
6 10940 2 1
6 10951 1 1
6 10965 1 1
6 10962 2 1
6 10978 2 1
6 10996 2 1
6 11008 1 1
6 11015 2 1
6 11006 1 1
6 11021 2 1
6 11026 1 1
6 11033 2 1
6 11017 1 1
6 11020 2 1
6 11067 2 1
6 11054 1 1
6 11082 2 1
6 11092 1 1
6 11135 3 1
6 11084 1 1
6 11115 1 1
6 11099 1 1
6 11111 2 1
6 11094 1 1
6 11113 2 1
6 11124 1 1
6 11120 1 1
6 11132 2 1
6 11724 4 1
6 11144 1 1
6 11150 1 1
6 11157 2 1
6 11163 1 1
6 11132 1 1
6 11134 1 1
6 11199 3 1
6 11176 1 1
6 11175 2 1
6 11188 2 1
6 11184 2 1
6 11175 2 1
6 11212 2 1
6 11183 2 1
6 11215 2 1
6 11238 1 1
6 11240 2 1
6 11274 2 1
6 11293 2 1
6 11331 2 1
6 11345 2 1
6 11348 2 1
6 11347 1 1
6 11365 2 1
6 11358 2 1
6 11330 2 1
6 11368 2 1
6 11378 2 1
6 11392 2 1
6 11426 2 1
6 11410 2 1
6 11412 2 1
6 11894 2 1
6 11453 2 1
6 11475 2 1
6 11490 2 1
6 11545 2 1
6 11550 2 1
6 11994 4 2
6 11591 2 1
6 11614 2 1
6 11599 2 1
6 11679 2 1
6 11658 2 1
6 11681 2 1
6 11765 2 1
6 11793 2 1
6 11778 2 1
6 11821 1 1
6 11831 2 2
6 11849 1 1
6 11849 2 1
6 11863 2 1
6 11907 2 1
6 11930 4 1
6 11949 2 1
6 11958 2 1
6 11972 1 1
6 11992 2 1
6 12013 2 1
6 12023 2 1
6 12002 1 1
6 12014 1 1
6 12022 1 1
6 12038 2 1
6 11994 1 1
6 11993 2 1
6 11996 1 1
6 12037 1 1
6 12019 2 1
6 12080 3 1
6 12022 2 1
6 12051 2 1
6 12039 2 1
6 12064 1 1
6 12068 2 1
6 12073 1 1
6 12068 2 1
6 12055 1 1
6 12048 1 1
6 12050 1 1
6 12562 4 2
6 12084 1 1
6 12380 4 1
6 12091 2 1
6 12117 2 1
6 12126 1 1
6 12109 1 2
6 12112 1 1
6 12141 1 1
6 12147 2 1
6 12144 2 1
6 12161 2 1
6 12158 1 1
6 12174 1 1
6 12185 1 1
6 12151 1 1
6 12188 1 1
6 12199 2 1
6 12203 1 1
6 12203 1 1
6 12226 2 1
6 12198 2 1
6 12235 1 1
6 12244 1 1
6 12278 1 1
6 12291 1 1
6 12281 2 1
6 12269 1 1
6 12303 2 1
6 12317 1 1
6 12315 2 1
6 12329 1 1
6 12357 4 1
6 12353 1 1
6 12587 4 1
6 12365 1 1
6 12363 2 1
6 12383 1 1
6 12350 2 1
6 12384 2 1
6 12392 1 1
6 12402 1 1
6 12394 2 1
6 12409 1 1
6 12376 1 1
6 12379 2 1
6 12429 1 1
6 12427 2 1
6 12436 2 1
6 12467 1 1
6 12464 2 1
6 12439 1 1
6 12435 2 1
6 12440 1 1
6 12455 1 1
6 12457 1 1
6 12508 1 1
6 12481 1 1
6 12534 1 2
6 12509 2 2
6 12550 1 1
6 12530 1 1
6 12566 1 2
6 12565 2 2
6 12612 1 1
6 12657 1 1
6 12636 2 1
6 12641 2 1
6 12749 2 1
6 12735 1 1
6 12781 1 1
6 12794 1 1
6 12793 2 1
6 12807 1 1
6 12805 2 1
6 12805 2 1
6 12827 2 1
6 12843 2 2
6 12872 3 1
6 12852 2 1
6 12882 1 1
6 12912 2 1
6 12921 1 1
6 12923 1 1
6 12980 3 1
6 12969 2 1
6 12980 2 1
6 12995 2 1
6 13006 1 1
6 13009 2 1
6 13014 1 1
6 13011 2 1
6 13023 2 1
6 13035 2 1
6 13064 2 1
6 13036 1 1
6 13100 2 1
6 13111 2 1
6 13126 2 1
6 13143 2 1
6 13184 2 1
6 13191 2 1
6 13213 1 2
6 13216 1 1
6 13183 2 1
6 13233 1 1
6 13218 2 1
6 13252 2 1
6 13253 1 1
6 13260 2 1
6 13270 1 1
6 13286 2 1
6 13287 1 1
6 13309 2 1
6 13319 1 1
6 13335 2 1
6 13337 2 1
6 13342 1 1
6 13351 1 2
6 13364 2 1
6 13365 1 1
6 13380 2 1
6 13395 1 1
6 13395 2 1
6 13388 2 1
6 13369 1 1
6 13409 1 1
6 13387 2 1
6 13438 1 1
6 13444 1 2
6 13424 1 1
6 13448 1 1
6 13457 2 2
6 13464 1 1
6 13491 2 1
6 13450 1 1
6 13455 2 1
6 13495 2 1
6 13500 1 1
6 13488 1 1
6 13513 2 1
6 13515 1 1
6 13531 2 1
6 13544 1 1
6 13552 1 1
6 13529 1 1
6 13551 2 1
6 13548 2 1
6 13563 1 1
6 13530 1 1
6 13589 1 1
6 13604 1 1
6 13615 1 1
6 13610 2 1
6 13619 1 1
6 13634 1 1
6 13648 2 1
6 13678 2 1
6 13686 1 2
6 13845 4 1
6 13713 1 1
6 13677 2 1
6 13704 1 1
6 13719 2 1
6 13729 2 1
6 13703 2 1
6 13718 2 1
6 13747 1 2
6 14021 4 1
6 13754 1 1
6 13800 2 1
6 13779 1 1
6 13808 1 1
6 13815 2 1
6 13796 2 1
6 13812 2 1
6 14085 4 1
6 13872 2 1
6 13877 2 1
6 13880 2 1
6 13891 2 1
6 13901 2 1
6 13907 1 1
6 13911 2 1
6 13912 2 1
6 13945 2 2
6 13959 2 1
6 13963 2 1
6 13971 2 1
6 13976 2 1
6 13949 2 1
6 13990 1 1
6 14001 1 1
6 13970 1 1
6 14318 4 1
6 14053 2 1
6 14045 2 1
6 14121 2 1
6 14128 4 1
6 14468 4 1
6 14142 2 1
6 14149 1 1
6 14160 2 1
6 14554 4 1
6 14160 1 1
6 14187 2 2
6 14576 4 1
6 14181 1 1
6 14210 1 1
6 14215 2 1
6 14249 2 1
6 14238 1 1
6 14261 4 1
6 14244 2 1
6 14273 2 1
6 14243 2 1
6 14292 2 1
6 14260 2 1
6 14301 2 1
6 14303 1 1
6 14353 2 1
6 14354 1 1
6 14386 4 1
6 14372 2 1
6 14409 2 1
6 14412 2 1
6 14429 2 1
6 14435 2 1
6 14413 2 1
6 14474 2 1
6 14467 2 1
6 14504 2 1
6 14506 1 2
6 14580 1 1
6 14573 1 1
6 14605 2 1
6 14620 1 1
6 14616 2 1
6 14635 2 1
6 14627 2 1
6 14604 2 1
6 14610 1 1
6 14658 2 1
6 14701 3 1
6 14675 2 1
6 14657 2 1
6 14690 1 1
6 14696 1 1
6 14677 1 1
6 14710 2 1
6 14709 1 1
6 14723 1 1
6 14740 1 1
6 14965 4 1
6 14765 1 1
6 14745 2 1
6 14771 2 1
6 14767 2 1
6 14751 1 1
6 14783 2 1
6 14791 1 1
6 14791 2 1
6 14795 1 1
6 14779 2 1
6 14782 1 1
6 14826 1 1
6 14825 1 1
6 14828 2 1
6 14830 2 1
6 14836 1 1
6 15513 4 1
6 14880 2 2
6 14852 1 1
6 14884 1 1
6 14892 1 1
6 14862 1 1
6 14904 1 1
6 14913 1 1
6 14895 1 2
6 14927 2 1
6 14933 1 1
6 14907 2 1
6 14937 1 1
6 14906 2 1
6 14944 1 1
6 15667 4 1
6 14989 1 1
6 14993 2 1
6 14999 2 1
6 15043 1 2
6 15069 2 1
6 15057 1 1
6 15077 1 1
6 15088 2 1
6 15053 2 1
6 15056 2 1
6 15093 1 1
6 15081 2 1
6 15101 1 1
6 15103 1 1
6 15080 2 1
6 15117 2 1
6 15158 2 1
6 15156 1 1
6 15159 2 1
6 15169 2 1
6 15165 1 2
6 15183 2 1
6 15160 2 1
6 15165 1 1
6 15199 2 1
6 15168 2 1
6 15198 2 1
6 15227 2 1
6 15241 2 1
6 15242 1 1
6 15246 2 1
6 15293 2 1
6 15298 2 1
6 15352 2 1
6 15359 1 2
6 15992 2 1
6 15379 1 1
6 15387 1 2
6 15381 2 1
6 15400 2 1
6 15947 4 1
6 15412 1 1
6 15394 2 1
6 15407 2 1
6 15429 2 1
6 15449 1 1
6 15451 2 1
6 15479 2 1
6 15532 2 1
6 15542 1 1
6 15550 2 1
6 15561 1 1
6 15572 2 1
6 15583 1 1
6 15597 2 1
6 15608 2 1
6 15617 1 1
6 15627 2 1
6 15593 2 1
6 15640 2 1
6 15704 2 1
6 15715 2 1
6 15739 1 1
6 15734 2 1
6 15766 2 1
6 15762 2 1
6 15761 2 1
6 15810 2 1
6 15793 4 2
6 15816 2 1
6 15822 2 1
6 15799 1 1
6 15798 1 1
6 15831 2 1
6 15838 2 1
6 15886 3 1
6 15812 1 1
6 15875 2 1
6 15864 1 1
6 15898 2 1
6 15965 1 1
6 15964 2 1
6 15988 1 1
6 16425 4 1
6 16016 1 1
6 16027 1 1
6 16042 1 1
6 16064 1 1
6 16058 2 1
6 16089 2 1
6 16057 2 1
6 16097 1 1
6 16094 2 1
6 16101 2 1
6 16112 2 1
6 16117 1 1
6 16126 2 1
6 16425 4 1
6 16139 2 1
6 16159 2 1
6 16157 1 1
6 16170 1 2
6 16166 2 1
6 16164 1 1
6 16178 2 1
6 16183 1 1
6 16189 1 1
6 16192 1 1
6 16158 2 1
6 16201 1 1
6 16207 4 1
6 16208 1 1
6 16213 1 1
6 16225 1 1
6 16237 1 1
6 16226 1 1
6 16247 1 1
6 16220 1 1
6 16235 2 1
6 16256 1 1
6 16248 2 1
6 16234 2 1
6 16269 1 1
6 16247 2 1
6 16304 1 1
6 16314 1 1
6 16287 2 1
6 16324 2 1
6 16317 1 1
6 16288 1 1
6 16291 1 1
6 16328 1 1
6 16304 1 1
6 16341 1 1
6 16334 2 1
6 16364 2 1
6 16371 1 1
6 16428 3 1
6 16449 3 1
6 16408 1 1
6 16373 2 1
6 16374 2 1
6 16456 1 1
6 16438 1 2
6 16469 1 1
6 16463 1 1
6 16447 1 1
6 16481 1 2
6 16512 2 1
6 16510 1 1
6 16509 2 1
6 16533 2 1
6 16582 2 2
6 16577 4 1
6 16636 3 1
6 16712 4 1
6 16649 3 1
6 16625 2 1
6 16647 2 1
6 16651 1 2
6 16637 2 1
6 16936 4 1
6 16632 2 1
6 16644 1 2
6 16678 2 1
6 16731 2 1
6 16754 2 1
6 16753 1 1
6 16781 2 1
6 16807 2 1
6 16807 2 1
6 16839 2 1
6 16830 2 1
6 16827 2 1
6 16849 2 1
6 16858 2 1
6 16871 2 1
6 16889 2 1
6 16898 2 1
6 16908 2 1
6 16915 1 1
6 17064 4 1
6 16930 1 1
6 16946 1 1
6 16959 1 1
6 16985 2 1
6 17026 2 2
6 17056 1 1
6 17055 1 1
6 17143 1 1
6 17168 1 1
6 17470 4 1
6 17248 2 1
6 17237 1 1
6 17222 1 1
6 17257 1 1
6 17264 2 1
6 17266 1 1
6 17266 2 1
6 17247 2 1
6 17288 2 1
6 17310 2 1
6 17279 1 1
6 17351 2 1
6 17322 1 1
6 17338 1 2
6 17371 2 1
6 17350 1 1
6 17382 2 1
6 17346 2 2
6 17373 1 1
6 17387 1 1
6 17512 4 1
6 17452 4 1
6 17411 2 1
6 17420 2 1
6 17439 1 1
6 17410 2 1
6 17478 2 1
6 17424 2 1
6 17450 1 2
6 17458 1 1
6 17461 1 1
6 17519 1 1
6 17540 2 1
6 17539 2 1
6 17570 2 1
6 17558 1 1
6 17567 1 1
6 17589 2 1
6 17633 3 1
6 17619 2 1
6 17586 2 2
6 17597 1 1
6 17603 1 1
6 17661 2 1
6 17640 2 2
6 17634 1 1
6 17668 1 1
6 17644 1 1
6 17674 2 1
6 17674 1 1
6 17656 2 1
6 17653 1 1
6 17655 2 1
6 17734 3 1
6 17672 1 2
6 17707 1 1
6 17722 1 1
6 17733 1 1
6 17746 1 1
6 17755 1 1
6 17773 1 1
6 17759 1 1
6 17750 2 1
6 17793 1 1
6 17850 1 1
6 17823 1 1
6 17852 2 1
6 17858 1 1
6 17912 2 1
6 17912 2 1
6 17902 4 1
6 17995 2 1
6 17972 1 1