0 3 14 1
1 7 35 1
2 4 18 1
5 7 206 1
6 8 59 1
6 3 142 1
6 13 147 2
9 10 127 1
11 12 131 1
6 3 173 1
1 13 159 1
0 13 153 1
1 13 174 1
14 18 164 1
15 8 167 2
16 20 167 1
17 13 169 1
19 13 171 1
2 23 174 1
21 24 176 1
22 25 178 1
15 27 181 1
15 28 183 1
26 20 187 1
16 20 186 1
17 13 191 1
19 4 206 1
6 29 201 2
15 13 216 1
30 38 221 2
9 10 217 1
31 32 213 1
30 12 219 1
6 36 219 1
33 37 220 1
33 13 221 1
34 3 245 1
1 13 222 1
35 13 222 1
0 13 220 1
2 24 225 1
0 13 221 1
21 24 227 1
22 41 231 1
1 13 228 1
39 41 233 1
40 4 236 1
15 28 240 1
26 4 268 1
15 42 296 1
15 42 305 1
15 4 323 1
15 41 333 1
15 27 323 2
35 25 333 2
6 13 351 1
40 43 340 2
6 7 379 1
0 13 350 1
44 3 364 1
15 27 360 1
26 18 364 1
6 36 372 2
16 25 378 1
31 32 378 1
45 8 408 2
9 10 378 1
6 47 420 1
15 13 392 1
39 43 384 1
30 12 384 2
40 43 386 1
33 12 383 1
34 13 403 1
40 4 388 1
1 13 386 1
1 13 391 1
17 20 390 1
44 13 391 1
35 13 398 1
2 43 409 1
11 13 399 2
1 13 396 1
46 13 396 1
21 4 411 1
0 8 413 1
1 13 403 1
14 18 409 1
40 42 411 1
16 20 415 1
17 13 417 1
19 13 419 1
35 48 421 1
2 23 423 1
21 25 425 1
22 25 427 1
45 41 429 1
40 43 429 1
40 42 431 1
6 7 487 1
6 3 482 1
15 42 492 1
15 27 458 1
16 20 459 1
15 20 469 1
1 13 466 1
17 13 464 1
19 13 466 1
2 48 468 1
21 23 470 1
16 42 491 1
21 24 469 1
22 25 473 1
49 50 475 1
39 41 474 1
15 27 476 1
40 42 480 1
15 4 512 1
6 7 508 1
39 41 483 1
15 4 519 1
6 13 525 1
6 43 513 1
45 32 518 1
34 36 515 1
15 4 549 1
31 32 520 1
30 13 526 1
15 27 518 1
15 13 537 1
15 43 553 1
1 38 534 1
15 25 555 1
15 27 531 1
51 7 540 1
5 7 664 1
15 24 553 1
52 27 540 1
52 42 574 1
45 50 547 1
39 41 552 1
40 42 555 1
22 4 566 1
40 4 557 1
53 4 558 1
6 29 579 1
34 3 602 1
1 13 590 1
52 28 596 1
15 18 599 1
54 55 602 1
16 20 600 1
35 13 606 1
45 60 684 1
21 24 615 2
56 58 620 1
6 29 623 1
57 36 625 1
34 7 649 1
1 13 628 1
6 3 674 1
59 66 1103 1
6 7 723 1
6 3 737 1
1 13 718 1
52 27 720 1
52 27 721 1
15 7 722 1
15 28 727 1
14 41 749 1
52 18 738 1
6 3 765 1
26 43 763 1
61 43 761 1
52 27 753 1
1 13 747 1
15 18 757 1
26 23 769 1
40 43 751 1
54 13 787 2
52 23 778 1
40 42 767 1
2 23 770 1
45 63 771 2
21 24 772 1
49 25 773 1
62 50 773 1
45 63 773 2
49 41 778 1
39 41 780 1
64 43 782 1
21 4 796 1
30 13 785 2
40 42 784 1
0 13 780 1
53 4 781 1
6 13 810 1
6 36 791 1
1 13 792 2
15 18 793 1
34 63 795 1
46 13 792 2
31 47 817 1
51 38 794 1
61 18 794 1
15 8 794 1
16 20 796 1
44 13 798 1
17 13 802 1
19 13 801 1
2 48 806 1
1 13 808 1
44 8 816 1
2 23 808 1
21 42 820 1
15 7 812 1
52 50 844 1
15 7 819 1
54 55 836 2
45 32 843 2
15 13 855 1
45 66 857 2
64 4 854 1
30 13 857 2
17 65 849 1
6 7 907 1
15 20 865 1
33 66 863 2
21 42 873 1
52 18 868 1
44 13 867 1
52 28 872 1
35 13 870 1
19 13 873 1
16 67 871 1
6 47 918 1
52 27 872 1
2 48 875 1
6 7 908 2
17 4 898 1
21 23 877 1
1 13 874 1
52 8 877 2
21 23 874 1
21 24 879 1
16 4 902 1
49 25 878 1
22 50 882 1
1 13 884 1
15 47 880 2
26 43 911 2
39 41 883 1
54 60 949 1
16 67 883 1
64 42 888 1
16 20 884 1
15 41 917 1
40 4 890 1
19 13 891 1
1 13 889 1
54 29 893 1
21 23 894 2
1 13 899 1
54 13 920 1
21 23 895 1
22 25 898 1
39 41 903 2
53 4 909 2
5 7 1284 1
40 43 919 1
15 7 921 1
68 7 939 2
52 27 932 1
52 4 976 1
54 7 988 2
1 13 972 1
6 7 1003 1
0 13 972 1
54 7 1082 1
1 13 1060 1
6 7 1099 1
69 66 1074 1
1 13 1082 1
54 73 1420 1
5 7 1485 1
1 13 1100 1
0 7 1135 1
5 66 1586 1
6 29 1142 1
6 13 1167 2
44 13 1170 2
5 60 1184 1
26 43 1207 1
54 55 1206 2
34 66 1221 2
64 42 1210 1
70 63 1214 2
40 4 1212 1
52 4 1253 1
34 63 1214 1
9 10 1215 1
45 37 1229 2
1 3 1233 1
11 12 1219 1
0 13 1228 2
1 13 1235 1
68 13 1231 2
0 13 1235 1
44 13 1236 1
68 38 1241 1
1 13 1247 1
15 8 1248 1
54 29 1313 2
33 8 1343 2
6 7 1369 1
5 60 1345 1
5 74 1426 1
54 76 1434 1
6 13 1372 1
1 13 1352 1
54 7 1393 1
6 29 1365 1
6 36 1369 1
34 13 1382 1
54 78 1508 1
51 47 1378 1
6 29 1379 2
34 63 1382 2
34 66 1392 1
6 29 1381 1
6 7 1412 1
44 13 1384 1
68 13 1388 1
71 13 1394 1
51 38 1390 1
15 4 1423 1
1 13 1396 1
44 3 1408 1
6 43 1412 1
70 63 1414 1
45 3 1439 1
72 7 1807 1
75 7 1896 1
59 60 1444 1
54 60 1514 1
1 13 1450 1
70 29 1450 1
6 3 1488 1
6 7 1531 1
77 13 1999 1
6 7 1542 1
6 3 1555 1
6 29 1527 1
6 3 1562 1
15 7 1530 1
52 4 1569 1
34 63 1535 1
5 66 2045 1
1 13 1537 1
52 4 1579 1
6 13 1565 1
52 27 1557 1
52 4 1600 1
44 13 1567 1
68 38 1570 1
15 7 1577 1
5 66 2080 1
6 3 1606 1
79 66 1593 1
54 7 1616 1
79 66 1732 1
54 3 1632 1
15 27 1609 1
26 24 1625 1
6 36 1618 2
34 13 1632 1
1 13 1619 1
45 47 1641 2
52 27 1624 1
15 42 1655 1
22 50 1629 1
62 41 1631 1
64 43 1633 1
40 42 1635 1
68 8 1640 1
54 7 1677 1
6 3 1693 1
69 66 1678 1
15 42 1707 1
6 7 1715 1
6 7 1729 1
49 25 1699 1
62 50 1701 1
39 41 1702 1
64 43 1704 1
40 42 1709 2
1 13 1710 1
1 13 1724 1
6 13 1737 1
1 7 1765 1
44 3 1749 1
54 7 1781 1
6 29 1740 1
57 43 1741 1
34 36 1742 1
34 36 1743 1
45 63 1744 1
45 63 1746 1
52 42 1777 1
31 32 1747 1
45 80 1748 1
9 10 1749 1
30 66 1750 1
30 66 1751 1
1 13 1756 1
11 37 1755 1
71 66 1754 1
0 13 1756 1
1 13 1761 1
44 13 1761 1
68 13 1762 1
51 38 1763 1
1 13 1764 1
51 38 1764 1
15 47 1768 1
15 8 1767 1
1 13 1776 1
15 4 1815 1
49 25 1804 1
15 4 1842 1
6 7 1844 1
5 66 2156 1
6 3 1854 1
54 3 1858 1
52 4 1863 1
6 3 1871 1
1 13 1836 1
26 18 1844 1
1 13 1845 1
19 48 1855 1
1 13 1857 1
2 23 1857 1
21 24 1859 1
1 13 1862 1
22 25 1861 1
49 50 1863 1
62 41 1865 1
64 41 1865 1
52 4 1908 1
6 29 1884 1
57 29 1885 1
34 36 1887 1
34 63 1888 1
45 63 1889 1
45 63 1890 1
31 32 1891 1
45 80 1892 1
9 10 1893 1
30 66 1894 1
30 66 1895 1
11 37 1899 1
71 66 1898 1
1 13 1899 1
6 7 1931 1
68 13 1906 1
51 38 1907 1
51 47 1911 1
15 8 1910 1
52 4 1950 1
26 18 1925 1
6 7 1956 1
54 13 1971 1
52 27 1952 1
52 4 1985 1
0 7 1982 1
1 13 1983 1
1 13 1998 1
5 13 2207 1
5 60 1997 1
44 7 2026 1
52 4 2044 1
54 60 2072 1
52 42 2054 1
52 27 2027 1
52 4 2065 1
1 13 2035 1
6 13 2050 1
52 27 2032 1
52 42 2067 1
56 58 2040 1
52 27 2042 1
1 7 2079 1
44 3 2064 1
1 13 2056 1
52 28 2061 1
35 13 2057 1
15 18 2063 1
2 48 2059 1
14 18 2065 1
61 4 2090 1
21 24 2062 1
22 24 2063 1
22 25 2064 1
39 41 2068 1
52 4 2107 1
26 42 2101 1
1 13 2111 1
52 27 2077 1
15 7 2078 1
52 67 2087 1
40 43 2084 1
61 18 2088 1
52 27 2087 1
52 42 2124 1
17 65 2093 1
52 27 2091 1
19 13 2096 1
35 48 2098 1
2 23 2100 1
21 24 2102 1
26 43 2122 1
22 50 2106 1
49 43 2109 1
52 27 2105 1
39 43 2111 1
39 41 2104 1
15 4 2137 1
40 42 2113 1
70 4 2109 1
15 7 2110 1
52 4 2146 1
53 4 2110 1
52 27 2115 1
52 27 2120 1
15 4 2150 1
5 13 2207 1
52 42 2156 1
52 43 2154 1
6 27 2169 1
52 4 2173 1
1 13 2186 1
53 4 2149 1
52 4 2191 1
1 13 2163 1
1 13 2172 1
15 18 2172 1
14 18 2175 1
52 27 2174 1
81 7 2202 1
16 4 2200 1
52 4 2213 1
15 7 2185 1
52 65 2201 1
22 25 2202 1
15 18 2206 1
17 13 2203 1
19 48 2206 1
0 7 2232 1
14 18 2208 1
2 48 2208 1
21 23 2207 1
16 13 2213 1
21 24 2211 1
81 13 2212 1
22 25 2213 1
19 13 2215 1
35 48 2217 1
2 23 2219 1
15 27 2221 1
21 24 2221 1
15 28 2223 1
22 25 2223 1
26 18 2225 1
62 50 2223 1
61 18 2224 1
16 20 2229 1
52 48 2246 1
17 13 2231 1
19 13 2233 1
15 7 2231 1
35 48 2235 1
2 23 2237 1
21 24 2239 1
22 41 2244 1
15 4 2282 1
39 41 2246 1
2 48 2244 1
2 48 2248 1
64 43 2245 1
40 42 2249 1
21 23 2250 1
22 25 2252 1
52 4 2284 1
22 50 2255 1
49 41 2257 1
52 18 2264 1
39 43 2259 1
39 41 2253 1
52 28 2261 1
64 42 2261 1
40 4 2263 1
14 20 2268 1
52 4 2305 1
57 36 2264 1
17 43 2288 1
17 65 2266 1
34 63 2269 1
45 7 2290 1
6 3 2301 1
52 27 2319 1
81 13 2280 1
15 27 2275 1
15 4 2310 1
14 18 2279 1
49 25 2282 1
61 18 2280 1
62 4 2293 1
81 13 2286 1
17 13 2288 1
52 27 2287 1
40 43 2287 1
40 42 2287 1
19 13 2287 1
52 4 2329 1
35 13 2288 1
35 13 2289 1
2 48 2290 1
54 3 2326 1
2 48 2291 1
54 66 2519 1
81 13 2292 1
21 23 2292 1
21 23 2293 1
39 50 2300 1
39 41 2301 1
52 42 2343 1
81 13 2310 1
6 42 2344 1
57 8 2373 1
57 36 2343 1
54 60 2426 1
9 66 2353 1
11 3 2370 1
6 29 2356 1
6 29 2357 1
57 43 2358 1
34 36 2359 1
34 36 2360 1
31 32 2363 1
31 32 2364 1
9 80 2365 1
52 18 2374 1
30 66 2367 1
11 12 2368 1
33 37 2369 1
54 42 2375 1
71 66 2370 1
6 7 2402 1
34 7 2399 1
16 43 2397 1
46 13 2377 1
51 38 2379 1
15 47 2381 1
81 13 2383 1
6 36 2401 1
15 7 2398 1
40 42 2398 1
34 8 2423 1
81 13 2413 1
6 43 2429 1
54 36 2431 2
57 63 2434 2
45 66 2436 2
31 10 2438 1
9 66 2440 1
30 66 2441 1
33 13 2443 1
81 13 2439 1
1 7 2454 1
44 13 2442 1
68 38 2447 1
15 7 2455 1
6 36 2478 1
34 3 2503 1
54 13 2496 1
6 29 2486 1
6 3 2517 1
71 66 2497 1
81 7 2509 1
15 7 2508 1
81 13 2524 1
6 47 2551 1
0 7 2556 1
52 28 2542 2
52 4 2602 1
17 36 2578 2
52 27 2562 1
52 42 2611 1
22 25 2573 1
6 3 2611 1
81 13 2599 1
6 29 2599 1
57 63 2602 1
54 7 2632 1
45 3 2626 1
52 42 2635 1
5 13 2806 1
81 13 2613 1
6 3 2650 1
15 7 2625 1
52 42 2665 1
57 36 2649 1
81 13 2650 1
45 7 2676 1
6 36 2657 1
5 7 2933 1
34 7 2684 1
81 13 2662 1
6 7 2707 1
5 13 2921 1
57 3 2719 1
5 7 3007 1
6 3 2753 1
6 13 2750 1
5 7 3057 1
54 10 2755 2
52 23 2757 1
45 63 2762 2
57 43 2749 1
34 10 2761 1
30 13 2762 2
68 8 2761 1
22 4 2771 1
6 3 2796 1
52 27 2765 1
30 66 2769 1
54 7 2807 1
71 13 2772 1
15 28 2767 1
14 18 2769 1
53 4 2770 1
35 13 2772 1
35 48 2776 1
21 24 2778 1
22 24 2777 1
49 50 2781 1
39 41 2783 1
15 7 2791 1
51 38 2782 1
16 67 2782 1
64 43 2782 1
40 4 2786 1
17 13 2788 1
35 48 2790 1
2 23 2792 1
21 24 2794 1
22 25 2796 1
49 50 2798 1
40 43 2799 1
44 13 2812 1
68 7 2833 1
6 36 2831 1
34 7 2857 1
52 4 2874 1
6 3 2875 1
6 7 2881 1
52 4 2888 1
15 7 2856 1
6 3 2894 1
81 13 2868 1
62 50 2865 1
64 43 2871 1
52 4 2918 1
5 66 3073 1
5 60 2887 1
81 13 2893 1
15 7 2893 1
81 13 2923 1
52 42 2954 1
0 7 2955 1
15 7 2932 1
52 27 2943 1
52 42 2977 1
52 27 2952 1
15 28 2954 1
26 18 2956 1
61 18 2955 1
16 20 2960 1
17 13 2962 1
52 27 2963 1
81 13 2961 1
15 18 2968 1
19 48 2965 1
26 18 2970 1
2 23 2967 1
81 13 2972 1
14 18 2971 1
21 24 2969 1
16 65 2975 1
22 25 2971 1
5 7 3157 1
52 42 3002 1
49 50 2973 1
17 13 2979 1
17 65 2977 1
39 41 2975 1
35 4 2997 1
2 23 2979 1
21 24 2981 1
52 67 2988 1
22 50 2984 1
62 41 2986 1
39 41 2985 1
64 43 2989 1
40 4 2991 1
52 27 2990 1
17 66 2994 1
53 4 2990 1
15 43 3029 2
35 48 2996 1
2 48 2995 1
22 25 3001 1
49 25 3003 1
16 67 3002 1
62 50 3002 1
17 13 3010 1
40 42 3007 1
2 48 3010 1
52 25 3029 1
21 24 3014 1
22 25 3019 1
52 27 3024 1
15 42 3059 1
22 25 3031 1
49 50 3033 1
39 41 3035 1
64 43 3037 1
52 4 3074 1
40 42 3036 1
5 60 3051 1
52 27 3052 1
5 7 3278 1
52 4 3088 1
52 4 3094 1
5 66 3408 1
81 7 3109 1
52 28 3072 1
17 65 3069 1
26 28 3074 1
26 18 3076 1
61 18 3075 1
16 67 3078 1
52 28 3090 1
19 13 3084 1
35 66 3086 1
15 4 3121 1
2 48 3088 1
14 43 3109 1
21 23 3090 1
21 24 3092 1
22 25 3094 1
49 50 3096 1
39 41 3098 1
40 42 3102 1
52 42 3131 1
39 50 3105 1
64 4 3114 1
81 13 3117 1
53 4 3111 1
52 42 3154 2
5 13 3486 1
52 27 3132 1
15 28 3134 1
26 18 3136 1
61 18 3135 1
16 20 3141 1
17 13 3143 1
35 66 3145 1
52 27 3146 1
2 48 3147 1
15 28 3149 1
21 24 3149 1
52 42 3188 1
26 18 3151 1
22 25 3151 1
61 67 3153 1
49 50 3153 1
16 20 3155 1
62 41 3155 1
17 65 3157 1
39 41 3154 1
40 43 3156 1
35 48 3161 1
2 23 3163 1
21 24 3165 1
22 25 3167 1
49 50 3169 1
39 41 3171 1
5 7 3791 1
5 60 3170 1
52 25 3198 1
64 43 3173 1
40 4 3175 1
52 65 3186 1
6 36 3183 1
49 50 3182 1
34 63 3185 1
45 7 3209 1
54 3 3222 1
52 23 3214 1
22 24 3194 1
22 50 3201 1
49 25 3196 1
49 50 3203 1
62 41 3205 1
39 4 3212 1
40 43 3205 1
6 7 3234 1
40 4 3206 1
52 4 3245 1
81 13 3209 1
2 23 3216 1
21 25 3220 1
22 50 3222 1
5 7 3820 1
49 41 3224 1
39 41 3226 1
64 43 3232 1
40 42 3226 1
52 4 3277 1
52 27 3250 1
52 27 3250 1
15 27 3251 1
15 18 3255 1
15 28 3256 2
15 41 3285 1
17 50 3273 1
6 3 3291 1
35 41 3284 2
2 48 3270 2
39 41 3268 1
21 24 3272 1
5 60 3272 1
5 66 3975 1
49 25 3274 1
22 50 3278 2
62 50 3276 1
39 41 3277 1
52 27 3275 1
39 41 3275 1
52 42 3311 1
64 42 3281 1
40 42 3280 1
53 4 3281 1
52 4 3322 1
15 7 3290 1
6 7 3327 1
52 42 3328 1
52 42 3341 1
6 3 3345 1
6 29 3317 1
6 8 3346 1
64 43 3326 1
15 4 3365 1
62 50 3332 1
81 13 3332 1
6 3 3370 1
64 43 3338 1
5 7 4099 1
40 42 3337 1
54 3 3392 1
82 66 3364 1
6 3 3406 1
6 3 3412 1
81 7 3440 1
52 4 3455 1
52 4 3472 1
6 7 3481 1
53 4 3454 1
9 10 3464 1
81 13 3482 1
15 7 3480 1
0 13 3512 1
15 28 3502 1
52 23 3518 1
26 18 3505 1
6 29 3511 2
54 29 3507 2
57 7 3535 1
16 67 3506 1
35 66 3514 1
15 7 3511 1
45 13 3527 2
2 23 3520 1
5 13 4151 1
21 66 3520 1
45 66 3530 2
22 25 3523 1
39 41 3527 1
49 50 3525 1
45 80 3524 1
39 43 3529 1
62 50 3524 1
64 42 3530 1
40 4 3532 1
52 27 3533 1
16 20 3542 1
17 13 3544 1
19 48 3547 1
15 8 3546 2
2 48 3549 1
57 13 3569 1
21 23 3550 1
15 18 3552 1
21 24 3552 1
14 18 3554 1
22 25 3554 1
61 18 3553 1
49 50 3556 1
16 65 3559 1
39 41 3558 1
64 42 3561 1
19 13 3561 1
6 7 3592 1
53 4 3560 1
35 66 3563 1
2 48 3565 1
52 42 3601 1
21 24 3567 1
22 25 3569 1
49 50 3572 1
52 4 3611 1
51 3 3579 1
39 41 3574 1
64 41 3573 1
40 42 3575 1
54 60 3665 1
6 3 3640 1
6 3 3657 1
54 29 3622 1
52 4 3656 1
57 3 3653 1
81 13 3625 1
5 3 4233 1
52 4 3668 1
81 13 3635 1
54 29 3633 1
54 3 3672 1
81 13 3645 1
6 7 3674 1
54 13 3671 1
81 13 3651 1
81 13 3659 1
81 13 3661 1
54 13 3687 1
6 29 3666 1
6 13 3685 1
51 7 3682 1
81 7 3701 1
81 13 3686 1
6 66 3733 1
71 13 3736 1
81 13 3734 1
44 7 3748 1
81 13 3746 1
6 3 3778 1
52 27 3753 1
15 4 3780 1
81 13 3769 1
15 7 3777 1
6 3 3832 1
6 7 3846 1
52 27 3817 1
52 4 3854 1
54 42 3841 1
57 36 3843 1
34 63 3846 1
45 32 3847 2
31 3 3871 1
6 3 3880 1
11 12 3853 1
81 13 3862 1
81 13 3866 1
6 3 3906 1
6 3 3916 1
81 13 3904 1
6 3 3943 1
5 66 4375 1
6 7 3969 1
52 4 3982 1
81 13 3971 1
81 7 4005 1
54 29 4023 2
34 66 4040 2
70 55 4021 2
70 63 4034 2
31 13 4050 2
81 13 4043 2
9 10 4036 2
30 66 4043 2
79 66 4045 2
44 13 4044 1
30 12 4046 1
46 13 4051 2
81 13 4050 1
15 7 4069 2
81 13 4065 1
54 60 4178 1
6 3 4149 1
54 60 4193 1
83 84 4135 1
85 86 4143 1
81 13 4140 1
81 7 4182 1
5 7 4449 1
52 42 4205 1
54 60 4243 1
81 13 4201 1
52 42 4233 1
52 27 4206 1
52 4 4244 1
52 27 4217 1
52 25 4241 1
54 66 4248 2
15 50 4262 1
70 63 4242 2
52 27 4242 1
53 4 4243 1
52 28 4249 1
62 41 4248 1
15 28 4251 1
26 18 4253 1
64 43 4248 1
44 13 4249 1
61 18 4254 1
68 13 4253 2
6 36 4258 1
22 25 4260 1
19 48 4263 1
34 63 4260 1
45 3 4282 1
62 41 4264 1
2 48 4264 1
39 41 4265 1
21 23 4266 1
64 42 4268 1
22 43 4272 1
15 8 4265 1
6 36 4270 1
40 4 4270 1
21 24 4265 1
53 4 4267 1
81 13 4267 1
49 43 4274 1
34 42 4277 1
45 63 4274 1
54 3 4305 1
31 3 4295 1
40 4 4278 1
53 4 4277 1
81 13 4278 1
52 4 4313 1
15 7 4281 1
6 36 4287 1
34 36 4286 1
45 3 4314 1
52 42 4323 1
52 27 4297 1
15 4 4335 1
52 27 4301 1
52 4 4341 1
15 27 4303 1
15 7 4304 1
14 18 4307 1
6 3 4342 1
52 28 4319 1
26 18 4322 1
52 4 4355 1
61 18 4321 1
6 3 4356 1
16 23 4335 1
81 13 4325 1
35 66 4332 1
52 27 4331 1
52 4 4368 1
53 4 4334 1
21 43 4346 1
5 7 4515 1
81 13 4338 1
52 4 4376 1
6 3 4377 1
64 42 4349 1
53 4 4351 1
52 27 4351 1
52 4 4388 1
6 3 4392 1
5 7 4647 1
5 60 4361 1
52 28 4369 1
15 27 4366 1
26 28 4371 1
14 48 4382 1
81 13 4369 1
1 13 4378 1
6 3 4414 1
81 7 4406 1
35 23 4385 1
21 42 4398 1
54 84 4435 1
15 7 4405 1
81 13 4419 1
87 63 4424 1
52 48 4452 1
83 60 4465 1
52 27 4436 1
15 27 4440 1
83 84 4438 1
15 28 4442 1
14 18 4444 1
54 3 4477 1
61 18 4443 1
16 20 4447 1
17 13 4449 1
19 13 4451 1
2 23 4454 1
21 25 4457 1
52 42 4483 1
49 50 4459 1
49 41 4461 1
39 41 4463 1
64 42 4466 1
52 4 4498 1
40 4 4468 1
81 13 4462 1
53 4 4463 1
52 27 4471 1
52 4 4508 1
81 13 4480 1
81 13 4487 1
52 27 4492 1
52 42 4525 1
52 43 4533 2
54 36 4508 1
6 63 4510 1
34 3 4540 1
45 3 4534 1
81 13 4522 1
6 36 4518 1
52 27 4518 1
35 43 4532 2
34 36 4520 1
15 28 4520 1
26 18 4522 1
45 7 4545 1
52 42 4553 2
61 18 4524 1
16 20 4526 1
22 50 4529 1
17 65 4528 1
19 13 4530 1
35 48 4532 1
52 43 4561 1
39 41 4530 1
2 23 4534 1
15 7 4533 1
40 43 4533 1
21 24 4536 1
22 25 4538 1
49 50 4540 1
62 41 4542 1
64 43 4544 1
40 42 4546 1
70 4 4545 1
54 29 4558 2
34 63 4558 2
52 27 4559 1
15 28 4561 1
5 7 4929 1
70 13 4580 2
45 38 4583 2
26 18 4564 1
40 4 4566 1
16 48 4572 1
53 4 4565 1
2 48 4572 1
21 24 4578 1
33 37 4579 2
22 25 4580 2
49 41 4583 1
6 3 4620 1
39 41 4585 1
40 42 4587 1
54 60 4654 1
40 4 4589 1
72 66 4589 1
15 7 4598 2
26 4 4623 1
6 3 4636 1
81 13 4609 1
6 29 4608 1
6 38 4636 1
52 27 4620 1
52 67 4631 1
81 13 4627 1
15 27 4624 2
6 3 4666 1
16 24 4645 1
19 42 4655 2
15 7 4642 1
21 41 4654 2
5 66 4685 1
81 13 4653 1
21 23 4648 1
52 27 4659 1
52 27 4663 2
70 4 4661 2
6 36 4669 1
15 28 4669 2
34 3 4696 1
16 42 4696 2
6 7 4709 1
81 13 4679 1
88 66 5012 1
2 43 4696 2
79 66 4695 2
52 4 4736 1
6 47 4741 2
6 36 4704 1
5 7 5156 1
34 3 4733 1
52 23 4728 1
15 7 4708 1
70 66 4732 2
0 13 4716 1
81 13 4724 1
6 3 4762 1
33 66 4734 2
21 4 4742 1
81 13 4731 1
44 13 4736 2
46 13 4734 1
53 4 4735 1
6 3 4776 1
51 7 4755 2
6 3 4791 1
54 3 4794 1
5 7 5279 1
81 13 4775 1
6 7 4809 1
54 36 4789 1
70 3 4821 1
5 7 5433 1
6 7 4834 1
54 7 4887 1
6 29 4856 1
34 7 4890 1
9 66 4867 1
6 7 4905 1
6 13 4907 1
81 13 4897 1
81 13 4900 1
46 3 4919 1
6 29 4910 1
6 3 4941 1
6 3 4962 1
11 37 4926 1
54 63 4938 2
6 13 4954 1
45 10 4947 2
45 10 4944 1
9 66 4946 1
30 12 4948 1
11 66 4950 1
6 7 4983 1
71 13 4957 1
1 13 4954 1
0 13 4961 1
44 38 4961 1
51 8 4966 1
54 3 4996 1
68 38 4966 1
15 8 4972 1
15 47 4966 1
54 3 5012 1
45 63 4986 1
31 32 4988 1
9 3 5009 1
81 7 5044 1
5 66 5366 1
52 4 5089 1
6 3 5092 1
52 4 5112 1
54 3 5110 1
52 42 5120 1
6 3 5121 1
15 7 5091 1
81 13 5098 1
81 13 5111 1
81 13 5121 1
5 66 5326 1
52 27 5153 1
52 4 5190 1
54 13 5181 2
45 3 5197 1
6 29 5169 1
6 3 5205 1
81 7 5194 1
6 3 5220 1
81 13 5190 1
54 60 5259 1
15 7 5196 1
15 7 5204 1
54 29 5216 1
6 7 5250 1
6 3 5266 1
5 7 5850 1
81 13 5252 1
6 3 5291 1
6 3 5301 1
81 13 5277 1
54 66 5863 1
81 13 5287 1
15 7 5290 1
54 29 5291 1
6 3 5327 1
6 3 5344 1
6 7 5355 1
54 60 5394 1
88 7 5531 1
54 3 5372 1
5 60 5344 1
54 7 5384 1
69 66 5385 1
81 7 5416 1
15 7 5383 1
81 13 5399 1
5 7 5940 1
6 7 5461 1
52 23 5468 1
54 13 5479 1
6 29 5462 2
52 28 5465 1
15 7 5460 1
34 41 5465 1
26 28 5467 1
45 3 5488 1
2 4 5484 2
14 18 5469 1
16 65 5473 1
11 37 5473 1
81 13 5471 1
17 13 5475 1
5 66 5962 1
19 13 5477 1
81 3 5493 1
2 48 5479 1
52 27 5477 1
21 23 5481 1
52 4 5513 1
21 24 5483 1
22 25 5485 1
49 50 5487 1
39 41 5489 1
64 43 5491 2
40 4 5493 1
81 13 5496 1
53 4 5492 1
52 4 5554 1
6 36 5531 1
15 7 5530 1
34 63 5534 1
45 32 5536 1
31 7 5558 1
6 3 5574 1
52 50 5568 1
6 29 5554 1
6 36 5556 1
54 43 5573 2
34 36 5558 1
81 13 5559 1
15 7 5557 1
45 3 5582 1
6 29 5564 1
45 12 5581 2
89 41 5572 1
6 13 5588 1
34 63 5572 1
30 13 5589 2
64 4 5577 2
15 7 5573 1
31 80 5580 1
54 29 5574 1
54 3 5621 1
1 13 5588 2
6 29 5590 1
44 13 5590 1
6 3 5624 1
9 66 5595 2
51 38 5636 1
71 13 5602 1
51 38 5597 1
54 29 5598 1
54 7 5647 1
15 7 5606 1
15 8 5603 1
6 7 5657 1
6 42 5614 1
39 90 5619 1
31 3 5643 1
6 7 5670 1
81 13 5624 1
6 29 5626 1
6 7 5661 1
81 13 5629 1
54 7 5689 1
15 7 5642 1
34 36 5644 1
52 18 5654 1
45 63 5645 1
9 80 5650 1
9 10 5651 1
30 66 5652 1
30 12 5656 1
54 29 5655 1
33 37 5655 1
16 20 5656 1
6 3 5703 1
17 13 5662 1
35 48 5665 1
81 13 5665 1
44 13 5663 1
2 23 5668 1
6 7 5700 1
21 25 5671 1
5 7 6031 1
22 25 5673 1
49 50 5675 1
39 41 5677 1
64 43 5679 1
40 42 5681 1
81 13 5680 1
52 27 5681 1
52 42 5717 1
81 13 5687 1
15 7 5688 1
6 3 5725 1
6 3 5733 1
15 28 5706 1
15 67 5711 1
52 27 5710 1
16 20 5714 1
52 4 5749 1
17 13 5717 1
19 48 5720 1
52 4 5755 1
2 24 5724 1
2 50 5729 1
6 3 5753 1
22 41 5731 1
39 42 5735 1
64 4 5738 1
52 4 5770 1
81 13 5738 1
6 29 5740 1
6 7 5774 1
52 27 5749 1
15 4 5779 1
6 29 5749 1
15 28 5752 1
6 29 5753 1
26 42 5784 1
52 91 5783 1
57 36 5755 1
30 66 5756 1
53 4 5754 1
34 3 5780 1
52 42 5802 1
15 24 5779 1
81 13 5768 1
21 24 5778 1
22 25 5782 1
49 4 5793 1
52 42 5822 1
6 3 5820 1
52 4 5832 1
53 4 5792 1
81 13 5811 1
52 27 5812 1
52 4 5847 1
15 42 5855 1
54 60 5891 1
5 7 6359 1
15 4 5868 1
52 4 5873 1
52 27 5841 1
52 4 5881 1
52 42 5889 1
81 13 5854 1
81 7 5897 1
81 13 5875 1
52 42 5913 1
52 4 5935 1
15 7 5896 1
15 4 5933 1
52 42 5937 1
52 27 5916 1
5 60 5915 1
81 13 5919 1
5 7 6454 1
15 42 5945 1
81 13 5919 1
52 42 5964 1
52 4 5972 1
53 4 5937 1
52 4 5985 1
81 7 5993 1
6 13 5977 1
52 42 5990 1
34 63 5961 1
81 13 5977 1
52 67 5977 1
52 4 6014 1
51 3 5986 1
17 65 5982 1
19 13 5984 1
52 27 5982 1
35 48 5986 1
52 42 6017 1
92 43 5985 1
2 24 5990 1
52 4 6023 1
64 4 5992 1
81 13 5993 1
22 25 5992 1
70 4 5993 1
49 91 5994 1
52 27 5996 1
52 27 5993 1
62 50 5996 1
15 27 5997 1
15 28 5998 1
26 28 5999 1
26 18 6000 1
52 27 6002 1
40 42 5999 1
14 18 5999 1
61 18 6000 1
15 28 6004 1
26 28 6006 1
52 4 6044 1
14 18 6008 1
61 4 6037 1
35 13 6008 1
2 48 6009 1
52 28 6015 1
2 23 6011 1
21 23 6013 1
21 24 6016 1
15 28 6017 1
22 25 6018 1
6 3 6049 1
26 18 6019 1
53 4 6017 1
49 50 6020 1
61 67 6021 1
62 50 6019 1
39 41 6020 1
16 13 6025 1
92 41 6020 1
64 42 6026 1
52 27 6023 1
19 13 6027 1
52 4 6061 1
35 48 6029 1
2 23 6031 1
21 24 6033 1
22 91 6036 1
81 13 6035 1
49 50 6038 1
92 41 6040 1
64 43 6042 1
40 42 6041 1
54 60 6130 1
6 36 6070 1
6 7 6099 1
34 3 6095 1
81 13 6084 1
81 13 6087 1
54 7 6133 1
5 7 6679 1
45 63 6107 1
54 3 6147 1
81 13 6131 1
54 13 6155 1
81 13 6156 1
0 3 6167 1
5 66 6688 1
6 3 6214 1
6 29 6186 1
6 3 6220 1
6 3 6242 1
6 29 6215 1
6 3 6248 1
6 7 6259 1
54 60 6331 1
81 13 6245 1
6 29 6247 1
6 7 6282 1
6 3 6288 1
6 29 6260 1
6 3 6299 1
81 13 6272 1
15 7 6272 1
54 60 6355 1
6 7 6309 1
81 13 6277 1
81 13 6283 1
81 13 6289 1
81 13 6294 1
54 3 6336 1
6 36 6305 1
34 3 6332 1
6 13 6345 1
81 13 6325 1
93 66 6876 1
81 13 6340 1
51 3 6355 1
5 60 6354 1
6 3 6390 1
6 3 6399 1
81 13 6371 1
6 3 6408 1
6 13 6404 1
54 38 6412 1
6 3 6427 1
0 3 6418 1
81 13 6405 1
15 7 6407 1
81 13 6416 1
15 8 6416 1
6 3 6487 1
6 36 6490 1
34 3 6517 1
52 28 6504 1
6 3 6536 1
26 18 6507 1
61 18 6506 1
16 20 6511 1
17 20 6510 1
17 65 6511 1
35 13 6516 1
52 42 6549 1
2 48 6518 1
21 23 6520 1
22 24 6522 1
6 29 6520 1
49 91 6524 1
6 36 6525 1
5 60 6526 1
62 41 6526 1
52 27 6524 1
5 66 6911 1
34 3 6548 1
39 41 6528 1
52 27 6528 1
40 42 6530 1
15 42 6555 1
40 4 6529 1
54 13 6552 1
52 4 6568 1
15 7 6547 1
81 3 6565 1
81 13 6555 1
6 3 6590 1
5 13 7013 1
6 29 6575 1
81 13 6572 1
57 36 6577 1
34 90 6580 1
45 7 6604 1
81 13 6580 1
54 7 6624 1
9 3 6623 1
6 3 6635 1
15 7 6603 1
6 3 6639 1
52 4 6647 1
52 4 6675 1
6 3 6686 1
52 4 6706 1
15 7 6678 1
81 13 6683 1
81 13 6691 1
81 7 6722 1
52 4 6729 1
54 3 6791 2
45 80 6764 1
52 27 6762 1
45 10 6766 1
52 27 6766 1
54 3 6802 1
30 3 6787 1
15 28 6768 1
26 18 6770 1
61 67 6772 1
16 20 6774 1
19 13 6776 1
6 3 6810 1
81 13 6775 1
35 48 6778 1
2 23 6780 1
21 24 6782 1
22 25 6784 1
52 28 6788 2
62 41 6786 1
39 43 6788 1
6 3 6819 1
26 67 6791 1
40 42 6790 1
53 4 6789 1
16 20 6794 1
16 67 6791 1
17 65 6793 1
19 66 6802 2
6 13 6818 1
52 4 6833 1
6 8 6832 1
21 24 6804 2
22 25 6806 2
49 91 6807 2
62 50 6808 2
92 41 6809 2
39 41 6807 1
6 3 6845 1
64 43 6812 2
81 13 6816 1
52 27 6818 1
94 7 6834 1
15 4 6848 1
52 27 6827 1
52 4 6861 1
54 3 6877 1
15 7 6844 1
40 4 6849 1
52 42 6891 1
69 13 6898 1
94 13 6891 1
94 7 6930 1
15 18 6909 1
94 13 6904 1
6 8 6946 1
14 67 6912 1
94 8 6947 1
52 27 6912 1
16 20 6914 1
15 28 6914 1
17 65 6916 1
26 18 6916 1
19 13 6918 1
61 67 6918 1
94 13 6920 1
35 48 6920 1
16 20 6920 1
2 23 6922 1
17 65 6922 1
22 25 6924 1
19 13 6924 1
49 91 6926 1
35 48 6926 1
62 41 6928 1
2 23 6928 1
64 43 6930 1
21 24 6930 1
15 42 6956 1
40 42 6932 1
22 91 6932 1
94 13 6930 1
53 4 6931 1
62 50 6934 1
6 43 6934 1
39 41 6933 1
34 3 6963 1
64 41 6934 1
40 42 6938 1
40 4 6937 1
53 4 6938 1
94 13 6941 1
52 27 6944 1
52 42 6979 1
94 13 6948 1
54 29 6959 1
6 63 6961 1
34 3 6986 1
45 7 6983 1
94 13 6970 1
94 13 6967 1
5 66 7147 1
6 36 6982 1
34 36 6981 1
45 7 7008 1
15 28 6997 1
26 95 6999 1
14 18 7001 1
16 67 7003 1
17 65 7005 1
94 13 7004 1
19 13 7007 1
52 13 7024 1
35 48 7009 1
52 27 7008 1
2 23 7011 1
15 28 7015 2
21 24 7013 1
22 25 7015 1
26 95 7013 1
49 50 7017 1
0 7 7043 1
14 18 7015 1
92 41 7016 1
16 67 7017 2
40 42 7020 1
35 13 7025 1
19 13 7021 2
2 23 7028 1
52 27 7023 1
52 42 7058 1
21 25 7030 1
94 13 7026 1
52 27 7034 1
52 42 7067 1
6 29 7047 1
6 36 7049 1
52 27 7046 1
34 63 7051 1
52 4 7085 1
45 63 7053 1
45 12 7057 1
96 97 7051 1
45 66 7059 1
11 13 7062 1
1 3 7070 1
94 3 7076 1
94 13 7063 1
94 13 7066 1
52 18 7076 1
6 29 7074 1
14 48 7087 1
57 36 7076 1
45 32 7079 1
52 42 7108 1
31 66 7082 1
30 37 7084 1
19 13 7085 1
71 66 7086 1
35 23 7090 1
94 13 7085 1
2 24 7092 1
0 13 7089 1
94 13 7091 1
52 27 7087 1
21 4 7107 1
44 3 7098 1
52 4 7124 1
6 3 7126 1
22 50 7094 1
62 41 7096 1
52 42 7127 1
64 43 7098 1
40 42 7100 1
70 4 7099 1
94 13 7108 1
94 13 7109 1
52 4 7142 1
54 3 7147 1
94 13 7114 1
52 4 7156 1
53 4 7123 1
94 13 7133 1
52 27 7128 1
6 13 7147 1
52 42 7164 2
94 13 7132 1
94 13 7143 1
94 7 7180 1
16 67 7138 1
52 4 7175 1
17 13 7145 1
52 4 7181 1
35 13 7147 1
94 13 7148 1
15 7 7146 1
2 48 7146 1
0 3 7160 1
2 23 7150 2
54 60 7221 1
94 13 7159 1
15 7 7159 1
52 4 7196 1
54 13 7194 1
53 4 7174 1
52 23 7197 1
9 10 7187 2
94 13 7189 1
94 13 7194 1
2 42 7209 1
44 3 7206 1
52 3 7259 1
64 43 7208 1
40 42 7210 1
15 28 7226 2
6 29 7227 1
17 43 7251 2
52 27 7243 1
15 67 7248 1
2 41 7254 2
15 42 7278 1
61 13 7253 1
17 42 7274 1
52 27 7251 1
52 27 7256 1
6 3 7292 1
15 42 7285 1
96 97 7256 1
5 7 7428 1
52 41 7291 1
40 42 7262 2
6 3 7304 1
52 25 7293 1
6 13 7311 2
52 27 7282 1
52 13 7301 1
96 97 7286 1
40 4 7300 1
64 41 7298 1
52 27 7299 1
40 42 7303 1
52 18 7309 1
15 7 7303 1
0 13 7306 1
21 4 7322 1
6 3 7337 1
54 29 7309 1
52 28 7314 1
6 13 7330 1
5 13 7715 1
17 4 7339 1
6 3 7347 1
61 4 7348 1
15 8 7324 2
94 13 7324 1
0 3 7343 1
52 4 7368 1
6 3 7369 1
5 7 7773 1
94 13 7378 1
94 13 7386 1
52 42 7418 1
5 7 7870 1
6 55 7453 2
5 66 7988 1
34 13 7473 2
30 12 7463 2
5 78 7652 1
46 38 7476 2
44 13 7475 2
6 36 7494 1
34 90 7497 1
6 3 7532 1
45 3 7523 1
6 3 7543 1
94 13 7512 1
54 3 7553 1
94 13 7524 1
6 36 7530 1
45 10 7530 2
34 63 7532 1
45 7 7555 1
6 3 7571 1
6 3 7584 1
5 60 7560 1
5 60 7656 1
54 7 8180 1
6 3 7614 1
6 3 7631 1
6 3 7639 1
52 28 7627 1
61 18 7634 1
17 42 7658 1
19 13 7635 1
6 3 7667 1
35 48 7637 1
2 23 7639 1
21 24 7641 1
22 91 7643 1
62 42 7647 1
40 42 7649 1
54 7 7682 1
59 7 8239 1
52 42 7741 1
46 7 7733 1
52 4 7810 1
6 3 7811 1
6 3 7821 1
94 13 7801 1
5 66 8276 1
6 7 7904 1
15 28 7887 1
26 18 7891 1
16 67 7894 1
54 3 7923 1
17 13 7898 1
52 27 7895 1
52 28 7900 1
19 48 7901 1
26 28 7902 1
2 48 7903 1
14 42 7926 1
21 24 7905 1
22 25 7908 1
94 13 7907 1
49 50 7910 1
5 78 8025 1
62 41 7912 1
64 43 7914 1
40 43 7913 1
52 13 7935 1
19 13 7938 1
2 48 7937 1
35 48 7940 1
2 23 7942 1
21 24 7944 1
22 25 7946 1
49 91 7948 1
89 50 7947 1
62 50 7950 2
39 43 7954 1
6 8 7981 1
6 29 7952 1
40 4 7956 2
6 3 7986 1
22 66 7962 1
5 60 7970 1
6 3 7999 1
5 13 8325 1
52 4 8024 1
94 7 8019 1
15 7 7998 1
6 3 8043 1
54 3 8052 1
77 7 8337 1
77 78 8038 1
94 13 8032 1
6 13 8066 1
54 13 8063 1
52 4 8091 1
44 13 8067 1
46 38 8070 1
51 47 8073 1
52 27 8069 1
15 7 8076 1
52 28 8074 1
26 95 8076 1
52 27 8078 1
14 67 8079 1
15 42 8106 1
16 4 8101 1
54 7 8115 1
52 42 8124 1
52 27 8096 1
52 7 8161 1
6 7 8136 1
94 13 8108 1
6 7 8143 1
54 7 8146 1
15 27 8128 1
15 67 8134 1
17 13 8139 1
19 13 8141 1
2 48 8143 1
21 24 8146 1
15 27 8144 1
22 25 8148 1
26 42 8175 1
49 91 8150 1
62 41 8152 1
39 43 8154 1
40 42 8156 1
52 27 8165 1
15 28 8167 1
26 18 8169 1
61 67 8171 1
6 43 8173 1
16 20 8173 1
34 7 8202 1
17 13 8175 1
35 13 8177 1
2 48 8179 1
21 24 8181 1
22 25 8183 1
52 27 8184 1
49 50 8185 1
62 41 8187 1
64 43 8189 1
40 42 8191 1
53 4 8190 1
52 4 8231 1
35 42 8215 2
15 7 8201 1
52 42 8246 1
5 78 8253 1
77 7 8703 1
5 60 8255 1
5 13 8754 1
94 7 8308 1
94 13 8327 1
52 24 8351 1
5 66 8788 1
15 23 8348 1
52 27 8329 1
26 23 8345 1
0 7 8354 1
15 7 8336 1
52 4 8375 1
35 48 8349 1
52 27 8343 1
2 24 8353 1
52 4 8385 1
21 25 8355 1
22 91 8357 1
6 29 8350 1
49 41 8360 1
6 3 8383 1
62 43 8362 1
52 4 8387 1
15 7 8353 1
5 66 8745 1
52 27 8354 1
64 43 8355 1
52 4 8394 1
40 42 8357 1
40 42 8364 1
52 42 8395 1
53 4 8359 1
70 4 8366 1
52 4 8401 1
54 3 8399 1
52 48 8389 1
94 13 8380 1
35 24 8393 1
52 42 8424 1
21 42 8406 1
22 4 8404 1
52 43 8425 1
52 27 8403 1
52 91 8431 1
5 66 9088 1
6 29 8412 1
57 36 8414 1
98 24 8413 1
45 32 8417 1
22 24 8414 1
22 25 8415 1
92 41 8419 1
31 7 8438 1
52 48 8436 1
89 50 8419 1
54 13 8444 2
92 41 8420 1
39 41 8421 1
52 27 8440 1
52 13 8440 1
45 63 8429 1
45 90 8430 2
31 32 8431 1
45 80 8429 1
9 10 8430 1
30 12 8435 1
39 4 8443 1
33 37 8435 1
94 13 8437 1
22 4 8453 1
0 13 8439 1
0 13 8442 1
2 23 8449 1
2 48 8444 1
21 24 8450 1
52 27 8445 1
98 25 8452 1
49 91 8454 1
62 41 8456 1
92 41 8457 1
61 18 8454 1
16 67 8454 1
15 47 8455 2
64 42 8460 1
17 20 8460 1
6 3 8489 1
40 4 8461 1
19 48 8465 1
15 28 8463 1
19 65 8460 1
35 23 8467 1
26 95 8465 1
52 4 8500 1
2 24 8469 1
14 18 8467 1
98 25 8472 1
16 20 8470 1
52 42 8502 1
22 41 8475 1
17 65 8472 1
54 29 8470 1
62 41 8477 1
19 48 8476 1
6 3 8500 1
39 43 8479 1
2 23 8478 1
40 4 8482 1
52 4 8516 1
21 24 8480 1
22 25 8482 1
49 50 8484 1
62 41 8486 1
64 43 8488 1
40 4 8491 1
52 4 8533 1
52 27 8505 1
54 7 8537 1
15 28 8507 1
26 67 8511 1
16 20 8514 1
17 65 8516 1
15 27 8518 1
19 13 8518 1
35 48 8520 1
26 18 8523 1
2 23 8522 1
14 18 8525 1
21 25 8525 1
22 25 8527 1
16 65 8529 1
17 13 8532 1
49 50 8529 1
92 41 8530 1
19 48 8531 1
39 41 8529 1
2 23 8537 1
64 43 8533 1
35 48 8535 1
21 4 8554 1
40 42 8535 1
98 24 8537 1
22 43 8543 1
52 4 8577 1
6 36 8547 1
70 4 8545 1
34 63 8549 1
45 3 8573 1
6 3 8594 1
54 3 8605 1
31 32 8583 2
52 4 8617 1
52 4 8626 1
15 27 8600 2
17 65 8604 1
61 18 8604 2
35 13 8607 1
6 3 8640 1
21 23 8610 1
52 42 8658 1
35 43 8633 2
21 24 8619 1
2 41 8637 2
52 4 8674 1
64 43 8631 1
6 3 8671 1
40 4 8647 2
52 27 8646 1
15 4 8682 1
16 20 8663 2
52 27 8664 1
15 28 8666 1
19 42 8689 2
26 95 8668 1
14 18 8670 1
16 67 8670 1
17 65 8675 1
53 4 8673 1
19 13 8677 1
35 48 8679 1
2 23 8681 1
21 24 8683 1
6 3 8718 1
22 25 8685 1
49 91 8684 1
62 41 8688 1
17 42 8709 2
39 43 8690 1
16 67 8695 2
52 27 8693 1
6 3 8728 1
52 27 8697 1
15 4 8737 1
35 48 8702 1
2 24 8705 1
98 24 8708 1
62 50 8705 1
52 4 8749 1
92 41 8707 1
22 25 8710 1
62 50 8710 2
94 13 8712 1
49 50 8712 1
92 41 8711 1
15 7 8717 1
52 43 8756 1
57 13 8747 1
94 13 8731 1
19 13 8740 1
5 7 9175 1
35 41 8751 1
6 47 8773 1
72 7 9032 1
51 38 8749 1
89 50 8752 1
39 42 8761 1
15 47 8754 1
64 43 8756 1
40 4 8758 1
68 7 8772 1
94 7 8818 1
5 66 9183 1
6 7 8875 1
5 60 8862 1
5 66 9313 1
6 13 8898 1
6 3 8923 1
94 7 8913 1
94 13 8904 1
6 36 8934 1
34 3 8959 1
6 7 8982 1
6 13 8986 1
94 7 9000 1
6 7 9035 1
94 13 9000 1
52 27 9009 1
52 4 9044 1
5 13 9360 1
6 3 9075 1
52 27 9063 1
52 4 9101 1
6 8 9096 1
15 7 9074 1
94 13 9080 1
71 66 9081 2
94 7 9120 1
52 4 9141 1
6 43 9121 1
57 3 9151 1
54 78 9182 1
94 13 9133 1
5 66 9477 1
94 13 9144 1
94 13 9217 1
59 60 9191 1
54 3 9242 1
54 66 9227 2
6 13 9240 2
5 7 9813 1
70 63 9220 1
9 7 9257 1
54 7 9273 1
6 3 9266 1
46 13 9238 1
6 29 9239 1
54 7 9283 1
51 38 9247 1
26 4 9286 1
15 8 9251 2
94 13 9251 1
6 27 9290 1
6 13 9290 1
6 3 9310 1
6 3 9316 1
45 3 9302 1
94 7 9307 1
26 4 9317 1
6 3 9325 1
34 36 9296 1
15 7 9301 1
52 27 9310 1
6 38 9341 1
94 7 9349 1
52 27 9311 1
15 95 9317 1
15 28 9313 1
14 18 9319 1
16 20 9321 1
52 27 9320 1
52 27 9320 1
17 65 9323 1
15 28 9324 1
19 13 9325 1
26 95 9326 1
35 48 9327 1
14 18 9328 1
21 23 9329 1
16 20 9330 1
22 25 9331 1
17 65 9332 1
49 91 9333 1
52 20 9347 1
19 13 9331 1
62 41 9335 1
35 48 9335 1
64 43 9337 1
2 48 9334 1
21 23 9338 1
40 4 9339 1
98 25 9340 1
49 50 9342 1
89 41 9344 1
52 27 9342 1
64 43 9346 1
26 95 9361 1
15 28 9347 1
40 4 9348 1
52 27 9352 1
19 24 9363 1
15 4 9394 1
94 13 9356 1
2 48 9373 1
94 7 9396 1
6 47 9388 1
22 91 9368 1
52 4 9408 1
49 41 9372 1
92 42 9378 1
64 43 9370 1
40 42 9369 1
52 4 9423 1
39 41 9375 2
15 28 9383 1
40 42 9379 1
26 95 9385 1
52 27 9380 1
14 67 9387 1
16 65 9390 1
17 65 9391 1
15 8 9391 1
19 13 9393 1
35 48 9395 1
2 24 9399 1
53 4 9393 1
21 25 9401 1
22 91 9403 1
5 66 10007 1
49 41 9405 1
92 41 9406 1
64 43 9408 1
40 42 9411 1
52 42 9453 1
6 7 9459 1
52 4 9463 1
52 23 9447 1
52 27 9435 1
52 42 9473 1
6 3 9474 1
6 8 9481 1
52 4 9496 1
15 7 9458 1
53 4 9462 1
94 7 9508 1
6 3 9517 1
5 7 10062 1
52 25 9525 1
6 43 9506 2
94 13 9503 1
15 25 9526 1
6 13 9545 2
34 3 9535 1
52 27 9511 1
15 13 9524 1
52 48 9534 1
45 63 9517 1
52 66 9537 1
35 48 9527 1
35 48 9524 1
9 66 9528 1
30 7 9545 1
2 23 9529 1
6 42 9542 1
33 37 9529 1
64 4 9543 1
64 32 9538 1
71 66 9535 1
62 50 9533 1
45 90 9537 1
92 41 9538 2
0 13 9541 1
44 13 9538 1
22 4 9553 1
98 4 9555 1
6 29 9542 1
52 95 9550 1
54 7 9596 1
44 13 9548 2
17 4 9582 1
6 38 9587 1
15 4 9605 1
6 7 9614 1
52 4 9611 1
6 29 9579 1
6 38 9608 1
94 13 9586 1
52 27 9590 1
94 13 9594 1
15 28 9596 1
26 4 9625 1
17 13 9606 1
94 13 9603 1
5 7 10226 1
52 27 9608 1
21 23 9609 1
52 27 9609 1
15 18 9617 1
49 50 9618 1
16 20 9621 1
17 65 9623 1
19 13 9626 1
2 48 9628 1
2 23 9630 1
34 63 9629 1
98 24 9632 1
54 55 9639 2
45 63 9630 1
22 25 9634 1
45 90 9631 1
31 32 9632 1
49 50 9636 1
31 80 9633 1
9 10 9634 1
92 41 9638 1
9 10 9635 1
52 48 9653 1
30 66 9636 1
11 12 9637 1
33 37 9638 1
71 66 9639 1
45 32 9648 2
31 80 9648 2
9 10 9642 1
9 10 9656 2
30 66 9644 1
45 63 9644 2
11 12 9645 1
33 37 9646 1
94 66 9648 1
94 13 9649 1
30 37 9655 2
45 66 9662 2
6 7 9699 1
98 4 9669 1
44 13 9659 2
15 28 9664 1
6 29 9661 1
6 13 9686 1
26 28 9663 1
68 38 9665 2
52 27 9667 1
51 38 9669 1
17 65 9671 1
35 48 9677 1
14 18 9680 1
2 23 9680 1
16 20 9683 1
52 27 9678 1
21 24 9682 1
15 65 9694 1
17 13 9685 1
15 41 9706 1
22 25 9684 1
15 7 9682 1
35 66 9688 1
49 50 9686 1
54 3 9722 1
2 48 9689 1
92 41 9688 1
2 23 9691 1
39 41 9687 1
21 24 9694 1
40 42 9692 1
52 27 9690 1
17 48 9699 1
22 91 9696 1
70 4 9691 1
52 27 9695 2
53 4 9692 1
49 43 9700 1
2 50 9707 1
2 48 9695 1
6 3 9733 1
64 4 9705 1
94 13 9704 1
49 50 9709 1
15 28 9705 1
19 13 9707 1
92 41 9710 1
26 4 9738 1
39 4 9716 1
64 4 9713 1
35 48 9710 2
21 24 9714 2
52 28 9715 1
6 3 9746 1
98 42 9724 2
26 28 9717 1
49 91 9715 1
94 13 9715 1
14 18 9720 1
62 50 9716 1
92 50 9717 1
39 41 9718 1
61 65 9724 1
45 99 9721 2
17 13 9726 1
6 7 9757 1
19 13 9728 1
2 48 9730 1
34 63 9731 1
2 23 9732 1
6 3 9763 1
21 91 9736 1
52 4 9776 2
49 50 9738 1
62 41 9740 1
39 43 9742 1
6 3 9775 1
40 42 9744 1
52 4 9784 1
40 4 9746 1
15 7 9745 1
15 7 9762 1
52 4 9809 1
2 50 9783 2
21 23 9777 1
52 28 9782 1
52 4 9819 1
26 95 9784 1
14 67 9787 1
16 20 9789 1
17 20 9788 1
19 13 9793 1
35 48 9795 1
2 23 9797 1
52 18 9805 2
21 24 9799 1
22 25 9801 1
49 50 9803 1
92 41 9805 1
64 43 9807 1
40 43 9806 1
54 7 9849 2
5 66 10125 1
2 43 9827 2
6 7 9861 1
6 3 9869 1
34 36 9834 1
5 73 10128 1
6 7 9874 1
51 38 9840 1
52 4 9903 1
15 7 9874 1
54 7 9923 1
6 36 9898 1
15 67 9904 2
5 78 10134 1
34 63 9900 1
45 8 9920 1
6 3 9940 1
17 4 9934 2
14 18 9907 2
34 99 9912 1
45 90 9914 1
31 3 9934 1
52 4 9958 1
21 36 9932 2
54 43 9930 1
6 63 9933 1
34 7 9963 1
45 80 9936 1
15 7 9933 1
9 10 9938 1
30 66 9942 1
54 7 9974 1
94 13 9945 1
44 13 9948 1
52 4 9982 1
68 13 9948 1
51 8 9955 1
6 29 9954 1
6 7 9990 1
53 4 9957 1
15 7 9962 1
6 3 10003 1
57 29 9979 1
57 36 9980 1
45 99 9982 1
45 90 9983 1
31 32 9984 1
9 80 9985 1
30 66 9986 1
11 12 9987 1
33 37 9988 1
94 13 9990 1
94 13 10010 1
6 3 10045 1
44 7 10040 1
15 7 10039 1
6 43 10044 1
34 3 10069 1
6 3 10091 1
5 7 10751 1
54 60 10144 1
70 55 10099 1
15 42 10138 1
54 7 10134 1
52 42 10147 1
52 4 10158 1
52 27 10127 1
88 7 10389 1
52 95 10137 1
72 7 10571 1
15 7 10133 1
75 7 10594 1
14 18 10140 1
61 20 10143 1
16 20 10145 1
17 4 10173 1
19 42 10164 1
6 3 10194 1
52 4 10217 1
5 66 10746 1
6 3 10253 1
6 29 10225 1
6 7 10254 1
6 3 10271 1
54 60 10335 1
6 47 10310 2
5 66 10845 1
54 29 10283 1
6 29 10292 2
34 13 10311 2
70 13 10317 2
6 29 10300 1
6 36 10308 2
30 66 10302 1
34 13 10328 2
30 66 10314 2
33 37 10316 2
0 13 10324 1
51 38 10323 2
6 7 10360 1
54 38 10410 1
57 8 10413 1
6 7 10446 1
6 3 10469 1
6 7 10507 1
34 63 10481 1
6 29 10489 1
57 63 10492 1
94 13 10490 1
45 7 10518 1
52 27 10505 1
15 42 10541 1
94 13 10520 1
94 13 10526 1
15 42 10574 1
5 13 10907 1
6 8 10636 1
6 3 10642 1
52 4 10649 1
6 8 10642 1
100 38 10631 1
6 7 10693 1
5 101 10770 1
6 3 10713 1
94 13 10680 1
52 27 10697 1
94 13 10695 1
15 95 10700 1
26 18 10702 1
61 18 10704 1
16 65 10707 1
94 13 10712 1
17 65 10709 1
19 48 10712 1
52 4 10747 1
2 23 10715 1
21 24 10717 1
22 91 10720 1
52 42 10751 1
49 43 10725 1
54 78 10906 1
64 43 10727 1
40 42 10729 1
52 18 10736 1
94 13 10736 1
26 67 10739 1
70 63 10734 1
52 27 10739 1
15 67 10746 1
16 65 10743 1
94 13 10775 1
19 13 10745 1
35 13 10747 1
2 23 10750 1
16 20 10748 1
17 65 10750 1
21 24 10753 1
21 23 10749 1
52 4 10787 1
22 91 10756 1
19 48 10755 1
49 41 10758 1
2 23 10757 1
62 43 10760 1
21 24 10759 1
39 43 10762 1
22 25 10761 1
40 42 10763 1
52 28 10767 1
49 91 10763 1
40 4 10765 1
52 27 10761 1
62 43 10767 1
26 95 10768 1
5 78 10785 1
14 20 10773 1
40 42 10770 1
52 27 10769 1
16 13 10778 1
52 20 10781 1
52 27 10813 1
72 7 11011 1
35 48 10780 1
2 48 10782 1
16 65 10784 1
2 23 10784 1
52 4 10823 1
21 24 10786 1
22 25 10788 1
17 65 10790 1
15 4 10816 1
49 99 10790 2
35 42 10804 1
62 43 10793 2
77 73 10899 1
64 42 10796 1
40 4 10798 1
52 27 10793 1
52 27 10797 1
15 28 10799 1
6 3 10830 1
26 42 10827 1
52 42 10844 1
5 60 10821 1
6 3 10850 1
52 41 10857 1
6 29 10825 1
6 63 10831 1
53 4 10827 1
52 18 10837 1
34 3 10855 1
14 67 10841 1
61 4 10870 1
94 13 10838 1
17 65 10842 1
17 13 10844 1
94 7 10875 1
35 48 10846 1
2 48 10848 1
6 3 10877 1
21 24 10851 1
22 25 10853 1
54 66 11102 1
49 50 10855 1
52 4 10892 1
39 4 10862 1
6 29 10870 1
57 36 10872 1
54 60 10945 1
34 99 10874 1
45 32 10876 1
45 63 10875 1
31 7 10894 1
5 76 10912 1
102 103 10884 1
52 4 10937 1
72 66 11101 1
75 66 11328 1
0 7 10940 1
5 60 10919 1
52 4 10951 1
52 4 10965 1
6 29 10930 1
6 7 10962 1
54 3 10978 1
53 4 10950 1
6 7 10996 1
94 13 10968 1
52 4 11008 1
52 27 10978 1
52 24 11004 1
6 29 10982 1
6 7 11015 1
19 4 11006 1
34 63 10990 1
6 3 11021 1
52 42 11026 1
54 13 11016 1
57 7 11033 1
98 24 11005 1
22 25 11007 1
49 50 11009 1
62 41 11011 1
53 4 11007 1
92 43 11013 1
64 43 11014 1
35 13 11011 1
94 13 11011 1
40 4 11017 1
40 43 11015 1
52 43 11050 1
21 23 11015 1
98 24 11016 1
98 24 11017 1
22 25 11018 1
52 27 11022 1
15 7 11020 1
49 91 11020 1
15 28 11024 1
26 13 11033 1
92 41 11023 1
15 47 11030 1
19 13 11036 1
35 48 11037 1
6 36 11039 1
2 24 11041 1
34 3 11067 1
98 24 11043 1
22 25 11045 1
49 91 11044 1
62 99 11048 1
15 23 11068 1
64 4 11054 1
54 3 11082 1
15 95 11054 1
52 27 11052 1
52 4 11092 1
14 20 11060 1
54 60 11135 1
52 27 11058 1
52 28 11065 1
17 13 11063 1
52 27 11063 1
15 67 11071 1
35 13 11066 1
26 95 11066 1
14 65 11074 1
21 23 11069 1
16 13 11077 1
98 4 11084 1
17 65 11074 1
19 23 11082 1
35 23 11079 1
54 29 11076 1
52 4 11115 1
2 4 11099 1
2 48 11077 1
54 3 11111 1
21 24 11079 1
21 4 11094 1
6 7 11113 1
52 27 11084 1
52 4 11124 1
15 27 11085 1
15 4 11120 1
94 13 11092 1
19 13 11098 1
52 27 11102 1
6 7 11132 1
15 28 11104 1
94 13 11102 1
26 18 11107 1
88 7 11724 1
61 67 11110 1
52 27 11112 1
16 20 11109 1
62 99 11110 1
79 66 11111 1
17 48 11116 1
15 42 11144 1
52 4 11150 1
2 48 11119 1
21 23 11121 1
79 66 11120 1
98 24 11123 1
22 50 11126 1
62 41 11128 1
6 7 11157 1
52 4 11163 1
39 43 11130 1
64 42 11132 1
40 4 11134 1
54 60 11199 1
52 4 11176 1
69 66 11164 1
6 29 11142 1
6 7 11175 1
6 29 11151 1
6 29 11155 1
54 29 11154 1
57 36 11157 1
6 7 11188 1
34 3 11184 1
69 66 11204 1
94 13 11170 1
15 7 11175 1
6 3 11212 1
54 13 11200 1
15 7 11183 1
94 3 11215 1
52 42 11238 1
6 3 11240 1
79 66 11245 1
94 13 11228 1
94 7 11274 1
6 7 11293 1
94 13 11276 1
94 13 11280 1
6 7 11331 1
54 7 11345 1
6 7 11348 1
52 4 11347 1
94 13 11325 1
6 36 11329 1
6 3 11365 1
94 13 11331 1
34 3 11358 1
15 7 11330 1
69 66 11338 1
6 29 11333 1
94 13 11339 1
6 3 11368 1
69 66 11371 1
94 13 11344 1
6 7 11378 1
94 13 11349 1
6 7 11392 1
69 66 11382 1
94 13 11375 1
57 32 11386 1
6 29 11379 1
6 66 11392 1
45 99 11386 2
45 10 11389 1
69 66 11393 1
9 24 11393 1
30 37 11395 1
11 37 11396 1
71 66 11398 1
94 13 11400 1
6 7 11426 1
0 13 11402 1
69 66 11443 1
44 13 11404 1
46 13 11405 1
51 8 11410 1
15 7 11412 1
94 13 11409 1
54 7 11894 1
6 7 11453 1
6 7 11475 1
69 66 11456 1
6 3 11490 1
69 66 11515 1
5 66 11895 1
6 3 11545 1
6 29 11522 1
57 3 11550 1
69 66 11530 1
69 66 11542 1
94 13 11536 1
5 7 11994 2
6 43 11564 1
57 3 11591 1
54 63 11574 2
59 76 11580 1
45 66 11592 2
31 66 11583 2
9 12 11585 2
11 66 11587 2
6 7 11614 1
69 66 11583 1
71 13 11590 2
94 3 11599 1
69 66 11664 1
46 13 11593 1
15 47 11606 2
94 13 11628 1
6 36 11630 1
34 13 11648 1
54 47 11679 1
51 7 11658 1
15 8 11681 1
94 13 11684 1
5 66 12200 1
54 66 11747 2
30 66 11740 2
45 13 11750 2
33 13 11746 2
5 66 12242 1
79 66 11746 2
0 13 11750 2
46 13 11750 2
6 43 11755 1
34 63 11757 1
44 13 11755 1
45 90 11759 1
31 80 11761 1
15 47 11798 1
9 66 11763 1
11 37 11765 1
71 13 11768 1
15 7 11765 1
6 3 11793 1
0 13 11770 1
44 13 11772 1
68 38 11774 1
51 7 11778 1
52 27 11784 1
52 4 11821 1
6 8 11831 2
31 80 11809 2
6 36 11821 1
52 42 11849 1
34 3 11849 1
54 7 11863 1
94 13 11831 1
94 13 11864 1
6 8 11907 1
30 66 11887 1
1 7 11930 1
54 7 11949 1
6 3 11958 1
52 4 11972 1
5 66 12058 1
6 8 11992 1
81 13 11961 1
52 28 11970 1
52 27 11968 1
54 7 12013 1
15 67 11975 1
26 67 11973 1
53 4 11971 1
17 13 11981 1
16 20 11978 1
54 7 12023 1
19 13 11983 1
35 48 11985 1
52 28 11984 1
2 4 12002 1
21 25 11986 1
26 4 12014 1
22 91 11988 1
52 4 12022 1
54 7 12038 1
62 99 11990 1
39 41 11992 1
64 42 11994 1
6 29 12048 1
15 7 11993 1
40 4 11996 1
6 90 12000 1
94 13 11999 1
52 4 12037 1
31 8 12019 1
54 60 12080 1
6 13 12026 1
94 13 12013 1
34 63 12015 1
52 28 12022 1
52 27 12019 1
52 67 12029 1
9 10 12021 1
26 18 12025 1
6 29 12021 1
15 7 12022 1
6 36 12026 1
33 37 12024 1
61 67 12030 1
16 48 12036 1
34 36 12028 1
17 13 12031 1
45 7 12051 1
44 7 12039 1
52 27 12028 1
19 13 12032 1
52 4 12064 1
35 13 12031 1
35 48 12038 1
2 48 12035 1
94 13 12037 1
2 24 12042 1
6 8 12068 1
21 24 12039 1
21 23 12035 1
22 25 12041 1
52 42 12073 1
6 47 12068 1
49 4 12055 1
98 91 12045 1
5 76 12050 1
39 41 12042 1
92 41 12045 1
64 41 12044 1
34 99 12048 1
40 42 12048 1
40 4 12050 1
93 47 12562 2
52 4 12084 1
94 13 12050 1
6 36 12064 1
72 7 12380 1
34 7 12091 1
52 28 12083 1
26 18 12085 1
52 27 12079 1
61 67 12088 1
6 7 12117 1
16 25 12101 1
52 4 12126 1
21 50 12103 1
49 43 12107 2
62 41 12104 1
64 42 12109 2
40 4 12112 1
52 27 12106 1
52 4 12141 1
54 36 12116 1
6 63 12119 1
52 27 12114 1
57 36 12117 1
52 43 12146 1
34 3 12147 1
45 7 12144 1
52 24 12138 1
6 3 12161 1
52 4 12158 1
94 13 12134 1
52 4 12174 1
64 43 12148 1
52 4 12185 1
40 42 12151 1
70 4 12149 1
52 42 12188 1
6 7 12199 1
52 4 12203 1
15 28 12176 1
26 95 12178 1
61 18 12178 1
94 13 12183 1
17 13 12186 1
16 20 12183 1
35 13 12188 1
94 13 12186 1
2 48 12187 1
21 24 12193 1
22 42 12203 1
94 7 12226 1
52 27 12198 1
15 7 12198 1
52 42 12235 1
52 4 12244 1
52 27 12216 1
52 29 12256 1
15 23 12255 1
52 4 12278 1
79 66 12257 2
52 4 12291 1
2 23 12257 1
57 36 12258 1
98 24 12259 1
34 99 12260 1
22 25 12261 1
79 66 12259 2
49 50 12263 1
45 47 12281 1
92 41 12265 1
64 43 12267 1
40 42 12269 1
53 4 12268 1
6 3 12303 1
52 27 12283 1
15 4 12317 1
6 7 12315 1
52 4 12329 1
81 13 12301 1
71 7 12357 1
52 4 12353 1
6 13 12340 1
5 7 12587 1
52 27 12328 1
94 13 12330 1
15 42 12365 1
6 3 12363 1
52 27 12343 1
15 67 12349 1
52 4 12383 1
51 7 12350 1
16 20 12352 1
52 27 12354 1
6 7 12384 1
19 13 12355 1
52 4 12392 1
35 48 12360 1
2 25 12365 1
22 99 12369 1
52 4 12402 1
6 7 12394 1
62 41 12371 1
64 41 12370 1
52 27 12371 1
64 43 12374 1
52 4 12409 1
40 4 12376 1
15 7 12379 1
15 42 12429 1
6 3 12427 1
52 27 12403 1
52 27 12408 1
6 36 12410 1
15 48 12424 1
30 66 12409 1
34 63 12412 1
45 99 12414 1
45 7 12436 1
52 27 12423 1
2 23 12427 1
15 27 12425 1
2 24 12428 1
15 48 12440 1
98 24 12430 1
22 91 12432 1
52 42 12467 1
49 41 12435 1
6 3 12464 1
62 43 12437 1
5 66 12622 1
64 42 12439 1
15 7 12435 1
40 42 12440 1
35 48 12441 1
2 24 12444 1
21 23 12440 1
21 24 12445 1
22 25 12448 1
49 50 12449 1
52 63 12475 1
62 41 12452 1
39 43 12454 1
64 42 12455 1
40 4 12457 1
54 55 12472 2
52 4 12508 1
52 28 12482 2
40 4 12481 1
45 63 12479 2
53 4 12480 1
30 13 12491 2
33 38 12497 2
0 13 12493 2
52 27 12501 1
2 41 12508 2
14 4 12534 2
15 8 12509 2
35 13 12512 1
2 48 12514 1
21 24 12518 1
21 23 12521 1
15 42 12550 1
49 25 12521 1
49 25 12522 1
92 41 12525 1
40 42 12530 1
52 18 12539 2
81 13 12536 1
44 13 12535 1
16 67 12539 1
17 65 12544 2
35 42 12566 2
15 8 12565 2
52 27 12579 1
52 24 12600 1
6 63 12597 2
54 66 12617 2
45 10 12604 2
62 41 12607 1
64 43 12609 1
0 13 12607 1
33 13 12612 2
40 4 12612 1
45 99 12608 1
9 10 12612 2
34 63 12612 2
11 13 12621 1
45 13 12629 2
0 13 12619 2
44 13 12623 1
15 27 12630 2
79 66 12651 1
46 13 12628 2
100 38 12633 1
26 42 12657 1
44 13 12634 1
15 8 12636 1
100 38 12636 1
94 13 12684 1
15 7 12641 1
26 67 12708 1
17 20 12709 1
17 13 12714 1
19 48 12717 1
6 3 12749 1
2 42 12735 1
94 13 12736 1
52 4 12781 1
52 42 12794 1
6 3 12793 1
52 4 12807 1
94 13 12770 1
6 7 12805 1
6 36 12780 1
34 47 12805 1
94 13 12789 1
94 13 12794 1
6 7 12827 1
54 55 12809 1
54 7 12843 2
70 63 12814 1
45 60 12872 1
54 7 12852 1
5 66 12907 1
52 27 12854 1
15 42 12882 1
94 13 12871 1
52 23 12905 1
6 8 12912 1
52 27 12882 1
15 28 12889 1
52 27 12887 1
52 27 12891 1
54 66 12912 2
26 65 12901 1
15 28 12893 1
26 95 12895 1
61 18 12893 1
94 13 12897 1
45 99 12896 1
17 13 12904 1
94 13 12902 1
35 48 12906 1
79 66 12909 1
49 25 12913 1
49 91 12914 1
44 13 12911 1
98 24 12911 1
79 66 13221 1
89 42 12921 1
40 42 12923 1
70 4 12924 1
64 43 12921 1
54 60 12980 1
54 29 12936 1
6 7 12969 1
6 29 12952 1
57 36 12954 1
34 3 12980 1
6 7 12995 1
52 4 13006 1
54 3 13009 1
52 4 13014 1
6 3 13011 1
94 13 12991 1
6 13 13012 1
52 27 13003 1
52 27 13007 1
53 4 13005 1
30 66 13005 1
6 29 13010 2
26 18 13012 1
57 36 13009 1
94 13 13014 1
61 67 13014 1
44 8 13023 1
16 20 13016 1
45 8 13035 1
17 65 13018 1
19 13 13020 1
35 48 13022 1
2 48 13023 1
2 23 13024 1
21 24 13026 1
22 25 13028 1
49 50 13030 1
92 41 13032 1
64 43 13034 1
6 7 13064 1
40 42 13036 1
53 4 13035 1
53 4 13036 1
94 13 13052 1
6 3 13100 1
54 7 13111 1
94 13 13083 1
94 13 13088 1
6 7 13126 1
94 13 13095 1
33 37 13093 1
94 13 13107 1
54 3 13143 1
94 13 13127 1
6 43 13144 1
34 36 13146 1
31 80 13151 1
54 7 13184 1
9 66 13153 1
11 37 13155 1
94 13 13153 1
104 13 13157 1
0 13 13161 1
94 13 13161 1
6 3 13191 1
46 38 13164 1
52 27 13162 1
51 38 13163 1
52 4 13213 2
52 4 13216 1
94 13 13175 1
5 60 13177 1
5 13 13466 1
94 13 13190 1
35 13 13183 1
15 7 13183 1
52 4 13233 1
6 8 13218 1
88 66 13208 2
6 3 13252 1
15 42 13253 1
6 3 13260 1
94 13 13240 1
35 13 13234 1
2 48 13236 1
52 42 13270 1
52 28 13256 1
52 27 13251 1
15 48 13271 1
6 3 13286 1
26 48 13269 1
2 23 13272 1
94 13 13270 1
21 4 13287 1
54 7 13309 1
15 27 13290 1
15 67 13295 1
94 13 13293 1
61 4 13319 1
6 3 13335 1
2 23 13303 1
6 3 13337 1
15 4 13342 1
64 43 13317 2
94 13 13319 1
52 4 13351 2
35 13 13318 1
35 13 13319 1
2 48 13321 1
21 23 13322 1
94 13 13323 1
21 24 13323 1
98 24 13324 1
22 25 13325 1
62 50 13328 1
54 3 13364 1
52 27 13331 1
52 42 13365 1
52 27 13343 1
15 28 13345 1
94 13 13348 1
26 95 13347 1
61 67 13349 1
6 7 13380 1
16 20 13351 1
17 13 13353 1
94 13 13352 1
19 13 13355 1
2 48 13357 1
21 23 13359 1
22 25 13361 1
6 36 13363 1
54 29 13360 1
94 13 13365 1
49 50 13363 1
52 42 13395 1
6 3 13395 1
34 43 13367 1
62 41 13365 1
45 3 13388 1
40 42 13369 1
94 13 13379 1
52 42 13409 1
15 7 13387 1
52 48 13410 1
52 4 13438 1
52 27 13403 1
52 4 13444 2
2 42 13424 1
52 42 13448 1
21 23 13412 1
21 24 13413 1
16 67 13417 1
22 25 13415 1
52 28 13423 1
62 50 13418 1
92 99 13419 1
26 13 13431 1
54 29 13423 1
54 27 13457 2
94 13 13434 1
17 13 13433 1
52 4 13464 1
19 24 13439 1
26 28 13434 1
26 95 13435 1
11 12 13441 1
22 99 13444 1
104 66 13443 1
94 13 13440 1
17 65 13442 1
81 13 13442 1
92 41 13446 1
35 66 13448 1
35 13 13445 1
94 7 13491 1
64 41 13445 1
40 42 13450 1
21 23 13449 1
15 7 13455 1
26 13 13469 1
6 3 13495 1
19 24 13475 1
52 42 13500 1
21 24 13477 1
22 4 13488 1
94 13 13480 1
94 13 13479 1
6 29 13480 1
6 3 13513 1
52 42 13515 1
52 27 13492 1
94 13 13497 1
15 23 13516 1
52 27 13500 1
6 3 13531 1
15 27 13501 1
15 48 13514 1
53 4 13500 1
52 4 13544 1
2 48 13514 1
52 42 13552 1
21 42 13529 1
6 7 13551 1
6 3 13548 1
52 27 13525 1
52 4 13563 1
40 42 13530 1
53 4 13532 1
94 13 13530 1
52 43 13563 1
53 4 13543 1
15 4 13589 1
52 4 13604 1
5 13 13655 1
52 4 13615 1
6 3 13610 1
52 42 13619 1
52 4 13634 1
52 27 13599 1
15 28 13602 1
15 28 13608 2
2 48 13632 2
6 3 13648 1
94 7 13678 1
52 18 13660 2
19 42 13686 2
5 7 13845 1
52 27 13675 1
35 66 13672 2
21 24 13673 1
15 13 13685 1
52 4 13713 1
15 7 13677 1
57 36 13681 1
45 90 13685 1
17 4 13704 1
31 80 13687 1
9 66 13689 1
6 3 13719 1
30 37 13691 1
71 66 13693 1
0 13 13696 1
44 13 13698 1
46 13 13700 1
6 3 13729 1
68 38 13702 1
100 38 13701 1
53 4 13703 1
15 8 13703 1
94 13 13705 1
94 13 13711 1
52 27 13717 1
15 28 13720 1
54 66 13745 2
15 7 13718 1
26 24 13735 1
52 27 13727 1
15 48 13741 1
35 48 13732 1
2 48 13731 1
6 43 13737 2
94 13 13737 1
64 43 13745 2
40 42 13747 2
22 25 13749 1
52 27 13746 1
71 66 13747 2
5 7 14021 1
15 18 13754 1
64 43 13752 1
40 42 13754 1
6 7 13800 1
19 48 13764 1
2 48 13766 1
6 29 13764 1
21 42 13779 1
6 13 13787 1
5 66 14024 1
34 99 13773 1
26 4 13808 1
54 7 13815 1
94 13 13777 1
6 12 13793 1
51 3 13796 1
71 66 13795 1
0 13 13801 1
44 3 13812 1
94 13 13803 1
94 13 13808 1
5 7 14085 1
6 7 13872 1
6 29 13841 1
6 3 13877 1
6 3 13880 1
6 36 13861 1
34 3 13891 1
6 7 13901 1
94 13 13871 1
52 4 13907 1
6 3 13911 1
94 13 13884 1
6 36 13885 1
16 20 13884 1
34 3 13912 1
14 18 13885 1
94 13 13892 1
2 41 13904 2
94 13 13897 1
35 48 13897 1
2 23 13899 1
21 24 13901 1
92 41 13901 1
22 25 13901 1
40 43 13902 1
49 50 13906 1
54 47 13945 2
31 10 13927 1
6 7 13959 1
30 66 13929 1
11 37 13931 1
81 13 13934 1
71 13 13934 1
6 7 13963 1
15 27 13939 2
44 13 13936 1
6 8 13971 1
54 3 13976 1
94 13 13947 1
17 20 13949 2
15 7 13949 1
5 66 14096 1
19 48 13955 1
2 48 13953 1
94 13 13956 1
15 42 13990 1
21 50 13964 2
22 24 13958 1
49 90 13968 2
15 4 14001 1
64 42 13970 1
5 7 14318 1
94 13 13974 1
6 13 14038 1
94 7 14053 1
45 32 14027 1
94 13 14033 1
51 8 14045 1
94 13 14049 1
5 66 14311 1
94 13 14097 1
6 47 14121 1
81 7 14128 1
5 7 14468 1
6 7 14142 1
52 42 14149 1
52 41 14156 1
6 7 14160 1
5 60 14133 1
5 7 14554 1
54 99 14166 2
15 23 14167 1
64 42 14160 1
31 47 14187 2
5 7 14576 1
21 42 14181 1
9 10 14175 1
52 4 14210 1
33 37 14179 2
54 55 14183 2
71 66 14179 1
70 55 14185 2
44 13 14186 1
45 66 14214 2
30 66 14203 2
54 13 14230 1
52 18 14213 1
68 13 14213 2
6 66 14234 1
6 36 14219 1
100 47 14215 1
34 7 14249 1
19 13 14222 1
35 42 14238 1
45 99 14229 2
30 7 14261 1
68 3 14244 1
6 7 14273 1
15 7 14243 1
5 60 14245 1
5 66 14609 1
54 3 14292 1
15 7 14260 1
6 3 14301 1
52 4 14303 1
34 36 14274 1
94 13 14280 1
94 13 14291 1
5 66 14799 1
54 7 14353 1
52 27 14324 1
15 4 14354 1
69 7 14386 1
6 3 14372 1
94 13 14352 1
6 7 14409 1
54 7 14412 1
6 3 14429 1
5 66 14723 1
6 7 14435 1
15 7 14413 1
94 13 14438 1
6 3 14474 1
15 7 14467 1
54 32 14484 1
52 23 14493 2
34 36 14478 1
34 7 14504 1
45 63 14478 1
31 32 14483 1
70 66 14502 2
9 10 14489 2
94 13 14485 1
30 13 14507 1
94 13 14496 1
49 42 14506 2
11 12 14502 1
77 78 14504 1
5 73 14808 1
94 13 14520 1
52 27 14548 1
94 13 14542 1
15 4 14580 1
35 66 14558 1
2 48 14560 1
21 23 14562 1
22 25 14564 1
49 91 14566 1
5 74 14816 1
62 41 14568 1
64 43 14571 1
40 4 14573 1
6 36 14579 1
34 3 14605 1
52 28 14583 1
26 95 14585 1
14 18 14587 1
52 42 14620 1
6 3 14616 1
61 67 14589 1
94 13 14588 1
16 20 14591 1
17 13 14593 1
94 13 14592 1
19 13 14595 1
2 48 14597 1
21 23 14599 1
94 13 14602 1
22 25 14601 1
54 43 14604 1
49 99 14604 1
6 7 14635 1
57 3 14627 1
92 41 14606 1
15 7 14604 1
64 43 14608 1
40 4 14610 1
53 4 14609 1
5 78 14822 1
94 13 14612 1
79 66 14644 1
6 7 14658 1
54 60 14701 1
54 29 14631 1
52 28 14651 1
52 27 14648 1
54 29 14647 1
26 41 14666 1
52 27 14647 1
57 3 14675 1
26 18 14654 1
79 66 14652 1
26 18 14653 1
6 29 14653 1
16 43 14675 1
57 36 14655 1
16 20 14657 1
34 99 14657 1
52 27 14655 1
17 65 14659 1
45 32 14659 1
52 27 14660 1
15 7 14657 1
94 13 14657 1
79 66 14663 2
15 4 14690 1
9 66 14661 1
35 13 14660 1
11 37 14663 1
79 66 14682 1
2 48 14664 1
52 27 14662 1
104 13 14665 1
2 23 14663 1
52 27 14666 1
92 43 14669 1
0 13 14667 1
21 24 14667 1
15 4 14696 1
44 13 14669 1
22 25 14669 1
64 43 14674 1
68 38 14671 1
49 99 14672 1
40 42 14677 1
53 4 14677 1
94 7 14710 1
88 66 14678 2
52 42 14709 1
52 4 14723 1
52 4 14740 1
6 13 14734 2
52 27 14723 1
15 28 14724 1
88 66 14730 1
26 95 14726 1
14 18 14728 1
30 66 14727 1
16 20 14731 1
88 7 14965 1
17 65 14733 1
94 13 14736 1
15 4 14765 1
35 48 14737 1
44 8 14745 1
2 23 14739 1
6 36 14741 1
21 24 14741 1
34 99 14744 2
22 25 14743 1
6 3 14771 1
49 50 14745 1
45 32 14746 1
45 99 14743 2
92 41 14747 1
31 7 14767 1
64 43 14749 1
40 4 14751 1
6 3 14783 1
52 27 14754 1
54 66 15199 1
15 95 14757 1
14 18 14759 1
14 95 14756 1
52 27 14758 1
52 4 14791 1
17 65 14763 1
54 29 14765 1
17 13 14765 1
88 66 14763 2
94 13 14767 1
57 63 14768 1
35 48 14768 1
52 27 14764 1
15 95 14770 1
2 23 14770 1
45 3 14791 1
14 42 14795 1
21 24 14772 1
22 25 14774 1
49 50 14776 1
94 13 14778 1
2 23 14778 1
92 41 14778 1
88 66 14781 2
64 43 14780 1
40 43 14778 1
15 8 14779 1
40 4 14782 1
94 13 14780 1
53 4 14781 1
52 42 14826 1
52 27 14794 1
52 42 14825 1
94 7 14828 1
6 7 14830 1
34 63 14806 1
52 42 14836 1
72 66 15086 1
75 66 15167 1
5 60 14826 1
52 27 14824 1
15 28 14826 1
59 7 15513 1
26 67 14830 1
16 20 14833 1
52 43 14858 1
17 13 14836 1
35 23 14840 1
21 24 14842 1
22 25 14844 1
49 50 14846 1
92 41 14848 1
64 43 14850 1
52 28 14852 1
54 3 14880 2
40 42 14852 1
15 4 14884 1
52 42 14892 1
64 43 14860 1
52 18 14867 1
40 42 14862 1
26 95 14868 1
61 67 14871 1
52 4 14904 1
16 20 14873 1
17 24 14884 1
52 4 14913 1
52 43 14914 2
6 29 14882 1
57 36 14884 1
98 99 14888 2
98 24 14882 2
53 4 14883 1
34 90 14887 1
31 80 14889 1
92 41 14891 2
9 66 14891 1
64 42 14895 2
30 37 14893 1
61 18 14892 1
71 66 14895 1
94 13 14897 1
44 13 14899 1
6 7 14927 1
52 4 14933 1
94 13 14898 1
46 3 14907 1
21 23 14900 1
52 4 14937 1
98 24 14902 1
49 91 14905 1
15 7 14906 1
62 50 14906 1
92 99 14907 1
52 4 14944 1
94 13 14910 1
79 66 14917 2
94 13 14922 1
94 13 14925 1
5 7 15667 1
94 13 14932 1
52 4 14989 1
6 29 14962 1
57 7 14993 1
6 29 14972 1
57 36 14974 1
34 99 14976 1
45 32 14978 1
31 3 14999 1
52 27 14983 1
52 43 15014 1
54 29 15017 2
15 27 15011 2
26 95 15014 2
45 99 15020 1
70 12 15028 2
31 80 15026 1
70 36 15022 1
52 65 15035 1
35 48 15027 2
34 99 15027 1
11 13 15032 2
11 12 15029 1
21 42 15043 2
6 7 15069 1
9 13 15047 1
94 13 15034 1
19 4 15057 1
44 13 15038 1
31 32 15043 1
14 42 15077 1
6 7 15088 1
51 47 15053 1
15 8 15056 1
6 29 15053 1
6 29 15052 1
52 4 15093 1
31 3 15081 1
94 13 15068 1
52 4 15101 1
52 27 15071 1
52 42 15103 1
94 13 15077 1
15 7 15080 1
94 7 15117 1
5 13 15706 1
6 3 15158 1
15 4 15156 1
6 7 15159 1
15 28 15132 1
14 95 15133 2
34 99 15137 2
94 13 15137 1
6 3 15169 1
19 42 15165 2
6 29 15151 1
6 43 15156 1
94 13 15153 1
53 4 15155 1
57 36 15158 1
21 23 15156 2
34 3 15183 1
94 13 15158 1
15 7 15160 1
45 50 15165 2
64 43 15161 1
40 42 15165 1
94 7 15199 1
70 4 15167 1
15 7 15168 1
6 7 15198 1
94 13 15172 1
5 101 15372 1
94 7 15227 1
6 3 15241 1
52 4 15242 1
54 8 15246 1
5 66 15891 1
6 7 15293 1
6 29 15271 1
57 99 15274 1
45 3 15298 1
54 29 15286 1
54 99 15307 2
34 63 15297 1
45 99 15299 1
45 99 15300 2
34 63 15303 1
9 66 15311 2
31 13 15318 1
31 13 15322 1
30 66 15312 2
52 18 15320 1
0 13 15318 2
6 3 15352 1
11 12 15317 2
5 60 15385 1
17 4 15359 2
54 7 15992 1
51 38 15329 2
15 47 15336 2
52 4 15379 1
61 18 15346 1
6 29 15351 1
52 42 15387 2
6 29 15355 1
57 36 15357 1
35 13 15356 1
34 99 15359 1
45 3 15381 1
21 23 15363 1
6 42 15370 1
57 36 15371 1
34 7 15400 1
105 7 15947 1
52 4 15412 1
9 7 15394 1
53 4 15380 1
6 47 15407 1
45 99 15386 1
106 60 15387 1
6 7 15429 1
6 36 15422 1
15 42 15449 1
34 7 15451 1
6 3 15479 1
94 13 15479 1
6 7 15532 1
52 4 15542 1
6 7 15550 1
94 13 15518 1
15 42 15561 1
6 29 15535 1
6 3 15572 1
52 4 15583 1
5 60 15561 1
5 66 16094 1
54 90 15573 1
57 36 15570 1
34 7 15597 1
54 3 15608 1
0 13 15586 1
52 4 15617 1
94 13 15591 1
6 3 15627 1
15 8 15593 1
94 13 15597 1
6 7 15640 1
94 13 15611 1
94 13 15628 1
6 3 15704 1
6 3 15715 1
52 27 15699 1
94 13 15696 1
15 4 15739 1
94 7 15734 1
5 66 16144 1
94 13 15714 1
54 36 15735 1
57 37 15744 1
45 90 15737 1
6 7 15766 1
31 80 15741 2
45 10 15742 1
53 4 15738 1
9 66 15747 2
71 66 15743 1
1 13 15751 1
44 13 15747 1
44 13 15753 2
94 13 15755 1
46 13 15755 2
51 3 15762 1
46 38 15756 2
6 66 15784 2
15 7 15761 1
52 27 15774 1
45 80 15772 2
15 13 15783 1
6 3 15810 1
33 37 15777 2
104 8 15793 2
6 3 15816 1
54 36 15790 1
52 27 15787 1
57 3 15822 1
15 28 15789 1
2 23 15790 1
0 13 15787 2
98 24 15792 1
94 13 15790 1
49 91 15794 1
17 48 15798 1
62 41 15796 1
64 41 15795 1
64 42 15799 1
35 48 15800 1
40 42 15798 1
6 3 15831 1
21 24 15802 1
22 25 15804 1
54 29 15802 1
49 50 15806 1
6 3 15838 1
54 60 15886 1
92 41 15808 1
94 13 15806 1
64 43 15810 1
40 4 15812 1
94 13 15817 1
52 27 15838 1
15 28 15840 1
26 95 15842 1
14 18 15843 1
16 13 15848 1
6 3 15875 1
19 13 15850 1
35 66 15851 1
2 23 15853 1
21 23 15852 1
21 24 15856 1
22 25 15858 1
49 91 15857 1
62 41 15861 1
39 41 15862 1
64 42 15864 1
70 4 15863 1
6 3 15898 1
5 66 16283 1
79 66 15936 1
94 13 15914 1
52 4 15965 1
1 66 15929 1
94 13 15938 1
44 7 15964 1
52 4 15988 1
51 38 15954 1
94 13 15956 1
5 7 16425 1
94 13 15972 1
52 24 16002 1
6 13 16014 2
52 13 16008 1
11 12 16002 1
30 12 16005 2
71 37 16004 1
49 4 16016 1
94 13 16007 1
52 18 16016 1
21 4 16027 1
33 37 16011 2
46 13 16013 1
49 50 16019 2
17 4 16042 1
5 66 16429 1
15 4 16064 1
6 29 16033 1
57 36 16035 1
34 99 16037 1
45 12 16042 1
30 66 16045 1
71 66 16047 1
81 13 16050 1
44 13 16052 1
46 38 16055 1
100 8 16058 1
6 7 16089 1
15 7 16057 1
15 4 16097 1
54 3 16094 1
6 29 16066 1
6 3 16101 1
94 13 16077 1
6 3 16112 1
52 42 16117 1
94 13 16082 1
94 7 16126 1
6 8 16121 1
53 4 16096 1
94 13 16099 1
6 3 16139 1
94 13 16109 1
52 27 16124 1
54 7 16159 1
15 4 16157 1
6 29 16126 1
52 4 16170 2
6 7 16166 1
52 27 16134 2
26 4 16164 1
79 66 16137 2
54 7 16178 1
5 13 16480 1
15 4 16183 1
79 66 16147 1
52 4 16189 1
94 13 16150 1
52 42 16192 1
94 13 16157 1
69 66 16161 1
15 7 16158 1
52 4 16201 1
53 4 16163 1
79 7 16207 1
52 4 16208 1
94 13 16173 1
53 4 16176 1
15 4 16213 1
53 4 16177 1
52 13 16200 1
53 4 16182 1
52 42 16225 1
52 4 16237 1
19 48 16204 1
35 23 16206 1
2 24 16208 1
21 4 16226 1
52 4 16247 1
22 4 16220 1
5 60 16213 1
94 13 16211 1
6 29 16211 1
57 36 16213 1
5 73 16406 1
34 99 16215 1
45 3 16235 1
52 4 16256 1
6 3 16248 1
94 13 16222 1
98 24 16222 2
94 13 16237 1
52 28 16237 1
15 95 16239 1
15 7 16234 1
14 67 16242 1
61 20 16244 1
17 4 16269 1
52 43 16285 1
15 7 16247 1
54 66 16270 1
52 27 16253 1
52 24 16275 1
53 4 16255 1
52 4 16304 1
94 13 16270 1
52 27 16267 1
52 4 16314 1
1 13 16274 1
15 24 16290 1
0 3 16287 1
94 13 16276 1
94 7 16324 1
52 42 16317 1
64 42 16288 1
40 4 16291 1
52 4 16328 1
98 25 16292 2
94 13 16292 1
62 91 16291 1
52 67 16317 2
40 4 16304 1
6 43 16309 1
26 42 16341 1
57 7 16334 1
94 13 16318 1
17 65 16320 2
35 43 16343 2
6 3 16364 1
52 4 16371 1
54 80 16351 2
70 4 16346 2
94 13 16352 1
54 60 16428 1
9 66 16354 2
5 13 16551 1
30 13 16359 2
6 29 16352 1
70 29 16353 1
1 13 16360 2
34 99 16356 1
45 99 16357 1
45 90 16358 1
44 13 16367 2
31 32 16359 1
94 13 16360 1
30 66 16366 1
31 80 16360 1
9 80 16361 1
9 10 16362 1
54 60 16449 1
33 37 16365 1
94 66 16370 1
71 37 16366 1
52 27 16367 1
104 66 16367 1
53 4 16370 1
15 4 16408 1
44 13 16372 1
15 8 16373 1
15 7 16374 1
51 38 16380 1
15 47 16379 1
1 66 16381 1
94 13 16385 1
5 60 16388 1
5 13 16650 1
94 13 16394 1
105 66 16506 1
15 28 16408 2
14 67 16416 2
26 28 16412 1
52 4 16456 1
17 20 16422 1
2 23 16425 2
59 78 16424 1
21 42 16438 2
94 13 16462 1
52 4 16469 1
35 23 16430 1
52 27 16430 1
21 24 16434 1
15 4 16463 1
21 23 16432 1
77 78 16432 1
45 41 16438 2
49 25 16434 1
62 50 16436 1
52 50 16472 1
40 107 16447 1
52 27 16445 1
52 42 16481 2
53 4 16462 1
21 23 16466 1
5 66 16579 2
6 7 16512 1
15 42 16510 1
44 7 16509 1
105 73 16496 1
45 63 16502 1
72 73 16504 1
94 13 16518 1
56 58 16509 1
68 7 16533 1
5 73 16621 2
88 66 16538 2
105 101 16536 1
6 7 16582 2
81 47 16577 1
54 78 16636 1
0 13 16567 1
100 38 16577 2
88 7 16712 1
54 60 16649 1
54 7 16625 1
88 66 16590 1
54 29 16606 2
57 13 16622 1
75 74 16604 1
52 20 16622 2
16 20 16617 1
104 13 16624 1
6 8 16647 1
19 4 16651 2
94 7 16637 1
44 13 16622 1
72 7 16936 1
2 48 16624 1
17 13 16627 2
46 8 16632 1
21 24 16632 2
22 4 16644 2
79 66 16636 2
21 25 16639 1
77 13 16949 1
82 66 16646 2
1 66 16639 1
94 7 16678 1
94 13 16674 1
1 66 16677 1
6 3 16731 1
94 13 16712 1
6 7 16754 1
52 4 16753 1
94 13 16734 1
6 36 16752 1
34 3 16781 1
94 13 16768 1
6 7 16807 1
6 29 16781 1
57 36 16783 1
34 8 16807 1
54 12 16811 1
6 29 16800 1
57 43 16799 1
45 99 16804 1
30 12 16812 1
6 3 16839 1
11 37 16813 1
94 13 16810 1
33 66 16815 1
94 13 16817 1
0 13 16819 1
44 7 16830 1
46 3 16827 1
6 7 16849 1
6 43 16833 1
34 7 16858 1
94 13 16836 1
6 12 16853 1
54 63 16846 1
94 13 16848 1
34 7 16871 1
11 12 16853 1
6 3 16889 1
6 3 16898 1
94 13 16877 1
6 3 16908 1
94 13 16887 1
52 42 16915 1
94 13 16896 1
5 7 17064 1
52 4 16930 1
94 13 16906 1
52 4 16946 1
52 4 16959 1
94 7 16985 1
81 13 16947 1
94 13 16952 1
54 29 16996 1
6 7 17026 2
94 13 17011 1
15 28 17031 1
94 13 17033 1
26 95 17033 1
14 18 17035 1
61 20 17038 1
17 65 17040 1
19 13 17042 1
35 48 17044 1
2 23 17046 1
98 24 17048 1
22 91 17050 1
62 50 17049 1
39 43 17054 1
40 42 17056 1
40 4 17055 1
52 27 17115 1
15 4 17143 1
5 66 17230 1
79 66 17140 1
52 4 17168 1
5 66 17262 1
5 60 17153 1
5 7 17470 1
54 38 17218 2
52 48 17207 1
6 43 17202 1
57 36 17201 1
30 66 17206 2
34 36 17202 1
31 32 17206 1
15 13 17215 1
94 13 17207 1
31 80 17207 1
0 13 17213 1
98 25 17213 1
49 99 17216 2
92 41 17218 1
19 13 17220 1
6 3 17248 1
64 43 17220 1
35 42 17237 1
40 42 17222 1
53 4 17221 1
15 4 17257 1
94 7 17264 1
52 4 17266 1
94 13 17240 1
6 8 17266 1
15 7 17247 1
52 27 17252 1
15 28 17254 1
26 18 17256 1
61 67 17258 1
16 20 17260 1
6 36 17263 2
17 65 17262 1
57 8 17288 1
19 13 17264 1
35 48 17266 1
79 66 17272 1
2 24 17269 1
98 25 17271 1
49 91 17273 1
62 41 17275 1
39 43 17277 1
6 3 17310 1
40 42 17279 1
79 66 17282 1
70 4 17281 1
54 63 17304 2
79 66 17298 1
57 29 17288 1
15 27 17292 1
15 23 17308 1
45 99 17297 1
79 66 17306 1
52 13 17317 1
30 66 17305 1
45 99 17306 2
94 13 17315 1
79 66 17315 1
30 13 17326 2
62 41 17317 1
6 7 17351 1
0 13 17320 1
30 66 17316 1
39 43 17319 1
40 42 17322 1
52 95 17326 1
21 4 17338 2
79 66 17325 1
54 29 17329 1
6 3 17371 1
17 13 17335 1
79 66 17372 1
35 42 17350 1
54 7 17382 1
15 7 17346 2
26 4 17373 1
35 13 17344 1
2 48 17346 1
15 27 17348 1
21 23 17349 1
98 24 17350 1
22 25 17352 1
49 25 17353 1
94 13 17354 1
15 42 17387 1
62 50 17355 1
92 99 17356 1
40 43 17360 1
5 7 17512 1
94 13 17361 1
79 7 17452 1
6 36 17386 1
34 3 17411 1
54 7 17420 1
34 99 17403 1
52 4 17439 1
45 90 17405 1
31 32 17406 1
45 80 17407 1
9 10 17408 1
30 66 17409 1
15 7 17410 1
11 12 17410 1
104 66 17412 1
94 13 17413 1
52 27 17414 1
94 13 17414 1
52 28 17421 1
44 13 17416 1
108 13 17417 1
15 28 17417 1
46 13 17418 1
26 28 17423 1
26 95 17424 1
100 38 17421 1
14 95 17425 1
52 27 17422 1
61 13 17430 1
15 7 17478 1
15 7 17424 1
52 99 17457 1
19 41 17444 1
92 43 17447 2
94 13 17449 1
64 55 17454 2
5 66 17589 1
40 42 17450 2
53 4 17448 1
40 42 17458 1
52 43 17491 2
39 41 17460 1
64 43 17462 1
40 42 17461 1
19 13 17472 1
35 13 17471 1
94 13 17477 1
52 4 17519 1
94 13 17505 1
6 3 17540 1
15 50 17548 1
94 13 17526 1
52 24 17552 1
6 55 17545 2
15 7 17539 1
31 80 17549 1
9 13 17560 2
45 63 17551 2
11 27 17570 1
94 13 17553 1
64 4 17558 1
45 13 17570 2
62 4 17567 1
6 7 17589 1
81 13 17564 2
46 13 17566 1
54 60 17633 1
94 13 17575 1
16 20 17578 1
17 13 17581 1
94 7 17619 1
14 18 17583 1
15 7 17586 2
35 42 17597 1
61 67 17585 1
16 20 17587 1
17 13 17589 1
35 13 17591 1
2 23 17594 1
94 13 17597 1
21 24 17596 1
22 25 17598 1
52 25 17623 1
49 50 17600 1
92 41 17602 1
64 43 17604 1
83 84 17603 1
40 42 17603 1
19 13 17614 1
6 99 17625 2
52 48 17628 1
6 7 17661 1
52 67 17630 1
9 8 17640 2
62 4 17634 1
6 66 17641 1
52 4 17668 1
2 4 17644 1
52 27 17629 1
16 20 17632 1
54 29 17631 1
15 27 17631 1
54 7 17674 1
15 27 17632 1
19 13 17636 1
15 28 17636 1
35 48 17638 1
2 23 17640 1
61 18 17641 1
61 18 17639 1
21 24 17642 1
16 67 17641 1
22 25 17644 1
94 13 17642 1
6 13 17663 1
52 4 17674 1
49 91 17646 1
19 13 17645 1
62 99 17648 1
108 3 17656 1
26 28 17646 1
35 13 17647 1
39 41 17647 1
14 18 17651 1
35 13 17648 1
64 43 17651 1
16 67 17650 1
40 42 17653 1
94 13 17654 1
17 65 17653 1
98 24 17655 1
15 7 17655 1
98 24 17655 1
35 13 17658 1
35 13 17656 1
2 48 17658 1
94 13 17659 1
54 60 17734 1
92 99 17662 1
64 42 17672 2
52 4 17707 1
52 4 17722 1
52 42 17733 1
52 4 17746 1
52 4 17755 1
52 27 17719 1
6 29 17723 2
52 13 17736 1
57 29 17722 1
34 63 17725 1
45 32 17730 1
31 80 17732 2
52 4 17773 1
30 12 17735 2
19 4 17759 1
33 37 17737 2
104 66 17739 1
94 13 17740 1
0 13 17742 1
44 13 17741 1
68 38 17747 1
100 47 17750 1
64 43 17751 1
15 42 17793 1
52 41 17817 1
52 42 17850 1
64 43 17821 1
40 4 17823 1
6 7 17852 1
52 42 17858 1
94 13 17839 1
54 13 17890 2
5 -1 18000 1
54 7 17912 1
6 8 17912 1
81 7 17902 1
6 29 17938 1
52 23 17957 1
6 13 17966 2
6 29 17948 1
34 66 17960 1
11 12 17958 2
6 7 17995 1
49 50 17965 2
44 13 17967 1
89 42 17972 1
6 -1 18000 1
94 13 17977 1
6 -1 18000 1
6 -1 18000 2
45 90 17986 1
54 -1 18000 1
94 13 17988 1
31 10 17993 2
6 -1 18000 1
94 -1 18000 1
