0 248.5 223 58.8 57.6
1 1162.5 856 229.2 156
2 1202 632 189.6 166.8
3 849 970 465.6 261.6
4 994 979 168 87.6
5 1186.5 380 73.2 64.8
6 14.5 406 34.8 69.6
7 953.5 263 80.4 39.6
8 305 174 43.2 30
9 13.5 546 32.4 91.2
10 852 237 110.4 49.2
11 7.5 655 18 135.6
12 844.5 233 104.4 44.4
13 15.5 644 37.2 106.8
14 496 446 163.2 158.4
15 538 512 220.8 188.4
16 216.5 203 32.4 36
17 1116 994 302.4 204
18 40 540 96 87.6
19 40 542 96 88.8
20 778 253 132 63.6
21 743 255 141.6 66
22 642.5 244 126 49.2
23 642.5 244 126 49.2
24 179.5 341 166.8 102
25 179.5 341 166.8 102
26 41.5 369 99.6 78
27 1257 819 93.6 166.8
28 313.5 300 140.4 75.6
29 285 304 170.4 75.6
30 46 363 110.4 92.4
31 18 646 43.2 111.6
32 207 203 40.8 33.6
33 1123 336 69.6 49.2
34 236.5 212 44.4 39.6
35 702.5 505 306 175.2
36 745.5 485 291.6 146.4
37 201 226 40.8 36
38 199.5 225 44.4 39.6
39 162.5 286 44.4 48
40 162.5 286 44.4 48
41 1225 752 156 160.8
42 9 496 21.6 108
43 1016.5 281 78 50.4
44 1223 634 168 141.6
45 787.5 977 450 259.2
46 955 242 69.6 36
47 40 639 96 144
48 135 680 252 152.4
49 1168 715 292.8 190.8
50 1254 970 100.8 208.8
51 29 472 69.6 81.6
52 624.5 306 133.2 80.4
53 624.5 306 133.2 80.4
54 27.5 479 66 82.8
55 87 461 158.4 116.4
56 135 415 177.6 82.8
57 338 214 43.2 42
58 340 237 48 66
59 893.5 260 99.6 46.8
60 841 267 122.4 57.6
61 901 283 117.6 72
62 436.5 270 140.4 67.2
63 415.5 264 150 68.4
64 561 256 76.8 69.6
65 561 256 76.8 69.6
66 192 263 48 42
67 192 263 48 42
