15 366 2 1
15 167 9 1
15 40 7 1
15 134 7 1
15 194 8 1
15 512 5 1
15 253 7 1
15 424 1 1
15 639 1 1
15 549 5 1
15 525 5 1
15 615 5 1
15 1042 2 1
15 815 11 1
15 733 5 1
15 812 11 1
15 949 1 1
15 836 11 1
15 857 11 1
15 875 11 2
15 894 11 1
15 928 5 1
15 929 5 1
15 984 1 1
15 963 5 2
15 1063 8 1
15 1198 12 1
15 1245 12 1
15 1222 10 1
15 1269 6 2
15 1288 10 1
15 1316 1 1
15 1319 7 1
15 1508 11 1
15 1891 1 1
15 1511 5 1
15 1521 10 1
15 1555 11 1
15 1555 5 1
15 1613 10 1
15 1700 5 2
15 1752 11 1
15 1924 2 1
15 1957 8 1
15 1895 5 1
15 1982 8 2
15 2004 9 1
15 2232 12 1
15 2277 11 1
15 2279 11 1
15 2363 11 1
15 2517 5 1
15 2544 7 1
15 2566 5 2
15 2591 5 1
15 2569 7 1
15 2670 7 1
15 2711 7 1
15 2746 7 1
15 2953 2 1
15 2949 1 1
