0 4 368 1
1 6 167 1
2 5 40 1
3 4 8 1
2 5 134 1
2 8 194 1
7 6 512 1
2 5 253 1
7 12 332 2
0 14 371 1
9 18 456 1
10 12 319 1
11 13 327 1
10 23 484 1
11 13 336 1
11 13 382 1
10 12 361 2
15 17 393 1
16 6 424 1
11 13 385 1
10 12 398 2
11 13 415 1
11 13 426 1
16 30 638 1
11 13 451 1
10 12 452 2
19 18 698 1
20 21 467 2
22 23 516 2
11 13 525 1
7 6 549 1
24 25 522 2
26 6 525 1
11 13 552 1
1 27 532 2
28 29 538 2
11 13 563 1
11 13 568 1
11 13 581 1
7 6 615 1
11 13 590 1
11 13 615 1
1 27 595 2
19 18 601 2
1 27 612 2
16 4 1044 1
1 27 615 2
11 13 622 1
11 13 642 1
1 27 631 2
11 13 646 1
1 27 648 2
11 13 657 1
1 27 674 2
1 27 701 2
19 33 815 1
11 13 701 1
7 6 733 1
11 13 733 1
11 13 746 1
31 5 812 1
16 32 767 1
16 30 948 1
31 5 836 1
1 27 792 2
31 5 857 1
0 34 821 1
16 38 857 1
11 5 875 2
35 36 835 1
1 27 833 2
1 27 842 2
31 5 894 1
37 38 870 1
37 38 902 1
7 30 927 1
39 40 897 1
37 38 919 1
24 6 929 1
37 30 983 1
1 27 934 2
26 6 963 2
1 27 967 2
26 30 985 2
41 27 987 1
41 8 1063 1
3 4 1046 1
42 8 1198 1
42 8 1245 1
31 17 1224 1
43 4 1271 2
11 45 1288 1
9 18 1318 1
16 30 1315 1
2 44 1287 1
3 17 1274 1
2 5 1319 1
9 33 1508 1
16 6 1891 1
46 6 1511 1
31 4 1523 1
47 5 1555 1
46 23 1536 1
22 6 1555 1
48 4 1615 1
46 6 1700 2
48 5 1752 1
16 17 1926 1
41 49 1927 1
46 12 1914 2
41 8 1957 1
26 6 1895 1
10 12 1908 1
10 12 2283 2
41 8 1982 2
42 51 1930 1
50 17 1929 1
1 6 2004 1
52 53 1942 1
54 51 1949 1
54 51 2003 1
55 58 2209 1
55 56 2175 1
57 58 2211 1
57 8 2232 1
43 60 2384 1
47 5 2277 1
9 33 2279 1
43 59 2947 1
10 59 2275 1
46 21 2515 2
20 21 2297 1
20 21 2310 1
20 60 2307 2
20 21 2393 1
10 60 2345 1
47 5 2363 1
10 60 2361 1
10 60 2367 1
20 6 2517 1
20 60 2392 2
10 60 2402 1
20 21 2446 1
20 60 2406 2
20 60 2426 2
10 60 2431 1
10 60 2444 1
10 60 2447 1
61 59 2450 2
10 63 2494 1
41 49 2467 1
52 53 2475 2
10 59 2489 1
41 49 2521 1
2 33 2544 1
62 25 2507 2
20 21 2504 2
20 6 2566 2
22 23 2516 2
46 6 2591 1
64 65 2522 1
41 49 2553 1
22 23 2527 2
2 5 2569 1
41 49 2625 1
41 49 2643 1
2 5 2670 1
41 49 2660 1
41 49 2766 1
2 5 2711 1
2 5 2746 1
16 4 2955 1
16 32 2876 1
16 6 2949 1
66 67 2922 1
61 -1 3000 1
16 -1 3000 1
