0 1006 973 465.6 396
1 1405 537 216 165.6
2 858 529 177.6 134.4
3 1096 488 160.8 130.8
4 833.5 524 82.8 132
5 1380.5 469 116.4 108
6 682.5 607 298.8 277.2
7 682.5 607 298.8 277.2
8 1010 519 232.8 140.4
9 1010 519 232.8 140.4
10 3.5 1035 8.4 501.6
11 25.5 953 61.2 406.8
12 177 521 338.4 115.2
13 359.5 565 121.2 102
14 359.5 565 121.2 102
15 1186 503 88.8 96
16 991.5 1097 476.4 198
17 875.5 500 157.2 94.8
18 1939.5 533 1.2 162
19 1137.5 480 150 97.2
20 717 1097 580.8 152.4
21 1363.5 527 238.8 187.2
22 -10.5 1009 -25.2 507.6
23 1902 524 79.2 99.6
24 1834 532 242.4 148.8
25 1566 521 415.2 162
26 1529 561 439.2 229.2
27 71 497 170.4 66
28 1141.5 781 438 396
29 272 1097 652.8 136.8
30 173 970 415.2 790.8
31 173 970 415.2 790.8
32 1759 1097 422.4 186
33 1084.5 732 421.2 380.4
34 1257 482 249.6 123.6
35 398.5 700 459.6 273.6
36 388.5 701 354 297.6
37 1241 514 187.2 69.6
38 1537.5 1092 954 170.4
39 1570 1094 955.2 157.2
