31 84 2 1
31 50 2 1
31 105 1 1
31 116 1 1
31 172 2 2
31 236 1 1
31 316 2 1
31 361 2 1
31 368 1 1
31 346 1 1
31 318 2 1
31 323 2 1
31 395 2 1
31 547 1 1
31 425 2 1
31 605 2 2
31 598 1 1
31 600 2 1
31 713 2 1
31 627 2 1
31 608 2 2
31 706 1 1
31 786 1 1
31 801 2 1
31 711 2 2
31 715 2 1
31 830 2 1
31 750 2 1
31 862 1 1
31 795 2 1
31 843 2 1
31 844 2 1
31 927 1 1
31 855 2 1
31 1004 2 1
31 1079 2 1
31 979 2 1
31 1131 2 1
31 1020 2 1
31 1144 2 1
31 1084 2 2
31 1062 2 1
31 1209 1 1
31 1305 1 1
31 1180 1 2
31 1221 2 1
31 1228 2 2
31 1414 2 2
31 1288 2 1
31 1370 1 1
31 1332 2 2
31 1453 1 1
31 1473 1 1
31 1366 2 1
31 1421 2 1
31 1568 2 1
31 1495 1 1
31 1524 1 1
31 1552 1 2
31 1649 2 1
31 1540 2 1
31 1650 1 1
31 1574 2 1
31 1694 1 1
31 1739 2 1
31 1726 1 1
31 1652 2 1
31 1657 2 1
31 1778 1 1
31 1685 2 1
31 1699 2 1
31 1739 2 1
31 1756 1 1
31 1876 1 1
31 1912 2 1
31 1814 2 1
31 1948 2 1
31 1996 2 1
31 2038 2 1
31 2134 2 1
31 2175 1 1
31 2199 2 1
31 2161 1 1
31 2226 1 1
31 2194 1 1
31 2140 2 1
31 2303 1 1
31 2228 2 1
31 2237 2 1
31 2342 1 1
31 2408 2 1
31 2423 1 1
31 2504 1 1
31 2531 2 1
31 2467 2 1
31 2615 2 1
31 2474 2 1
31 2476 2 1
31 2499 2 1
31 2507 2 1
31 2612 1 1
31 2642 1 1
31 2535 2 1
31 2544 2 1
31 2592 1 1
31 2630 2 1
31 2687 2 1
31 2638 2 1
31 2815 2 2
31 2804 1 1
31 2908 1 1
31 2909 2 1
31 2900 1 2
31 2956 1 1
31 2986 1 1
31 2915 2 1
