0 5 84 1
1 5 50 1
2 4 37 1
3 10 105 1
3 11 116 1
0 5 172 2
3 9 91 1
2 4 67 1
6 7 62 2
2 4 95 1
8 9 153 1
2 4 173 1
3 11 236 1
2 4 287 1
0 5 316 1
12 18 374 1
13 14 228 1
3 9 268 1
3 9 261 1
0 5 361 1
0 16 264 1
15 11 368 1
3 11 346 1
2 4 319 1
1 5 318 1
6 7 320 1
1 5 323 1
2 17 349 1
13 14 334 2
2 9 484 1
1 5 395 1
3 11 547 1
3 19 425 1
20 5 605 2
0 16 502 2
2 4 550 1
15 19 524 1
6 7 506 2
3 22 598 1
2 4 652 1
1 21 566 1
1 21 570 1
0 16 599 2
3 19 600 1
0 5 713 1
1 5 627 1
3 19 608 2
3 11 706 1
3 11 786 1
1 21 658 1
2 4 716 1
23 24 709 1
0 5 801 1
1 5 711 2
23 26 724 1
1 5 715 1
25 11 813 1
0 5 830 1
23 24 724 1
2 4 745 1
3 19 750 1
3 11 862 1
2 4 797 1
1 5 795 1
8 9 788 2
23 27 859 1
0 24 961 1
2 4 842 1
1 21 824 1
1 5 843 1
3 19 844 1
2 4 878 1
3 11 927 1
3 19 855 1
3 9 864 2
0 21 965 1
8 9 873 2
2 4 1016 1
0 5 1004 1
0 28 900 2
23 24 948 1
25 24 950 2
0 21 1074 1
3 19 1079 1
1 5 979 1
29 21 1079 1
8 9 1001 2
3 19 1131 1
1 5 1020 1
0 5 1144 1
2 4 1075 1
0 16 1037 2
8 9 1049 2
3 19 1084 2
1 5 1062 1
3 4 1133 2
2 4 1119 1
6 7 1101 2
0 21 1189 2
15 11 1209 1
0 16 1125 2
6 7 1138 2
2 4 1162 1
2 17 1254 1
1 21 1178 1
15 11 1305 1
6 7 1175 2
30 31 1180 2
1 21 1182 1
1 5 1221 1
32 26 1349 1
1 5 1228 2
0 5 1414 2
3 19 1288 1
2 4 1317 1
0 28 1280 2
3 11 1370 1
8 9 1297 1
32 31 1351 1
2 4 1393 1
3 19 1332 2
6 7 1336 2
3 11 1453 1
1 21 1348 1
15 11 1473 1
3 19 1366 1
20 28 1425 2
3 19 1421 1
2 4 1420 1
0 16 1412 2
0 5 1568 1
8 9 1420 1
33 28 1429 2
8 11 1495 1
33 9 1481 1
8 9 1443 1
8 11 1524 1
2 4 1465 1
34 21 1453 1
34 21 1466 1
2 17 1486 1
34 21 1489 1
2 10 1552 2
25 24 1517 2
2 4 1589 1
0 21 1569 1
0 5 1649 1
3 19 1540 1
3 11 1650 1
0 16 1546 2
1 5 1574 1
3 10 1694 1
23 5 1676 1
0 21 1683 1
20 16 1601 2
2 4 1634 1
3 9 1611 2
0 5 1739 1
3 10 1726 1
8 9 1633 1
2 4 1668 1
3 19 1652 1
6 7 1654 2
3 19 1657 1
3 36 1736 1
3 10 1778 1
2 4 1695 1
23 24 1803 1
3 19 1685 1
1 5 1699 1
2 4 1800 1
3 19 1739 1
35 11 1756 1
3 11 1876 1
0 21 1790 1
1 21 1754 1
20 26 1862 1
33 28 1774 1
34 37 1787 1
0 5 1912 1
1 5 1814 1
1 21 1814 1
2 4 1943 1
1 21 1847 1
20 5 1948 1
1 24 1874 2
0 5 1996 1
15 9 1926 1
1 21 1914 1
8 9 2005 2
20 5 2038 1
38 31 1967 1
2 4 2091 1
33 21 1981 1
1 21 2010 1
0 5 2134 1
23 5 2064 1
3 9 2099 1
1 21 2067 1
8 9 2073 2
3 11 2175 1
8 9 2090 2
3 9 2103 1
0 5 2199 1
2 11 2161 1
15 11 2226 1
8 11 2194 1
8 9 2113 1
0 28 2154 1
1 5 2140 1
2 4 2164 1
0 21 2198 1
3 9 2211 1
2 17 2169 1
2 4 2210 1
15 11 2303 1
1 21 2190 1
1 21 2284 1
2 9 2269 1
3 19 2228 1
2 4 2244 1
3 19 2237 1
3 11 2342 1
2 4 2286 1
23 5 2329 1
0 28 2305 1
0 16 2279 2
23 24 2280 1
2 4 2354 1
33 5 2408 1
23 21 2338 1
23 24 2331 1
15 11 2423 1
0 21 2407 1
3 11 2504 1
0 16 2367 2
23 5 2713 1
2 4 2434 1
0 28 2404 1
34 21 2444 1
33 21 2460 1
8 9 2402 2
0 5 2531 1
1 21 2425 1
2 4 2527 1
15 19 2458 1
15 9 2518 1
34 5 2467 1
0 5 2615 1
1 5 2474 1
1 5 2476 1
1 5 2499 1
1 5 2507 1
3 11 2612 1
8 7 2548 1
15 11 2642 1
1 5 2535 1
2 17 2551 1
1 5 2544 1
6 11 2592 1
0 5 2630 1
0 16 2567 1
2 4 2585 1
0 16 2573 2
0 16 2576 1
0 5 2687 1
2 4 2742 1
1 21 2618 1
1 5 2638 1
3 9 2695 1
20 5 2815 2
25 26 2686 2
38 31 2728 2
3 11 2804 1
34 24 2733 2
33 28 2716 1
1 21 2752 1
3 31 2908 1
2 4 2799 1
34 21 2756 1
0 5 2909 1
3 31 2900 2
2 4 2805 1
8 9 2819 1
3 11 2956 1
2 4 2899 1
0 16 2885 2
3 11 2986 1
0 21 2970 1
0 26 2954 1
30 39 2950 1
20 -1 3000 1
2 4 2936 1
1 5 2915 1
3 -1 3000 1
0 16 2928 2
1 21 2958 1
6 7 2961 2
0 -1 3000 1
2 -1 3000 1
1 21 2994 1
0 -1 3000 2
