0 742.5 434 99.6 51.6
1 696.5 391 63.6 56.4
2 35 482 84 111.6
3 902.5 434 92.4 16.8
4 804 304 40.8 18
5 362.5 406 169.2 93.6
6 804 304 40.8 18
7 362.5 406 169.2 93.6
8 544 377 177.6 96
9 900.5 434 102 18
10 810.5 328 174 91.2
11 710 344 187.2 90
12 810.5 328 174 91.2
13 1023 283 151.2 80.4
14 1139.5 276 246 105.6
15 1234 247 141.6 110.4
16 1278.5 228 42 34.8
17 1271 450 60 62.4
18 1302.5 227 30 42
19 1283 486 36 81.6
20 1281.5 183 34.8 37.2
21 1261.5 180 75.6 27.6
22 1281.5 183 34.8 37.2
23 827 263 96 44.4
24 814.5 259 111.6 40.8
25 57 408 136.8 48
26 79.5 392 140.4 62.4
27 1248 214 108 34.8
28 48 464 115.2 93.6
29 157 463 376.8 170.4
30 650.5 337 106.8 68.4
31 733.5 276 106.8 49.2
32 898 302 324 112.8
33 1150 202 81.6 34.8
34 921 249 122.4 45.6
35 904 240 98.4 27.6
36 599.5 302 126 40.8
37 1235.5 190 133.2 40.8
38 988.5 231 92.4 37.2
39 1146.5 204 104.4 37.2
40 1005 229 93.6 40.8
41 724 280 108 40.8
42 487.5 325 114 48
43 628 297 105.6 43.2
44 395 339 108 45.6
45 540.5 315 118.8 48
46 434.5 332 123.6 46.8
47 330.5 354 138 45.6
48 227.5 365 121.2 40.8
49 910 451 132 84
50 584.5 280 37.2 19.2
51 1098 214 96 34.8
52 302.5 358 114 42
53 207.5 370 114 33.6
54 149 385 144 43.2
55 655 430 117.6 54
56 655 430 117.6 54
57 899.5 309 92.4 99.6
58 1058 218 79.2 39.6
59 665.5 290 99.6 40.8
60 259.5 411 126 56.4
61 953.5 455 169.2 75.6
62 821.5 444 147.6 55.2
63 140.5 449 248.4 98.4
64 459.5 377 56.4 25.2
65 553 358 55.2 22.8
66 600 342 50.4 14.4
67 521.5 380 99.6 45.6
68 1044.5 221 92.4 42
69 1119.5 266 51.6 28.8
70 334 327 112.8 67.2
71 818.5 474 133.2 66
72 749 460 141.6 50.4
73 609 361 110.4 43.2
74 1286.5 442 22.8 55.2
75 272.5 454 414 184.8
76 841.5 427 99.6 43.2
77 719.5 351 200.4 87.6
78 765 433 105.6 61.2
79 996.5 446 133.2 68.4
80 696 400 98.4 43.2
81 1266 441 72 48
82 1223 425 175.2 48
83 1261 473 84 105.6
84 722.5 475 66 38.4
85 776.5 477 70.8 45.6
86 830.5 477 66 45.6
87 450.5 391 70.8 67.2
88 866 401 40.8 16.8
89 866 401 40.8 16.8
90 498.5 472 123.6 57.6
91 601 460 40.8 27.6
92 228.5 330 99.6 45.6
93 228.5 330 99.6 45.6
94 547.5 282 61.2 16.8
95 1066 438 86.4 45.6
