7 273 4 1
7 64 2 1
7 45 2 2
7 129 3 1
7 153 3 1
7 103 4 1
7 156 4 1
7 186 2 1
7 206 1 1
7 190 1 1
7 231 1 1
7 272 3 1
7 264 1 1
7 239 4 1
7 284 1 1
7 297 2 1
7 303 4 1
7 332 4 1
7 358 1 1
7 338 2 1
7 352 4 2
7 366 4 1
7 369 4 1
7 394 2 1
7 383 1 1
7 456 4 1
7 522 1 1
7 520 2 1
7 548 2 1
7 562 1 1
7 591 2 1
7 613 1 1
7 625 4 1
7 660 2 2
7 755 4 1
7 673 2 1
7 664 1 1
7 699 2 1
7 713 1 1
7 695 1 1
7 714 2 1
7 736 1 1
7 888 4 1
7 750 1 1
7 751 1 1
7 735 2 1
7 768 2 1
7 778 1 1
7 790 2 1
7 818 1 1
7 819 2 2
7 849 2 1
7 812 1 1
7 832 1 2
7 837 1 1
7 818 2 1
7 824 2 1
7 862 2 1
7 889 3 1
7 1025 1 1
7 1010 2 1
7 1039 1 1
7 1035 2 1
7 1057 1 1
7 1071 2 1
7 1095 2 1
7 1129 2 1
7 1156 3 1
7 1169 2 1
7 1192 1 1
7 1160 2 1
7 1196 3 1
7 1215 3 1
7 1257 2 1
7 1265 4 2
7 1295 2 1
7 1470 4 1
7 1317 2 1
7 1322 2 1
7 1359 2 1
7 1355 2 1
7 1392 2 1
7 1433 2 1
7 1451 1 1
7 1436 1 1
7 1470 1 1
7 1488 2 1
7 1494 1 1
7 1486 1 1
7 1556 2 1
7 1550 4 2
7 1611 1 1
7 1626 2 2
7 1682 2 1
7 1674 1 1
7 1691 2 1
7 1679 1 1
7 1659 2 2
7 1663 2 1
7 1693 4 1
7 1691 1 1
7 1716 1 1
7 1731 2 1
7 1739 2 1
7 1729 3 1
7 1894 4 1
7 1755 2 1
7 1766 2 1
7 1814 3 1
7 1839 4 1
7 1856 2 1
7 1916 4 1
7 1997 2 1
7 2018 1 1
7 2020 2 1
7 2066 3 1
7 2135 4 1
7 2032 1 1
7 2103 3 1
7 2076 2 1
7 2092 4 1
7 2128 1 1
7 2143 1 1
7 2161 1 1
7 2189 4 1
7 2245 1 1
7 2232 2 1
7 2255 2 1
7 2336 2 1
7 2335 2 1
7 2351 2 1
7 2418 2 1
7 2403 2 1
7 2442 2 1
7 2431 2 1
7 2461 2 1
7 2472 2 1
7 2513 2 1
7 2633 3 1
7 2609 2 1
7 2669 3 1
7 2814 4 1
7 2806 2 1
7 2896 2 1
