0 16 274 1
1 12 125 1
2 12 37 2
3 9 22 1
4 6 18 1
5 7 18 2
8 11 29 2
2 16 65 1
10 12 31 2
13 14 44 2
10 12 42 2
10 12 41 1
15 16 59 2
15 16 58 1
2 19 131 1
2 12 89 1
3 9 68 1
17 12 275 1
2 19 155 1
13 18 105 1
10 16 157 1
2 18 188 1
20 22 153 1
21 24 168 1
20 22 154 1
20 25 204 1
23 25 188 1
3 9 169 1
20 25 229 1
2 19 274 1
2 12 228 1
4 6 222 1
10 12 222 1
10 12 226 1
10 12 226 1
20 25 262 1
13 18 241 1
4 6 241 1
20 25 282 1
4 6 250 1
26 25 264 1
10 12 269 1
4 6 273 1
2 14 296 1
10 16 304 1
4 6 285 1
10 12 285 1
10 12 287 1
15 27 299 1
20 22 300 1
2 12 321 1
2 28 314 2
29 32 337 2
20 24 334 1
13 18 334 1
30 11 329 2
10 12 331 2
17 9 360 1
2 6 355 2
31 25 356 1
13 14 337 1
29 32 357 1
13 16 353 2
33 35 357 1
13 18 368 1
34 24 361 1
13 18 371 1
2 18 396 1
36 25 381 1
0 16 457 1
4 6 375 1
4 6 386 1
10 12 380 1
10 12 382 1
4 6 389 1
4 6 420 1
10 12 418 1
21 37 457 1
33 39 459 1
33 40 462 1
38 32 467 1
17 49 491 2
31 41 469 1
31 43 471 1
36 45 473 1
42 46 475 1
44 47 477 1
5 48 479 1
29 25 481 1
20 25 520 1
26 25 483 1
2 18 522 1
4 6 506 1
0 11 584 1
4 6 510 1
2 18 550 1
33 25 560 1
10 12 538 1
4 6 532 1
50 43 542 1
21 37 547 1
33 39 549 1
51 40 552 1
15 16 549 1
38 35 554 1
34 24 557 1
23 41 559 1
31 41 561 1
2 18 593 1
36 43 563 1
36 45 565 1
42 46 567 1
44 47 569 1
52 48 571 1
4 6 577 1
53 54 573 1
10 12 574 1
26 25 575 1
21 25 611 1
10 12 578 1
10 16 626 1
4 6 582 1
4 6 589 1
17 49 631 1
44 47 602 2
53 54 608 2
29 25 610 1
55 56 619 1
2 14 659 2
21 41 643 1
30 11 640 2
0 16 756 1
2 18 675 1
42 25 662 1
57 32 647 1
10 12 660 1
4 6 660 1
10 12 662 1
4 6 685 1
15 18 669 2
51 58 667 1
38 35 670 1
2 18 701 1
34 35 672 1
23 24 674 1
10 12 677 1
31 41 677 1
21 25 711 1
59 43 679 1
36 45 681 1
42 46 683 1
17 9 707 1
44 47 686 1
52 48 688 1
29 60 690 1
10 12 689 1
23 24 687 1
53 25 693 1
29 18 716 1
4 6 694 1
20 22 697 1
21 25 734 1
4 6 716 1
61 49 699 2
10 12 715 1
2 32 725 1
62 16 889 1
20 25 748 1
20 25 749 1
57 16 736 1
10 12 732 1
4 6 742 1
2 16 769 1
10 12 736 1
20 37 744 1
33 25 776 1
4 6 747 1
10 12 747 1
10 12 755 1
10 12 760 1
2 18 792 1
29 60 765 1
4 6 763 1
51 45 785 1
4 6 768 1
15 16 768 1
4 6 776 1
2 63 779 2
21 37 779 1
10 12 781 1
33 46 800 1
4 6 791 1
20 37 786 1
5 6 802 2
36 45 788 1
15 45 803 1
42 46 787 1
8 65 799 1
5 7 799 1
4 6 804 1
8 64 799 1
53 54 798 1
33 39 796 2
8 66 801 1
51 32 807 1
30 11 797 1
26 25 800 1
30 11 803 1
42 46 802 1
10 12 800 1
30 12 804 1
8 67 801 2
44 47 804 1
42 25 816 1
57 14 818 2
8 11 808 1
52 47 806 1
68 58 805 1
53 48 808 1
10 12 806 1
4 6 809 1
2 18 851 1
53 25 810 1
10 46 820 2
59 25 830 2
26 25 812 1
36 70 819 2
29 60 816 1
2 28 814 1
31 25 835 1
57 32 814 1
2 71 864 1
4 6 824 1
69 14 817 1
13 14 817 1
44 46 819 1
10 12 821 1
15 16 821 1
44 47 824 1
53 54 826 1
13 14 823 1
44 54 828 2
15 16 826 1
4 6 829 1
10 12 827 1
2 32 851 1
15 16 834 2
26 25 836 1
10 12 839 1
4 6 836 1
4 6 856 1
10 12 857 1
57 18 864 1
4 6 863 1
20 22 865 1
21 39 870 1
61 19 891 1
51 48 894 1
50 43 884 1
4 6 905 1
4 6 918 1
21 37 918 1
10 12 916 1
33 48 946 1
20 48 955 1
10 12 930 1
4 6 942 1
50 43 936 1
21 37 941 1
10 12 944 1
15 25 987 2
4 6 944 1
20 41 963 1
26 25 950 1
4 6 955 1
21 37 954 1
23 24 955 1
23 24 956 1
26 25 960 1
33 39 960 2
51 40 970 2
34 35 968 1
23 48 996 2
21 25 1023 1
59 41 978 2
2 63 983 1
26 25 983 1
29 25 982 1
36 45 983 1
5 18 1012 1
20 25 1037 1
4 6 997 1
10 12 996 1
31 48 1010 1
50 43 996 1
20 47 1028 1
10 12 1002 1
26 54 1002 2
4 6 1005 1
2 63 1007 1
29 63 1006 1
5 7 1012 1
4 6 1027 1
26 25 1015 1
5 27 1035 1
10 12 1017 1
21 25 1055 1
26 25 1015 1
10 12 1026 1
4 6 1057 1
10 12 1038 1
2 63 1042 1
10 12 1044 1
29 63 1044 1
5 7 1047 1
10 12 1057 1
5 18 1073 1
4 6 1062 1
21 37 1064 1
4 6 1064 1
2 18 1097 1
51 40 1073 2
4 6 1080 1
10 12 1081 1
23 24 1081 1
59 41 1083 1
10 12 1083 1
31 43 1088 1
42 47 1094 2
2 63 1097 1
36 45 1088 1
4 6 1094 1
2 63 1104 1
29 72 1124 1
29 18 1131 1
4 6 1111 1
10 12 1116 1
4 6 1116 1
10 12 1122 1
4 6 1120 1
2 63 1129 1
61 74 1156 1
2 32 1158 2
29 72 1161 1
2 28 1139 1
29 63 1144 1
2 72 1188 1
29 60 1143 1
5 73 1152 1
8 18 1171 1
21 25 1190 1
13 14 1159 1
61 74 1196 1
15 16 1170 1
61 19 1217 1
2 63 1206 2
29 72 1237 2
2 28 1222 1
2 18 1259 1
10 12 1242 1
62 19 1267 2
20 22 1255 1
21 35 1265 1
2 63 1268 1
29 60 1270 1
23 41 1271 1
31 43 1274 1
5 18 1297 1
50 43 1272 1
36 45 1276 1
42 46 1278 1
17 18 1472 1
44 46 1280 1
4 6 1279 1
52 47 1282 1
2 63 1286 1
53 54 1285 1
26 54 1284 1
29 60 1288 1
5 18 1319 1
2 63 1295 1
29 60 1298 1
5 18 1324 1
10 12 1299 1
4 6 1302 1
10 12 1312 1
4 6 1309 1
2 60 1330 1
5 18 1361 1
5 27 1355 1
50 43 1336 1
10 12 1348 1
4 6 1348 1
2 60 1362 1
29 60 1361 1
5 18 1394 1
4 6 1377 1
10 12 1374 1
10 12 1379 1
21 24 1410 1
2 18 1435 1
20 25 1449 1
23 25 1434 1
10 12 1418 1
4 6 1418 1
50 43 1416 1
10 12 1437 1
4 6 1421 1
50 43 1431 1
21 35 1443 1
4 6 1436 1
17 71 1460 1
50 43 1438 1
4 6 1438 1
23 25 1468 1
10 12 1445 1
20 35 1460 1
50 43 1449 1
4 6 1450 1
2 63 1461 1
20 22 1459 1
29 60 1463 1
21 37 1464 1
20 22 1462 1
5 18 1490 1
33 25 1492 1
23 25 1484 1
62 78 1679 1
36 45 1473 1
15 16 1470 1
23 24 1471 1
10 12 1475 1
50 43 1476 1
17 9 1523 1
21 37 1490 1
33 39 1492 1
51 40 1495 1
68 40 1494 1
2 75 1513 2
23 24 1502 1
31 41 1504 1
59 43 1506 1
36 45 1508 1
42 46 1510 1
8 11 1521 2
26 54 1515 1
5 32 1533 2
10 12 1523 2
2 18 1558 1
62 71 1542 1
13 16 1551 2
10 12 1541 1
62 76 1558 1
21 22 1572 1
21 35 1584 1
23 47 1602 1
2 12 1622 2
53 25 1609 1
30 11 1610 2
62 76 1623 1
10 12 1613 2
77 11 1618 2
13 14 1625 2
2 71 1666 1
29 12 1645 2
21 37 1628 1
62 78 1657 1
15 37 1627 1
17 49 1672 2
33 39 1629 1
68 58 1631 1
21 39 1638 1
29 32 1654 2
38 40 1634 1
33 35 1646 1
23 24 1640 1
62 71 1639 2
23 41 1642 1
15 16 1641 2
20 32 1654 1
2 18 1684 1
42 47 1652 1
20 39 1656 1
44 47 1654 1
59 25 1672 1
52 54 1657 1
2 72 1697 1
2 18 1693 1
2 28 1655 1
55 56 1655 1
26 25 1656 2
29 63 1656 1
23 25 1677 1
61 79 1658 1
13 14 1658 2
50 43 1662 1
13 14 1662 1
62 19 1695 1
4 6 1663 1
1 80 1672 1
23 24 1668 1
31 25 1689 1
51 58 1671 1
68 40 1673 1
1 80 1675 1
31 41 1680 1
21 25 1714 1
59 43 1682 1
50 43 1680 1
61 71 1708 2
36 45 1684 1
42 46 1686 1
44 46 1688 1
3 9 1691 1
1 80 1692 1
44 47 1690 1
0 78 1689 1
52 48 1689 1
26 54 1692 1
21 39 1698 1
2 18 1733 1
33 58 1701 1
0 78 1700 2
68 35 1704 1
50 43 1705 1
29 60 1704 1
2 72 1747 1
2 18 1741 1
1 80 1815 1
23 41 1709 1
61 19 1731 1
62 71 1714 2
31 41 1711 1
17 16 1895 1
59 43 1713 1
0 71 1723 2
36 45 1715 1
4 6 1713 1
42 46 1717 1
50 43 1715 1
44 47 1719 1
52 47 1718 1
2 28 1719 1
53 54 1723 1
4 6 1720 1
2 18 1757 1
26 25 1723 1
55 56 1731 2
62 71 1745 2
2 18 1768 1
0 12 1807 1
10 12 1743 1
4 6 1748 1
62 78 1756 2
10 12 1752 1
61 83 1814 1
62 12 1828 1
4 6 1770 1
10 12 1774 1
61 49 1775 2
10 12 1776 1
10 12 1786 1
0 56 1797 2
4 6 1807 1
10 12 1802 1
17 81 1802 1
10 18 1841 1
82 76 1842 1
17 74 1816 1
10 12 1816 1
4 6 1823 1
10 12 1830 1
17 80 2018 1
57 16 1857 1
62 32 1895 1
10 12 1878 1
3 9 1890 1
13 16 1917 1
3 9 1902 1
17 32 2169 1
3 9 1935 1
29 18 1999 1
20 25 2016 1
4 6 1991 1
29 12 2011 1
21 39 2000 1
51 35 2008 1
4 6 2010 1
50 43 2011 1
4 6 2013 1
23 43 2017 1
13 14 2019 1
29 83 2066 1
1 16 2136 1
4 6 2024 1
0 56 2021 1
44 25 2030 1
1 11 2028 1
21 48 2057 1
4 6 2051 1
29 83 2103 1
29 32 2066 1
52 48 2058 1
8 66 2056 1
4 6 2059 1
57 32 2066 1
29 75 2067 1
10 12 2064 1
29 32 2082 1
13 14 2075 1
84 72 2074 1
15 27 2074 1
85 72 2077 1
10 12 2080 1
86 71 2083 1
13 18 2094 1
20 25 2126 1
10 12 2093 1
21 25 2141 1
3 9 2134 1
20 22 2106 1
10 12 2110 1
4 6 2107 1
15 58 2115 1
20 35 2124 1
17 56 2183 1
23 24 2120 1
20 35 2134 1
23 24 2121 1
23 24 2122 1
4 6 2129 1
31 41 2124 1
31 41 2125 1
10 12 2129 1
59 43 2126 1
59 43 2127 1
59 54 2141 2
36 43 2128 1
31 54 2148 1
42 46 2132 1
44 46 2133 1
31 25 2159 1
21 35 2150 1
4 6 2142 1
20 22 2147 1
15 58 2155 1
3 9 2183 1
31 48 2173 1
4 6 2158 1
10 12 2158 1
50 43 2161 1
10 12 2166 1
59 43 2171 1
51 40 2173 1
50 43 2168 1
4 6 2168 1
36 45 2174 1
4 6 2173 1
42 47 2178 1
13 16 2190 1
55 32 2241 1
10 12 2186 1
31 48 2195 1
50 43 2182 1
4 6 2182 1
4 6 2198 1
3 9 2196 1
10 12 2200 1
1 80 2199 2
4 6 2202 1
3 9 2207 1
10 12 2208 1
10 6 2229 1
3 9 2233 1
29 63 2214 1
21 37 2213 1
29 12 2225 1
51 40 2221 1
50 43 2230 1
4 6 2225 1
31 25 2243 1
13 14 2231 1
50 43 2238 1
10 12 2237 1
3 9 2262 1
10 12 2252 1
13 32 2249 1
13 14 2254 1
3 9 2269 1
3 9 2281 1
4 6 2284 1
3 9 2292 1
10 12 2294 1
10 12 2302 1
3 9 2300 1
2 6 2326 1
2 32 2344 1
3 9 2328 1
2 12 2354 2
13 14 2335 1
13 14 2334 1
3 9 2335 1
50 43 2337 1
10 12 2339 1
15 16 2343 1
87 75 2340 1
13 14 2350 1
15 27 2354 1
29 60 2365 1
87 32 2381 1
29 63 2374 1
2 12 2393 2
50 43 2385 1
29 32 2391 1
3 9 2392 1
2 14 2417 1
50 43 2392 1
77 12 2394 1
3 9 2407 1
13 14 2402 1
2 63 2407 1
29 60 2407 1
3 9 2474 1
5 32 2425 1
2 28 2412 1
29 63 2417 1
5 14 2441 1
4 6 2429 1
29 32 2453 1
13 14 2430 1
2 32 2465 1
2 63 2445 1
4 6 2448 1
29 60 2446 1
2 12 2475 1
87 67 2455 1
8 12 2462 1
10 12 2461 1
13 14 2460 1
4 6 2460 1
50 43 2458 1
88 89 2460 1
50 43 2468 1
4 12 2473 1
4 6 2473 1
13 14 2471 1
15 16 2477 1
34 14 2484 1
29 60 2494 2
5 7 2497 1
5 7 2496 1
8 32 2507 1
10 12 2505 1
4 6 2505 1
3 9 2505 1
4 6 2509 1
34 32 2513 1
13 14 2512 1
30 11 2521 1
8 12 2530 1
17 14 2661 1
30 32 2522 1
10 12 2515 1
4 6 2515 1
3 9 2520 1
15 16 2519 1
8 65 2521 1
3 9 2527 1
88 89 2522 1
17 32 2792 1
0 56 2546 1
3 9 2558 1
29 12 2575 1
2 19 2635 1
68 58 2560 1
68 58 2561 1
34 35 2564 1
31 41 2573 1
4 12 2576 1
50 43 2579 1
59 43 2576 2
42 46 2578 1
23 45 2589 1
2 14 2608 1
21 37 2582 1
55 56 2587 1
3 9 2584 1
53 54 2589 1
17 12 2880 1
68 58 2587 1
36 46 2592 1
3 9 2594 1
38 40 2590 1
4 6 2591 1
23 70 2607 1
3 9 2607 1
2 19 2671 1
10 12 2600 1
21 37 2601 1
4 6 2602 1
53 54 2613 1
29 63 2614 1
4 6 2612 1
26 25 2613 1
29 7 2618 1
10 12 2616 1
31 70 2627 1
68 58 2620 1
10 12 2626 1
8 32 2633 1
23 70 2639 1
10 12 2627 1
61 49 2635 2
53 54 2633 1
10 12 2631 1
50 43 2631 1
4 6 2634 1
13 32 2638 1
62 89 2651 2
55 56 2644 1
52 48 2641 1
50 43 2645 1
53 54 2646 1
85 71 2645 2
68 58 2648 1
38 40 2651 1
29 60 2659 1
23 41 2660 1
59 43 2663 1
36 45 2665 1
42 12 2673 2
42 46 2667 1
44 46 2666 1
50 43 2674 1
15 16 2671 1
53 54 2675 1
68 58 2673 1
31 41 2681 1
42 46 2690 1
31 41 2701 1
4 6 2702 1
42 46 2710 1
29 32 2733 1
53 54 2715 1
55 56 2722 1
29 90 2758 1
29 7 2755 1
55 56 2757 1
8 32 2771 1
91 19 2816 1
4 6 2765 1
3 9 2772 1
4 6 2774 1
10 12 2774 1
17 76 2813 2
3 9 2782 1
88 89 2782 1
10 12 2782 1
3 9 2784 1
57 32 2794 1
61 79 2798 2
61 49 2817 1
31 41 2808 1
13 14 2805 1
31 43 2811 1
62 80 2981 1
53 54 2821 1
29 7 2839 1
30 12 2850 1
31 41 2846 1
92 93 2846 1
10 12 2846 1
59 43 2848 1
88 89 2858 1
31 45 2866 2
4 6 2870 1
53 54 2879 1
31 41 2881 1
59 43 2881 1
10 12 2883 1
57 32 2883 1
31 24 2883 1
17 80 2985 2
31 94 2897 1
30 11 2894 1
13 14 2895 1
26 54 2901 1
52 93 2907 1
26 54 2909 1
2 60 2930 1
38 40 2927 1
5 60 2930 1
23 43 2938 1
23 24 2932 1
29 63 2935 1
8 11 2941 1
62 78 2942 1
77 11 2941 1
2 7 2953 2
52 47 2946 1
77 11 2947 1
26 54 2950 1
55 56 2950 2
30 12 2965 2
13 32 2971 2
17 95 2993 1
0 -1 3000 1
77 12 2992 1
